MOEX:RUAL,2023-09-25T10:00:00+03:00,40.705,40.740,40.285,40.470,68058
MOEX:RUAL,2023-09-25T10:01:00+03:00,40.465,40.480,40.455,40.480,8232
MOEX:RUAL,2023-09-25T10:02:00+03:00,40.475,40.475,40.400,40.410,3759
MOEX:RUAL,2023-09-25T10:03:00+03:00,40.410,40.410,40.350,40.350,5995
MOEX:RUAL,2023-09-25T10:04:00+03:00,40.350,40.355,40.210,40.260,24369
MOEX:RUAL,2023-09-25T10:05:00+03:00,40.255,40.400,40.200,40.400,21865
MOEX:RUAL,2023-09-25T10:06:00+03:00,40.350,40.365,40.300,40.315,8119
MOEX:RUAL,2023-09-25T10:07:00+03:00,40.315,40.335,40.275,40.285,4965
MOEX:RUAL,2023-09-25T10:08:00+03:00,40.285,40.360,40.280,40.315,5693
MOEX:RUAL,2023-09-25T10:09:00+03:00,40.335,40.390,40.315,40.390,2286
MOEX:RUAL,2023-09-25T10:10:00+03:00,40.390,40.410,40.365,40.385,5332
MOEX:RUAL,2023-09-25T10:11:00+03:00,40.365,40.375,40.305,40.345,3387
MOEX:RUAL,2023-09-25T10:12:00+03:00,40.375,40.375,40.315,40.340,1230
MOEX:RUAL,2023-09-25T10:13:00+03:00,40.345,40.345,40.300,40.300,881
MOEX:RUAL,2023-09-25T10:14:00+03:00,40.310,40.315,40.230,40.230,3595
MOEX:RUAL,2023-09-25T10:15:00+03:00,40.260,40.285,40.200,40.285,6874
MOEX:RUAL,2023-09-25T10:16:00+03:00,40.245,40.275,40.205,40.220,4583
MOEX:RUAL,2023-09-25T10:17:00+03:00,40.240,40.270,40.210,40.270,2642
MOEX:RUAL,2023-09-25T10:18:00+03:00,40.270,40.270,40.250,40.255,1378
MOEX:RUAL,2023-09-25T10:19:00+03:00,40.255,40.255,40.235,40.245,1902
MOEX:RUAL,2023-09-25T10:20:00+03:00,40.245,40.245,40.155,40.155,14074
MOEX:RUAL,2023-09-25T10:21:00+03:00,40.160,40.250,40.150,40.230,6457
MOEX:RUAL,2023-09-25T10:22:00+03:00,40.215,40.250,40.150,40.155,33752
MOEX:RUAL,2023-09-25T10:23:00+03:00,40.155,40.275,40.155,40.265,16428
MOEX:RUAL,2023-09-25T10:24:00+03:00,40.275,40.325,40.275,40.325,5025
MOEX:RUAL,2023-09-25T10:25:00+03:00,40.320,40.350,40.320,40.350,7543
MOEX:RUAL,2023-09-25T10:26:00+03:00,40.350,40.385,40.350,40.385,7194
MOEX:RUAL,2023-09-25T10:27:00+03:00,40.385,40.395,40.365,40.365,2002
MOEX:RUAL,2023-09-25T10:28:00+03:00,40.365,40.380,40.345,40.360,533
MOEX:RUAL,2023-09-25T10:29:00+03:00,40.360,40.385,40.355,40.370,3860
MOEX:RUAL,2023-09-25T10:30:00+03:00,40.375,40.380,40.310,40.320,5438
MOEX:RUAL,2023-09-25T10:31:00+03:00,40.305,40.330,40.290,40.290,4163
MOEX:RUAL,2023-09-25T10:32:00+03:00,40.295,40.335,40.265,40.330,1524
MOEX:RUAL,2023-09-25T10:33:00+03:00,40.335,40.370,40.335,40.365,701
MOEX:RUAL,2023-09-25T10:34:00+03:00,40.345,40.365,40.320,40.335,1254
MOEX:RUAL,2023-09-25T10:35:00+03:00,40.330,40.340,40.320,40.330,185
MOEX:RUAL,2023-09-25T10:36:00+03:00,40.325,40.370,40.305,40.340,5067
MOEX:RUAL,2023-09-25T10:37:00+03:00,40.345,40.345,40.300,40.315,6222
MOEX:RUAL,2023-09-25T10:38:00+03:00,40.315,40.315,40.275,40.280,6221
MOEX:RUAL,2023-09-25T10:39:00+03:00,40.275,40.280,40.200,40.210,6839
MOEX:RUAL,2023-09-25T10:40:00+03:00,40.230,40.235,40.210,40.215,2608
MOEX:RUAL,2023-09-25T10:41:00+03:00,40.230,40.295,40.230,40.265,771
MOEX:RUAL,2023-09-25T10:42:00+03:00,40.265,40.265,40.240,40.240,1990
MOEX:RUAL,2023-09-25T10:43:00+03:00,40.255,40.255,40.185,40.200,9314
MOEX:RUAL,2023-09-25T10:44:00+03:00,40.200,40.200,40.150,40.185,15322
MOEX:RUAL,2023-09-25T10:45:00+03:00,40.195,40.200,40.145,40.145,13043
MOEX:RUAL,2023-09-25T10:46:00+03:00,40.160,40.180,40.125,40.180,4274
MOEX:RUAL,2023-09-25T10:47:00+03:00,40.180,40.180,40.150,40.175,3777
MOEX:RUAL,2023-09-25T10:48:00+03:00,40.170,40.180,40.155,40.160,3103
MOEX:RUAL,2023-09-25T10:49:00+03:00,40.160,40.160,40.125,40.150,6438
MOEX:RUAL,2023-09-25T10:50:00+03:00,40.160,40.160,40.145,40.160,1567
MOEX:RUAL,2023-09-25T10:51:00+03:00,40.160,40.160,40.145,40.160,1747
MOEX:RUAL,2023-09-25T10:52:00+03:00,40.160,40.200,40.155,40.195,25243
MOEX:RUAL,2023-09-25T10:53:00+03:00,40.190,40.195,40.145,40.145,6858
MOEX:RUAL,2023-09-25T10:54:00+03:00,40.155,40.155,40.130,40.130,1983
MOEX:RUAL,2023-09-25T10:55:00+03:00,40.140,40.190,40.140,40.190,1782
MOEX:RUAL,2023-09-25T10:56:00+03:00,40.190,40.200,40.175,40.185,709
MOEX:RUAL,2023-09-25T10:57:00+03:00,40.185,40.185,40.160,40.170,650
MOEX:RUAL,2023-09-25T10:58:00+03:00,40.165,40.170,40.135,40.140,1366
MOEX:RUAL,2023-09-25T10:59:00+03:00,40.140,40.140,40.120,40.130,2100
MOEX:RUAL,2023-09-25T11:00:00+03:00,40.130,40.130,40.110,40.120,8329
MOEX:RUAL,2023-09-25T11:01:00+03:00,40.120,40.120,40.060,40.075,36349
MOEX:RUAL,2023-09-25T11:02:00+03:00,40.090,40.105,40.080,40.095,8627
MOEX:RUAL,2023-09-25T11:03:00+03:00,40.105,40.120,40.050,40.110,13524
MOEX:RUAL,2023-09-25T11:04:00+03:00,40.115,40.115,40.095,40.100,2071
MOEX:RUAL,2023-09-25T11:05:00+03:00,40.110,40.110,40.050,40.100,7279
MOEX:RUAL,2023-09-25T11:06:00+03:00,40.100,40.115,40.100,40.115,1525
MOEX:RUAL,2023-09-25T11:07:00+03:00,40.115,40.115,40.090,40.115,798
MOEX:RUAL,2023-09-25T11:08:00+03:00,40.100,40.115,40.100,40.110,958
MOEX:RUAL,2023-09-25T11:09:00+03:00,40.105,40.115,40.075,40.080,5092
MOEX:RUAL,2023-09-25T11:10:00+03:00,40.110,40.170,40.110,40.165,3700
MOEX:RUAL,2023-09-25T11:11:00+03:00,40.165,40.245,40.160,40.215,15471
MOEX:RUAL,2023-09-25T11:12:00+03:00,40.205,40.215,40.170,40.180,1170
MOEX:RUAL,2023-09-25T11:13:00+03:00,40.185,40.200,40.185,40.200,159
MOEX:RUAL,2023-09-25T11:14:00+03:00,40.200,40.200,40.185,40.185,413
MOEX:RUAL,2023-09-25T11:15:00+03:00,40.185,40.185,40.170,40.175,1652
MOEX:RUAL,2023-09-25T11:16:00+03:00,40.175,40.180,40.155,40.170,533
MOEX:RUAL,2023-09-25T11:17:00+03:00,40.155,40.160,40.130,40.140,1275
MOEX:RUAL,2023-09-25T11:18:00+03:00,40.135,40.135,40.125,40.135,178
MOEX:RUAL,2023-09-25T11:19:00+03:00,40.135,40.135,40.125,40.135,1385
MOEX:RUAL,2023-09-25T11:20:00+03:00,40.135,40.210,40.135,40.200,4409
MOEX:RUAL,2023-09-25T11:21:00+03:00,40.205,40.220,40.165,40.220,5631
MOEX:RUAL,2023-09-25T11:22:00+03:00,40.225,40.250,40.210,40.245,2930
MOEX:RUAL,2023-09-25T11:23:00+03:00,40.240,40.270,40.220,40.220,7803
MOEX:RUAL,2023-09-25T11:24:00+03:00,40.245,40.265,40.230,40.265,2947
MOEX:RUAL,2023-09-25T11:25:00+03:00,40.260,40.265,40.235,40.255,821
MOEX:RUAL,2023-09-25T11:26:00+03:00,40.245,40.255,40.230,40.230,958
MOEX:RUAL,2023-09-25T11:27:00+03:00,40.240,40.240,40.215,40.225,265
MOEX:RUAL,2023-09-25T11:28:00+03:00,40.220,40.245,40.200,40.210,4012
MOEX:RUAL,2023-09-25T11:29:00+03:00,40.210,40.230,40.200,40.210,2622
MOEX:RUAL,2023-09-25T11:30:00+03:00,40.210,40.245,40.200,40.215,4566
MOEX:RUAL,2023-09-25T11:31:00+03:00,40.205,40.205,40.195,40.200,1298
MOEX:RUAL,2023-09-25T11:32:00+03:00,40.200,40.205,40.165,40.200,689
MOEX:RUAL,2023-09-25T11:33:00+03:00,40.200,40.205,40.190,40.200,159
MOEX:RUAL,2023-09-25T11:34:00+03:00,40.200,40.210,40.190,40.210,2470
MOEX:RUAL,2023-09-25T11:35:00+03:00,40.205,40.215,40.150,40.150,1406
MOEX:RUAL,2023-09-25T11:36:00+03:00,40.150,40.185,40.145,40.170,248
MOEX:RUAL,2023-09-25T11:37:00+03:00,40.175,40.210,40.160,40.210,558
MOEX:RUAL,2023-09-25T11:38:00+03:00,40.210,40.210,40.140,40.140,26017
MOEX:RUAL,2023-09-25T11:39:00+03:00,40.160,40.165,40.150,40.165,312
MOEX:RUAL,2023-09-25T11:40:00+03:00,40.165,40.165,40.150,40.165,397
MOEX:RUAL,2023-09-25T11:41:00+03:00,40.165,40.185,40.150,40.175,1113
MOEX:RUAL,2023-09-25T11:42:00+03:00,40.195,40.195,40.170,40.190,47
MOEX:RUAL,2023-09-25T11:43:00+03:00,40.190,40.195,40.185,40.190,291
MOEX:RUAL,2023-09-25T11:44:00+03:00,40.190,40.205,40.180,40.185,684
MOEX:RUAL,2023-09-25T11:45:00+03:00,40.185,40.185,40.180,40.185,138
MOEX:RUAL,2023-09-25T11:46:00+03:00,40.185,40.185,40.155,40.180,973
MOEX:RUAL,2023-09-25T11:47:00+03:00,40.170,40.175,40.165,40.175,147
MOEX:RUAL,2023-09-25T11:48:00+03:00,40.170,40.170,40.165,40.170,347
MOEX:RUAL,2023-09-25T11:49:00+03:00,40.165,40.165,40.150,40.165,869
MOEX:RUAL,2023-09-25T11:50:00+03:00,40.155,40.170,40.140,40.150,4449
MOEX:RUAL,2023-09-25T11:51:00+03:00,40.150,40.165,40.145,40.165,1912
MOEX:RUAL,2023-09-25T11:52:00+03:00,40.165,40.180,40.165,40.180,537
MOEX:RUAL,2023-09-25T11:53:00+03:00,40.180,40.190,40.180,40.190,4112
MOEX:RUAL,2023-09-25T11:54:00+03:00,40.190,40.190,40.180,40.185,228
MOEX:RUAL,2023-09-25T11:55:00+03:00,40.185,40.190,40.180,40.190,803
MOEX:RUAL,2023-09-25T11:56:00+03:00,40.190,40.190,40.185,40.185,534
MOEX:RUAL,2023-09-25T11:57:00+03:00,40.190,40.190,40.135,40.170,2238
MOEX:RUAL,2023-09-25T11:58:00+03:00,40.180,40.185,40.165,40.170,636
MOEX:RUAL,2023-09-25T11:59:00+03:00,40.165,40.190,40.165,40.185,4556
MOEX:RUAL,2023-09-25T12:00:00+03:00,40.170,40.170,40.145,40.160,593
MOEX:RUAL,2023-09-25T12:01:00+03:00,40.160,40.170,40.160,40.170,136
MOEX:RUAL,2023-09-25T12:02:00+03:00,40.170,40.170,40.110,40.110,7682
MOEX:RUAL,2023-09-25T12:03:00+03:00,40.115,40.130,40.110,40.120,418
MOEX:RUAL,2023-09-25T12:04:00+03:00,40.130,40.130,40.120,40.120,383
MOEX:RUAL,2023-09-25T12:05:00+03:00,40.130,40.130,40.115,40.125,324
MOEX:RUAL,2023-09-25T12:06:00+03:00,40.125,40.130,40.115,40.120,272
MOEX:RUAL,2023-09-25T12:07:00+03:00,40.120,40.125,40.110,40.110,1359
MOEX:RUAL,2023-09-25T12:08:00+03:00,40.125,40.125,40.115,40.115,305
MOEX:RUAL,2023-09-25T12:09:00+03:00,40.120,40.130,40.115,40.130,407
MOEX:RUAL,2023-09-25T12:10:00+03:00,40.130,40.130,40.125,40.130,2072
MOEX:RUAL,2023-09-25T12:11:00+03:00,40.130,40.130,40.130,40.130,278
MOEX:RUAL,2023-09-25T12:12:00+03:00,40.130,40.130,40.130,40.130,84
MOEX:RUAL,2023-09-25T12:13:00+03:00,40.130,40.130,40.115,40.130,2181
MOEX:RUAL,2023-09-25T12:14:00+03:00,40.130,40.130,40.120,40.130,151
MOEX:RUAL,2023-09-25T12:15:00+03:00,40.130,40.130,40.130,40.130,1479
MOEX:RUAL,2023-09-25T12:16:00+03:00,40.130,40.130,40.125,40.130,754
MOEX:RUAL,2023-09-25T12:17:00+03:00,40.130,40.130,40.115,40.130,1184
MOEX:RUAL,2023-09-25T12:18:00+03:00,40.130,40.135,40.110,40.120,5990
MOEX:RUAL,2023-09-25T12:19:00+03:00,40.120,40.135,40.120,40.130,1024
MOEX:RUAL,2023-09-25T12:20:00+03:00,40.135,40.135,40.130,40.135,1957
MOEX:RUAL,2023-09-25T12:21:00+03:00,40.135,40.185,40.130,40.185,1578
MOEX:RUAL,2023-09-25T12:22:00+03:00,40.190,40.190,40.140,40.155,575
MOEX:RUAL,2023-09-25T12:23:00+03:00,40.155,40.155,40.130,40.155,5917
MOEX:RUAL,2023-09-25T12:24:00+03:00,40.155,40.190,40.155,40.190,406
MOEX:RUAL,2023-09-25T12:25:00+03:00,40.190,40.225,40.180,40.200,3381
MOEX:RUAL,2023-09-25T12:26:00+03:00,40.185,40.215,40.185,40.215,548
MOEX:RUAL,2023-09-25T12:27:00+03:00,40.215,40.270,40.215,40.270,6442
MOEX:RUAL,2023-09-25T12:28:00+03:00,40.260,40.270,40.230,40.270,2018
MOEX:RUAL,2023-09-25T12:29:00+03:00,40.265,40.270,40.260,40.265,2877
MOEX:RUAL,2023-09-25T12:30:00+03:00,40.265,40.315,40.260,40.310,7760
MOEX:RUAL,2023-09-25T12:31:00+03:00,40.320,40.330,40.300,40.310,3066
MOEX:RUAL,2023-09-25T12:32:00+03:00,40.300,40.310,40.280,40.300,1921
MOEX:RUAL,2023-09-25T12:33:00+03:00,40.295,40.295,40.245,40.275,2405
MOEX:RUAL,2023-09-25T12:34:00+03:00,40.280,40.280,40.270,40.280,1711
MOEX:RUAL,2023-09-25T12:35:00+03:00,40.280,40.280,40.245,40.250,882
MOEX:RUAL,2023-09-25T12:36:00+03:00,40.245,40.280,40.220,40.225,700
MOEX:RUAL,2023-09-25T12:37:00+03:00,40.220,40.235,40.190,40.210,3320
MOEX:RUAL,2023-09-25T12:38:00+03:00,40.210,40.215,40.200,40.215,265
MOEX:RUAL,2023-09-25T12:39:00+03:00,40.205,40.215,40.205,40.205,200
MOEX:RUAL,2023-09-25T12:40:00+03:00,40.210,40.215,40.200,40.210,2992
MOEX:RUAL,2023-09-25T12:41:00+03:00,40.210,40.215,40.200,40.200,262
MOEX:RUAL,2023-09-25T12:42:00+03:00,40.210,40.215,40.170,40.175,1878
MOEX:RUAL,2023-09-25T12:43:00+03:00,40.175,40.180,40.155,40.160,1843
MOEX:RUAL,2023-09-25T12:44:00+03:00,40.160,40.160,40.095,40.110,8723
MOEX:RUAL,2023-09-25T12:45:00+03:00,40.125,40.165,40.085,40.115,4867
MOEX:RUAL,2023-09-25T12:46:00+03:00,40.110,40.170,40.090,40.150,1727
MOEX:RUAL,2023-09-25T12:47:00+03:00,40.145,40.165,40.125,40.125,3355
MOEX:RUAL,2023-09-25T12:48:00+03:00,40.120,40.215,40.120,40.205,6940
MOEX:RUAL,2023-09-25T12:49:00+03:00,40.205,40.215,40.185,40.215,151
MOEX:RUAL,2023-09-25T12:50:00+03:00,40.215,40.215,40.185,40.185,426
MOEX:RUAL,2023-09-25T12:51:00+03:00,40.175,40.205,40.175,40.205,575
MOEX:RUAL,2023-09-25T12:52:00+03:00,40.200,40.200,40.160,40.165,236
MOEX:RUAL,2023-09-25T12:53:00+03:00,40.165,40.165,40.120,40.130,433
MOEX:RUAL,2023-09-25T12:54:00+03:00,40.120,40.125,40.110,40.110,1467
MOEX:RUAL,2023-09-25T12:55:00+03:00,40.115,40.115,40.110,40.110,1022
MOEX:RUAL,2023-09-25T12:56:00+03:00,40.115,40.125,40.095,40.105,2607
MOEX:RUAL,2023-09-25T12:57:00+03:00,40.105,40.155,40.100,40.155,1089
MOEX:RUAL,2023-09-25T12:58:00+03:00,40.155,40.185,40.130,40.180,859
MOEX:RUAL,2023-09-25T12:59:00+03:00,40.150,40.190,40.130,40.165,852
MOEX:RUAL,2023-09-25T13:00:00+03:00,40.145,40.150,40.130,40.150,49
MOEX:RUAL,2023-09-25T13:01:00+03:00,40.135,40.135,40.120,40.130,342
MOEX:RUAL,2023-09-25T13:02:00+03:00,40.130,40.130,40.120,40.130,162
MOEX:RUAL,2023-09-25T13:03:00+03:00,40.120,40.130,40.120,40.120,243
MOEX:RUAL,2023-09-25T13:04:00+03:00,40.130,40.130,40.115,40.125,276
MOEX:RUAL,2023-09-25T13:05:00+03:00,40.130,40.150,40.120,40.150,1148
MOEX:RUAL,2023-09-25T13:06:00+03:00,40.140,40.150,40.095,40.095,5221
MOEX:RUAL,2023-09-25T13:07:00+03:00,40.100,40.100,40.065,40.075,7242
MOEX:RUAL,2023-09-25T13:08:00+03:00,40.070,40.085,40.060,40.070,7158
MOEX:RUAL,2023-09-25T13:09:00+03:00,40.075,40.110,40.075,40.095,1575
MOEX:RUAL,2023-09-25T13:10:00+03:00,40.095,40.110,40.060,40.085,2047
MOEX:RUAL,2023-09-25T13:11:00+03:00,40.105,40.120,40.085,40.115,1403
MOEX:RUAL,2023-09-25T13:12:00+03:00,40.115,40.120,40.085,40.105,705
MOEX:RUAL,2023-09-25T13:13:00+03:00,40.100,40.100,40.075,40.075,522
MOEX:RUAL,2023-09-25T13:14:00+03:00,40.080,40.090,40.050,40.060,10016
MOEX:RUAL,2023-09-25T13:15:00+03:00,40.060,40.060,40.050,40.050,2290
MOEX:RUAL,2023-09-25T13:16:00+03:00,40.045,40.090,40.045,40.085,2543
MOEX:RUAL,2023-09-25T13:17:00+03:00,40.085,40.090,40.055,40.070,642
MOEX:RUAL,2023-09-25T13:18:00+03:00,40.080,40.120,40.080,40.115,1221
MOEX:RUAL,2023-09-25T13:19:00+03:00,40.120,40.195,40.120,40.135,5052
MOEX:RUAL,2023-09-25T13:20:00+03:00,40.135,40.135,40.060,40.060,1158
MOEX:RUAL,2023-09-25T13:21:00+03:00,40.060,40.085,40.055,40.085,511
MOEX:RUAL,2023-09-25T13:22:00+03:00,40.085,40.090,40.055,40.080,617
MOEX:RUAL,2023-09-25T13:23:00+03:00,40.060,40.090,40.050,40.060,1546
MOEX:RUAL,2023-09-25T13:24:00+03:00,40.065,40.090,40.060,40.065,1096
MOEX:RUAL,2023-09-25T13:25:00+03:00,40.060,40.065,40.030,40.040,22419
MOEX:RUAL,2023-09-25T13:26:00+03:00,40.040,40.060,40.020,40.035,10522
MOEX:RUAL,2023-09-25T13:27:00+03:00,40.050,40.060,40.030,40.035,5365
MOEX:RUAL,2023-09-25T13:28:00+03:00,40.035,40.100,40.030,40.100,5450
MOEX:RUAL,2023-09-25T13:29:00+03:00,40.100,40.110,40.085,40.110,197
MOEX:RUAL,2023-09-25T13:30:00+03:00,40.090,40.105,40.050,40.100,2120
MOEX:RUAL,2023-09-25T13:31:00+03:00,40.100,40.110,40.095,40.095,299
MOEX:RUAL,2023-09-25T13:32:00+03:00,40.095,40.095,40.085,40.095,56
MOEX:RUAL,2023-09-25T13:33:00+03:00,40.095,40.105,40.080,40.100,3422
MOEX:RUAL,2023-09-25T13:34:00+03:00,40.105,40.105,40.095,40.100,1607
MOEX:RUAL,2023-09-25T13:35:00+03:00,40.100,40.105,40.075,40.080,1079
MOEX:RUAL,2023-09-25T13:36:00+03:00,40.085,40.095,40.080,40.095,206
MOEX:RUAL,2023-09-25T13:37:00+03:00,40.095,40.095,40.095,40.095,72
MOEX:RUAL,2023-09-25T13:38:00+03:00,40.095,40.110,40.065,40.110,1460
MOEX:RUAL,2023-09-25T13:39:00+03:00,40.100,40.160,40.100,40.160,624
MOEX:RUAL,2023-09-25T13:40:00+03:00,40.150,40.180,40.145,40.175,999
MOEX:RUAL,2023-09-25T13:41:00+03:00,40.180,40.185,40.160,40.165,145
MOEX:RUAL,2023-09-25T13:42:00+03:00,40.160,40.175,40.150,40.170,112
MOEX:RUAL,2023-09-25T13:43:00+03:00,40.165,40.170,40.140,40.140,577
MOEX:RUAL,2023-09-25T13:44:00+03:00,40.155,40.155,40.140,40.155,45
MOEX:RUAL,2023-09-25T13:45:00+03:00,40.155,40.180,40.140,40.180,2016
MOEX:RUAL,2023-09-25T13:46:00+03:00,40.190,40.190,40.170,40.175,359
MOEX:RUAL,2023-09-25T13:47:00+03:00,40.175,40.185,40.105,40.185,8913
MOEX:RUAL,2023-09-25T13:48:00+03:00,40.170,40.185,40.155,40.180,245
MOEX:RUAL,2023-09-25T13:49:00+03:00,40.175,40.200,40.140,40.180,3619
MOEX:RUAL,2023-09-25T13:50:00+03:00,40.195,40.200,40.195,40.195,473
MOEX:RUAL,2023-09-25T13:51:00+03:00,40.195,40.195,40.175,40.190,1556
MOEX:RUAL,2023-09-25T13:52:00+03:00,40.185,40.185,40.160,40.160,26
MOEX:RUAL,2023-09-25T13:53:00+03:00,40.170,40.210,40.160,40.200,2970
MOEX:RUAL,2023-09-25T13:54:00+03:00,40.200,40.205,40.180,40.200,270
MOEX:RUAL,2023-09-25T13:55:00+03:00,40.195,40.200,40.190,40.190,90
MOEX:RUAL,2023-09-25T13:56:00+03:00,40.190,40.195,40.140,40.145,2139
MOEX:RUAL,2023-09-25T13:57:00+03:00,40.160,40.180,40.160,40.180,216
MOEX:RUAL,2023-09-25T13:58:00+03:00,40.180,40.180,40.150,40.180,1353
MOEX:RUAL,2023-09-25T13:59:00+03:00,40.180,40.180,40.160,40.170,1270
MOEX:RUAL,2023-09-25T14:00:00+03:00,40.170,40.175,40.155,40.160,106
MOEX:RUAL,2023-09-25T14:01:00+03:00,40.160,40.160,40.150,40.155,254
MOEX:RUAL,2023-09-25T14:02:00+03:00,40.155,40.190,40.155,40.185,947
MOEX:RUAL,2023-09-25T14:03:00+03:00,40.185,40.185,40.160,40.180,29
MOEX:RUAL,2023-09-25T14:04:00+03:00,40.170,40.170,40.165,40.165,31
MOEX:RUAL,2023-09-25T14:05:00+03:00,40.170,40.180,40.170,40.180,172
MOEX:RUAL,2023-09-25T14:06:00+03:00,40.180,40.190,40.170,40.185,310
MOEX:RUAL,2023-09-25T14:07:00+03:00,40.185,40.185,40.170,40.170,76
MOEX:RUAL,2023-09-25T14:08:00+03:00,40.170,40.175,40.165,40.175,33
MOEX:RUAL,2023-09-25T14:09:00+03:00,40.170,40.175,40.165,40.165,85
MOEX:RUAL,2023-09-25T14:10:00+03:00,40.170,40.175,40.165,40.165,282
MOEX:RUAL,2023-09-25T14:11:00+03:00,40.165,40.175,40.165,40.175,66
MOEX:RUAL,2023-09-25T14:12:00+03:00,40.165,40.175,40.165,40.170,265
MOEX:RUAL,2023-09-25T14:13:00+03:00,40.170,40.175,40.170,40.175,9
MOEX:RUAL,2023-09-25T14:14:00+03:00,40.175,40.175,40.165,40.170,67
MOEX:RUAL,2023-09-25T14:15:00+03:00,40.165,40.170,40.165,40.170,1020
MOEX:RUAL,2023-09-25T14:16:00+03:00,40.165,40.175,40.165,40.165,117
MOEX:RUAL,2023-09-25T14:17:00+03:00,40.175,40.175,40.170,40.175,115
MOEX:RUAL,2023-09-25T14:18:00+03:00,40.175,40.175,40.160,40.165,711
MOEX:RUAL,2023-09-25T14:19:00+03:00,40.165,40.175,40.160,40.170,694
MOEX:RUAL,2023-09-25T14:20:00+03:00,40.170,40.170,40.160,40.170,190
MOEX:RUAL,2023-09-25T14:21:00+03:00,40.170,40.180,40.160,40.180,1214
MOEX:RUAL,2023-09-25T14:22:00+03:00,40.185,40.185,40.180,40.185,197
MOEX:RUAL,2023-09-25T14:23:00+03:00,40.180,40.185,40.180,40.185,39
MOEX:RUAL,2023-09-25T14:24:00+03:00,40.180,40.195,40.180,40.195,1451
MOEX:RUAL,2023-09-25T14:25:00+03:00,40.195,40.205,40.190,40.200,651
MOEX:RUAL,2023-09-25T14:26:00+03:00,40.205,40.205,40.200,40.200,162
MOEX:RUAL,2023-09-25T14:27:00+03:00,40.200,40.205,40.200,40.200,181
MOEX:RUAL,2023-09-25T14:28:00+03:00,40.205,40.205,40.205,40.205,16
MOEX:RUAL,2023-09-25T14:29:00+03:00,40.200,40.205,40.200,40.200,257
MOEX:RUAL,2023-09-25T14:30:00+03:00,40.190,40.200,40.190,40.200,263
MOEX:RUAL,2023-09-25T14:31:00+03:00,40.200,40.205,40.180,40.180,627
MOEX:RUAL,2023-09-25T14:32:00+03:00,40.185,40.200,40.185,40.200,109
MOEX:RUAL,2023-09-25T14:33:00+03:00,40.200,40.205,40.180,40.205,630
MOEX:RUAL,2023-09-25T14:34:00+03:00,40.200,40.205,40.175,40.205,1007
MOEX:RUAL,2023-09-25T14:35:00+03:00,40.205,40.205,40.195,40.200,272
MOEX:RUAL,2023-09-25T14:36:00+03:00,40.190,40.210,40.190,40.190,588
MOEX:RUAL,2023-09-25T14:37:00+03:00,40.200,40.200,40.180,40.195,279
MOEX:RUAL,2023-09-25T14:38:00+03:00,40.195,40.200,40.180,40.185,209
MOEX:RUAL,2023-09-25T14:39:00+03:00,40.200,40.200,40.195,40.200,129
MOEX:RUAL,2023-09-25T14:40:00+03:00,40.205,40.205,40.200,40.200,2345
MOEX:RUAL,2023-09-25T14:41:00+03:00,40.180,40.200,40.180,40.185,193
MOEX:RUAL,2023-09-25T14:42:00+03:00,40.200,40.200,40.185,40.185,624
MOEX:RUAL,2023-09-25T14:43:00+03:00,40.185,40.195,40.185,40.195,336
MOEX:RUAL,2023-09-25T14:44:00+03:00,40.195,40.195,40.190,40.195,799
MOEX:RUAL,2023-09-25T14:45:00+03:00,40.195,40.195,40.190,40.195,28
MOEX:RUAL,2023-09-25T14:46:00+03:00,40.195,40.200,40.195,40.200,207
MOEX:RUAL,2023-09-25T14:47:00+03:00,40.200,40.200,40.190,40.200,27
MOEX:RUAL,2023-09-25T14:48:00+03:00,40.200,40.200,40.190,40.200,13
MOEX:RUAL,2023-09-25T14:49:00+03:00,40.200,40.200,40.195,40.200,129
MOEX:RUAL,2023-09-25T14:50:00+03:00,40.195,40.200,40.190,40.190,200
MOEX:RUAL,2023-09-25T14:51:00+03:00,40.195,40.195,40.190,40.195,275
MOEX:RUAL,2023-09-25T14:52:00+03:00,40.195,40.195,40.190,40.195,1146
MOEX:RUAL,2023-09-25T14:53:00+03:00,40.195,40.200,40.180,40.200,649
MOEX:RUAL,2023-09-25T14:54:00+03:00,40.200,40.200,40.195,40.200,33
MOEX:RUAL,2023-09-25T14:55:00+03:00,40.200,40.200,40.195,40.200,710
MOEX:RUAL,2023-09-25T14:56:00+03:00,40.200,40.200,40.190,40.190,132
MOEX:RUAL,2023-09-25T14:57:00+03:00,40.200,40.200,40.180,40.195,649
MOEX:RUAL,2023-09-25T14:58:00+03:00,40.195,40.195,40.195,40.195,5
MOEX:RUAL,2023-09-25T14:59:00+03:00,40.195,40.270,40.190,40.265,8579
MOEX:RUAL,2023-09-25T15:00:00+03:00,40.260,40.260,40.220,40.240,424
MOEX:RUAL,2023-09-25T15:01:00+03:00,40.245,40.295,40.245,40.285,2107
MOEX:RUAL,2023-09-25T15:02:00+03:00,40.295,40.295,40.250,40.275,555
MOEX:RUAL,2023-09-25T15:03:00+03:00,40.270,40.275,40.255,40.265,224
MOEX:RUAL,2023-09-25T15:04:00+03:00,40.265,40.270,40.250,40.250,329
MOEX:RUAL,2023-09-25T15:05:00+03:00,40.250,40.265,40.235,40.260,53
MOEX:RUAL,2023-09-25T15:06:00+03:00,40.255,40.255,40.245,40.250,362
MOEX:RUAL,2023-09-25T15:07:00+03:00,40.245,40.250,40.240,40.245,76
MOEX:RUAL,2023-09-25T15:08:00+03:00,40.235,40.235,40.200,40.210,1006
MOEX:RUAL,2023-09-25T15:09:00+03:00,40.200,40.215,40.195,40.215,136
MOEX:RUAL,2023-09-25T15:10:00+03:00,40.215,40.215,40.215,40.215,13
MOEX:RUAL,2023-09-25T15:11:00+03:00,40.200,40.225,40.200,40.220,852
MOEX:RUAL,2023-09-25T15:12:00+03:00,40.230,40.230,40.215,40.230,196
MOEX:RUAL,2023-09-25T15:13:00+03:00,40.235,40.235,40.230,40.235,307
MOEX:RUAL,2023-09-25T15:14:00+03:00,40.230,40.240,40.225,40.240,79
MOEX:RUAL,2023-09-25T15:15:00+03:00,40.240,40.245,40.235,40.240,113
MOEX:RUAL,2023-09-25T15:16:00+03:00,40.240,40.250,40.225,40.250,246
MOEX:RUAL,2023-09-25T15:17:00+03:00,40.250,40.255,40.250,40.255,224
MOEX:RUAL,2023-09-25T15:18:00+03:00,40.250,40.260,40.240,40.260,240
MOEX:RUAL,2023-09-25T15:19:00+03:00,40.255,40.270,40.255,40.270,889
MOEX:RUAL,2023-09-25T15:20:00+03:00,40.275,40.285,40.275,40.285,1400
MOEX:RUAL,2023-09-25T15:21:00+03:00,40.280,40.285,40.280,40.285,1924
MOEX:RUAL,2023-09-25T15:22:00+03:00,40.285,40.310,40.280,40.310,6452
MOEX:RUAL,2023-09-25T15:23:00+03:00,40.300,40.310,40.290,40.300,177
MOEX:RUAL,2023-09-25T15:24:00+03:00,40.300,40.300,40.270,40.280,352
MOEX:RUAL,2023-09-25T15:25:00+03:00,40.285,40.290,40.280,40.280,804
MOEX:RUAL,2023-09-25T15:26:00+03:00,40.280,40.280,40.250,40.250,323
MOEX:RUAL,2023-09-25T15:27:00+03:00,40.245,40.245,40.195,40.195,7364
MOEX:RUAL,2023-09-25T15:28:00+03:00,40.195,40.200,40.190,40.200,234
MOEX:RUAL,2023-09-25T15:29:00+03:00,40.200,40.200,40.190,40.195,240
MOEX:RUAL,2023-09-25T15:30:00+03:00,40.200,40.200,40.195,40.195,35
MOEX:RUAL,2023-09-25T15:31:00+03:00,40.200,40.200,40.195,40.195,937
MOEX:RUAL,2023-09-25T15:32:00+03:00,40.200,40.200,40.195,40.195,405
MOEX:RUAL,2023-09-25T15:33:00+03:00,40.200,40.200,40.195,40.200,237
MOEX:RUAL,2023-09-25T15:34:00+03:00,40.200,40.200,40.195,40.200,224
MOEX:RUAL,2023-09-25T15:35:00+03:00,40.200,40.255,40.200,40.255,1050
MOEX:RUAL,2023-09-25T15:36:00+03:00,40.255,40.255,40.250,40.255,75
MOEX:RUAL,2023-09-25T15:37:00+03:00,40.255,40.260,40.255,40.255,185
MOEX:RUAL,2023-09-25T15:38:00+03:00,40.255,40.260,40.250,40.250,65
MOEX:RUAL,2023-09-25T15:39:00+03:00,40.260,40.265,40.255,40.265,73
MOEX:RUAL,2023-09-25T15:40:00+03:00,40.265,40.265,40.250,40.265,162
MOEX:RUAL,2023-09-25T15:41:00+03:00,40.250,40.265,40.245,40.265,749
MOEX:RUAL,2023-09-25T15:42:00+03:00,40.270,40.275,40.230,40.235,1256
MOEX:RUAL,2023-09-25T15:43:00+03:00,40.230,40.230,40.205,40.220,340
MOEX:RUAL,2023-09-25T15:44:00+03:00,40.220,40.220,40.200,40.220,66
MOEX:RUAL,2023-09-25T15:45:00+03:00,40.245,40.245,40.225,40.240,9
MOEX:RUAL,2023-09-25T15:46:00+03:00,40.230,40.230,40.230,40.230,7
MOEX:RUAL,2023-09-25T15:47:00+03:00,40.230,40.230,40.200,40.215,309
MOEX:RUAL,2023-09-25T15:48:00+03:00,40.205,40.210,40.135,40.140,9584
MOEX:RUAL,2023-09-25T15:49:00+03:00,40.135,40.170,40.135,40.170,186
MOEX:RUAL,2023-09-25T15:50:00+03:00,40.175,40.175,40.165,40.165,80
MOEX:RUAL,2023-09-25T15:51:00+03:00,40.160,40.240,40.160,40.230,219
MOEX:RUAL,2023-09-25T15:52:00+03:00,40.205,40.205,40.160,40.160,403
MOEX:RUAL,2023-09-25T15:53:00+03:00,40.180,40.185,40.180,40.185,46
MOEX:RUAL,2023-09-25T15:54:00+03:00,40.185,40.200,40.165,40.165,447
MOEX:RUAL,2023-09-25T15:55:00+03:00,40.185,40.185,40.165,40.180,66
MOEX:RUAL,2023-09-25T15:56:00+03:00,40.180,40.185,40.170,40.185,247
MOEX:RUAL,2023-09-25T15:57:00+03:00,40.185,40.195,40.180,40.185,397
MOEX:RUAL,2023-09-25T15:58:00+03:00,40.185,40.185,40.175,40.180,31
MOEX:RUAL,2023-09-25T15:59:00+03:00,40.180,40.185,40.175,40.175,221
MOEX:RUAL,2023-09-25T16:00:00+03:00,40.165,40.175,40.165,40.165,10
MOEX:RUAL,2023-09-25T16:01:00+03:00,40.175,40.175,40.165,40.165,200
MOEX:RUAL,2023-09-25T16:02:00+03:00,40.160,40.165,40.160,40.160,228
MOEX:RUAL,2023-09-25T16:03:00+03:00,40.165,40.185,40.165,40.185,1896
MOEX:RUAL,2023-09-25T16:04:00+03:00,40.175,40.185,40.170,40.170,71
MOEX:RUAL,2023-09-25T16:05:00+03:00,40.185,40.185,40.165,40.170,150
MOEX:RUAL,2023-09-25T16:06:00+03:00,40.170,40.170,40.145,40.150,570
MOEX:RUAL,2023-09-25T16:07:00+03:00,40.145,40.180,40.140,40.180,1316
MOEX:RUAL,2023-09-25T16:08:00+03:00,40.165,40.165,40.150,40.155,237
MOEX:RUAL,2023-09-25T16:09:00+03:00,40.165,40.165,40.150,40.155,181
MOEX:RUAL,2023-09-25T16:10:00+03:00,40.150,40.155,40.130,40.140,904
MOEX:RUAL,2023-09-25T16:11:00+03:00,40.140,40.155,40.130,40.145,361
MOEX:RUAL,2023-09-25T16:12:00+03:00,40.150,40.150,40.145,40.150,530
MOEX:RUAL,2023-09-25T16:13:00+03:00,40.150,40.215,40.150,40.180,2590
MOEX:RUAL,2023-09-25T16:14:00+03:00,40.180,40.180,40.165,40.180,7
MOEX:RUAL,2023-09-25T16:15:00+03:00,40.160,40.180,40.160,40.175,104
MOEX:RUAL,2023-09-25T16:16:00+03:00,40.180,40.180,40.115,40.115,2828
MOEX:RUAL,2023-09-25T16:17:00+03:00,40.130,40.140,40.120,40.140,11
MOEX:RUAL,2023-09-25T16:18:00+03:00,40.140,40.140,40.100,40.100,10022
MOEX:RUAL,2023-09-25T16:19:00+03:00,40.120,40.125,40.120,40.125,120
MOEX:RUAL,2023-09-25T16:20:00+03:00,40.135,40.165,40.135,40.155,360
MOEX:RUAL,2023-09-25T16:21:00+03:00,40.135,40.150,40.120,40.140,54
MOEX:RUAL,2023-09-25T16:22:00+03:00,40.145,40.145,40.090,40.095,2621
MOEX:RUAL,2023-09-25T16:23:00+03:00,40.095,40.135,40.090,40.120,476
MOEX:RUAL,2023-09-25T16:24:00+03:00,40.130,40.160,40.100,40.160,136
MOEX:RUAL,2023-09-25T16:25:00+03:00,40.175,40.200,40.160,40.200,239
MOEX:RUAL,2023-09-25T16:26:00+03:00,40.195,40.195,40.180,40.180,910
MOEX:RUAL,2023-09-25T16:27:00+03:00,40.180,40.215,40.170,40.195,2205
MOEX:RUAL,2023-09-25T16:28:00+03:00,40.190,40.205,40.190,40.200,212
MOEX:RUAL,2023-09-25T16:29:00+03:00,40.200,40.210,40.195,40.205,2297
MOEX:RUAL,2023-09-25T16:30:00+03:00,40.200,40.200,40.180,40.200,1062
MOEX:RUAL,2023-09-25T16:31:00+03:00,40.180,40.190,40.180,40.180,13
MOEX:RUAL,2023-09-25T16:32:00+03:00,40.180,40.210,40.165,40.210,4096
MOEX:RUAL,2023-09-25T16:33:00+03:00,40.195,40.260,40.195,40.225,8271
MOEX:RUAL,2023-09-25T16:34:00+03:00,40.210,40.210,40.190,40.210,164
MOEX:RUAL,2023-09-25T16:35:00+03:00,40.210,40.210,40.200,40.200,239
MOEX:RUAL,2023-09-25T16:36:00+03:00,40.195,40.200,40.190,40.195,137
MOEX:RUAL,2023-09-25T16:37:00+03:00,40.195,40.195,40.180,40.185,68
MOEX:RUAL,2023-09-25T16:38:00+03:00,40.185,40.200,40.175,40.200,488
MOEX:RUAL,2023-09-25T16:39:00+03:00,40.200,40.200,40.175,40.190,185
MOEX:RUAL,2023-09-25T16:40:00+03:00,40.185,40.190,40.175,40.190,172
MOEX:RUAL,2023-09-25T16:41:00+03:00,40.190,40.190,40.175,40.185,171
MOEX:RUAL,2023-09-25T16:42:00+03:00,40.185,40.190,40.170,40.185,751
MOEX:RUAL,2023-09-25T16:43:00+03:00,40.185,40.185,40.170,40.185,116
MOEX:RUAL,2023-09-25T16:44:00+03:00,40.185,40.185,40.180,40.185,19
MOEX:RUAL,2023-09-25T16:45:00+03:00,40.185,40.185,40.180,40.180,271
MOEX:RUAL,2023-09-25T16:46:00+03:00,40.180,40.180,40.170,40.170,89
MOEX:RUAL,2023-09-25T16:47:00+03:00,40.180,40.200,40.180,40.200,200
MOEX:RUAL,2023-09-25T16:48:00+03:00,40.200,40.235,40.200,40.225,1332
MOEX:RUAL,2023-09-25T16:49:00+03:00,40.230,40.255,40.225,40.255,1574
MOEX:RUAL,2023-09-25T16:50:00+03:00,40.255,40.260,40.250,40.260,139
MOEX:RUAL,2023-09-25T16:51:00+03:00,40.260,40.260,40.235,40.235,502
MOEX:RUAL,2023-09-25T16:52:00+03:00,40.250,40.250,40.225,40.245,108
MOEX:RUAL,2023-09-25T16:53:00+03:00,40.245,40.260,40.220,40.255,561
MOEX:RUAL,2023-09-25T16:54:00+03:00,40.260,40.260,40.255,40.255,196
MOEX:RUAL,2023-09-25T16:55:00+03:00,40.255,40.260,40.230,40.250,682
MOEX:RUAL,2023-09-25T16:56:00+03:00,40.250,40.250,40.235,40.240,14
MOEX:RUAL,2023-09-25T16:57:00+03:00,40.240,40.240,40.240,40.240,2
MOEX:RUAL,2023-09-25T16:58:00+03:00,40.240,40.245,40.230,40.240,57
MOEX:RUAL,2023-09-25T16:59:00+03:00,40.235,40.285,40.235,40.265,4091
MOEX:RUAL,2023-09-25T17:00:00+03:00,40.260,40.260,40.245,40.255,30
MOEX:RUAL,2023-09-25T17:01:00+03:00,40.240,40.300,40.240,40.295,5899
MOEX:RUAL,2023-09-25T17:02:00+03:00,40.275,40.290,40.275,40.290,24
MOEX:RUAL,2023-09-25T17:03:00+03:00,40.290,40.290,40.270,40.270,549
MOEX:RUAL,2023-09-25T17:04:00+03:00,40.270,40.270,40.250,40.265,7
MOEX:RUAL,2023-09-25T17:05:00+03:00,40.260,40.260,40.250,40.250,31
MOEX:RUAL,2023-09-25T17:06:00+03:00,40.250,40.250,40.230,40.230,173
MOEX:RUAL,2023-09-25T17:07:00+03:00,40.230,40.235,40.200,40.200,596
MOEX:RUAL,2023-09-25T17:08:00+03:00,40.200,40.220,40.190,40.205,35
MOEX:RUAL,2023-09-25T17:09:00+03:00,40.200,40.205,40.190,40.200,996
MOEX:RUAL,2023-09-25T17:10:00+03:00,40.190,40.200,40.185,40.200,448
MOEX:RUAL,2023-09-25T17:11:00+03:00,40.220,40.230,40.220,40.230,62
MOEX:RUAL,2023-09-25T17:12:00+03:00,40.230,40.230,40.220,40.230,5
MOEX:RUAL,2023-09-25T17:13:00+03:00,40.235,40.250,40.235,40.245,391
MOEX:RUAL,2023-09-25T17:14:00+03:00,40.245,40.250,40.240,40.240,23
MOEX:RUAL,2023-09-25T17:15:00+03:00,40.240,40.250,40.230,40.245,109
MOEX:RUAL,2023-09-25T17:16:00+03:00,40.245,40.250,40.235,40.245,248
MOEX:RUAL,2023-09-25T17:17:00+03:00,40.230,40.230,40.175,40.190,4928
MOEX:RUAL,2023-09-25T17:18:00+03:00,40.180,40.190,40.160,40.170,846
MOEX:RUAL,2023-09-25T17:19:00+03:00,40.170,40.170,40.160,40.165,538
MOEX:RUAL,2023-09-25T17:20:00+03:00,40.165,40.205,40.165,40.200,795
MOEX:RUAL,2023-09-25T17:21:00+03:00,40.200,40.205,40.195,40.200,76
MOEX:RUAL,2023-09-25T17:22:00+03:00,40.205,40.205,40.195,40.205,8
MOEX:RUAL,2023-09-25T17:23:00+03:00,40.200,40.205,40.200,40.205,74
MOEX:RUAL,2023-09-25T17:24:00+03:00,40.205,40.210,40.200,40.205,578
MOEX:RUAL,2023-09-25T17:25:00+03:00,40.205,40.205,40.200,40.205,149
MOEX:RUAL,2023-09-25T17:26:00+03:00,40.195,40.205,40.175,40.200,1151
MOEX:RUAL,2023-09-25T17:27:00+03:00,40.185,40.190,40.185,40.190,18
MOEX:RUAL,2023-09-25T17:28:00+03:00,40.190,40.195,40.180,40.195,271
MOEX:RUAL,2023-09-25T17:29:00+03:00,40.180,40.200,40.180,40.200,24
MOEX:RUAL,2023-09-25T17:30:00+03:00,40.185,40.200,40.170,40.200,1058
MOEX:RUAL,2023-09-25T17:31:00+03:00,40.200,40.210,40.185,40.210,1396
MOEX:RUAL,2023-09-25T17:32:00+03:00,40.205,40.210,40.200,40.200,91
MOEX:RUAL,2023-09-25T17:33:00+03:00,40.205,40.205,40.200,40.200,514
MOEX:RUAL,2023-09-25T17:34:00+03:00,40.200,40.205,40.200,40.205,105
MOEX:RUAL,2023-09-25T17:35:00+03:00,40.200,40.200,40.200,40.200,136
MOEX:RUAL,2023-09-25T17:36:00+03:00,40.200,40.205,40.200,40.205,81
MOEX:RUAL,2023-09-25T17:37:00+03:00,40.205,40.210,40.200,40.210,525
MOEX:RUAL,2023-09-25T17:38:00+03:00,40.210,40.210,40.205,40.210,3081
MOEX:RUAL,2023-09-25T17:39:00+03:00,40.210,40.210,40.205,40.205,22
MOEX:RUAL,2023-09-25T17:40:00+03:00,40.210,40.210,40.205,40.210,3902
MOEX:RUAL,2023-09-25T17:41:00+03:00,40.210,40.210,40.180,40.200,1854
MOEX:RUAL,2023-09-25T17:42:00+03:00,40.200,40.200,40.170,40.195,726
MOEX:RUAL,2023-09-25T17:43:00+03:00,40.180,40.195,40.170,40.170,68
MOEX:RUAL,2023-09-25T17:44:00+03:00,40.185,40.190,40.165,40.185,275
MOEX:RUAL,2023-09-25T17:45:00+03:00,40.185,40.185,40.180,40.185,53
MOEX:RUAL,2023-09-25T17:46:00+03:00,40.205,40.245,40.205,40.245,17428
MOEX:RUAL,2023-09-25T17:47:00+03:00,40.235,40.235,40.170,40.180,1195
MOEX:RUAL,2023-09-25T17:48:00+03:00,40.220,40.225,40.210,40.210,17
MOEX:RUAL,2023-09-25T17:49:00+03:00,40.210,40.235,40.210,40.230,60
MOEX:RUAL,2023-09-25T17:50:00+03:00,40.235,40.250,40.235,40.240,1083
MOEX:RUAL,2023-09-25T17:51:00+03:00,40.225,40.245,40.225,40.245,7
MOEX:RUAL,2023-09-25T17:52:00+03:00,40.250,40.250,40.235,40.235,356
MOEX:RUAL,2023-09-25T17:53:00+03:00,40.230,40.230,40.210,40.225,1228
MOEX:RUAL,2023-09-25T17:54:00+03:00,40.225,40.240,40.220,40.235,55
MOEX:RUAL,2023-09-25T17:55:00+03:00,40.235,40.235,40.235,40.235,1
MOEX:RUAL,2023-09-25T17:56:00+03:00,40.240,40.245,40.240,40.240,126
MOEX:RUAL,2023-09-25T17:57:00+03:00,40.240,40.245,40.230,40.235,729
MOEX:RUAL,2023-09-25T17:58:00+03:00,40.235,40.235,40.230,40.235,309
MOEX:RUAL,2023-09-25T17:59:00+03:00,40.235,40.245,40.230,40.240,84
MOEX:RUAL,2023-09-25T18:00:00+03:00,40.245,40.250,40.245,40.250,494
MOEX:RUAL,2023-09-25T18:01:00+03:00,40.245,40.245,40.235,40.235,216
MOEX:RUAL,2023-09-25T18:02:00+03:00,40.230,40.235,40.210,40.210,423
MOEX:RUAL,2023-09-25T18:03:00+03:00,40.205,40.210,40.200,40.210,286
MOEX:RUAL,2023-09-25T18:04:00+03:00,40.210,40.210,40.195,40.195,33
MOEX:RUAL,2023-09-25T18:05:00+03:00,40.205,40.205,40.170,40.185,1231
MOEX:RUAL,2023-09-25T18:06:00+03:00,40.190,40.210,40.190,40.210,48
MOEX:RUAL,2023-09-25T18:07:00+03:00,40.210,40.210,40.165,40.165,247
MOEX:RUAL,2023-09-25T18:08:00+03:00,40.190,40.190,40.165,40.190,11
MOEX:RUAL,2023-09-25T18:09:00+03:00,40.190,40.205,40.170,40.205,53
MOEX:RUAL,2023-09-25T18:10:00+03:00,40.200,40.205,40.200,40.200,247
MOEX:RUAL,2023-09-25T18:11:00+03:00,40.185,40.200,40.175,40.175,607
MOEX:RUAL,2023-09-25T18:12:00+03:00,40.185,40.190,40.180,40.180,142
MOEX:RUAL,2023-09-25T18:13:00+03:00,40.185,40.190,40.180,40.190,286
MOEX:RUAL,2023-09-25T18:14:00+03:00,40.190,40.200,40.180,40.200,443
MOEX:RUAL,2023-09-25T18:15:00+03:00,40.200,40.200,40.190,40.200,50
MOEX:RUAL,2023-09-25T18:16:00+03:00,40.200,40.210,40.190,40.210,529
MOEX:RUAL,2023-09-25T18:17:00+03:00,40.200,40.210,40.200,40.210,185
MOEX:RUAL,2023-09-25T18:18:00+03:00,40.205,40.210,40.205,40.210,432
MOEX:RUAL,2023-09-25T18:19:00+03:00,40.210,40.210,40.205,40.210,421
MOEX:RUAL,2023-09-25T18:20:00+03:00,40.210,40.210,40.210,40.210,181
MOEX:RUAL,2023-09-25T18:21:00+03:00,40.210,40.210,40.200,40.210,492
MOEX:RUAL,2023-09-25T18:22:00+03:00,40.210,40.210,40.200,40.200,282
MOEX:RUAL,2023-09-25T18:23:00+03:00,40.210,40.210,40.200,40.200,1319
MOEX:RUAL,2023-09-25T18:24:00+03:00,40.200,40.200,40.175,40.180,390
MOEX:RUAL,2023-09-25T18:25:00+03:00,40.185,40.185,40.175,40.175,607
MOEX:RUAL,2023-09-25T18:26:00+03:00,40.175,40.190,40.175,40.190,3004
MOEX:RUAL,2023-09-25T18:27:00+03:00,40.190,40.215,40.190,40.200,4379
MOEX:RUAL,2023-09-25T18:28:00+03:00,40.220,40.225,40.200,40.200,512
MOEX:RUAL,2023-09-25T18:29:00+03:00,40.200,40.200,40.175,40.195,27
MOEX:RUAL,2023-09-25T18:30:00+03:00,40.180,40.200,40.175,40.200,47
MOEX:RUAL,2023-09-25T18:31:00+03:00,40.175,40.200,40.175,40.200,150
MOEX:RUAL,2023-09-25T18:32:00+03:00,40.195,40.195,40.165,40.165,993
MOEX:RUAL,2023-09-25T18:33:00+03:00,40.165,40.185,40.165,40.175,174
MOEX:RUAL,2023-09-25T18:34:00+03:00,40.175,40.175,40.170,40.170,216
MOEX:RUAL,2023-09-25T18:35:00+03:00,40.165,40.195,40.165,40.195,154
MOEX:RUAL,2023-09-25T18:36:00+03:00,40.185,40.195,40.185,40.195,227
MOEX:RUAL,2023-09-25T18:37:00+03:00,40.175,40.200,40.175,40.200,270
MOEX:RUAL,2023-09-25T18:38:00+03:00,40.200,40.200,40.175,40.175,146
MOEX:RUAL,2023-09-25T18:39:00+03:00,40.180,40.195,40.170,40.170,192
MOEX:RUAL,2023-09-25T18:45:00+03:00,40.250,40.250,40.250,40.250,12683
MOEX:RUAL,2023-09-25T18:46:00+03:00,40.250,40.250,40.250,40.250,50
MOEX:RUAL,2023-09-25T18:47:00+03:00,40.250,40.250,40.250,40.250,801
MOEX:RUAL,2023-09-25T18:48:00+03:00,40.250,40.250,40.250,40.250,7
MOEX:RUAL,2023-09-25T19:04:00+03:00,40.165,40.165,40.165,40.165,255
MOEX:RUAL,2023-09-25T19:05:00+03:00,40.250,40.265,40.110,40.255,3645
MOEX:RUAL,2023-09-25T19:06:00+03:00,40.220,40.245,40.220,40.240,7
MOEX:RUAL,2023-09-25T19:07:00+03:00,40.235,40.255,40.215,40.250,119
MOEX:RUAL,2023-09-25T19:08:00+03:00,40.210,40.240,40.210,40.235,39
MOEX:RUAL,2023-09-25T19:09:00+03:00,40.215,40.235,40.215,40.235,108
MOEX:RUAL,2023-09-25T19:10:00+03:00,40.230,40.240,40.205,40.220,449
MOEX:RUAL,2023-09-25T19:11:00+03:00,40.215,40.220,40.215,40.220,132
MOEX:RUAL,2023-09-25T19:12:00+03:00,40.215,40.220,40.215,40.220,93
MOEX:RUAL,2023-09-25T19:13:00+03:00,40.220,40.220,40.215,40.220,321
MOEX:RUAL,2023-09-25T19:14:00+03:00,40.220,40.220,40.215,40.220,416
MOEX:RUAL,2023-09-25T19:15:00+03:00,40.215,40.215,40.215,40.215,20
MOEX:RUAL,2023-09-25T19:16:00+03:00,40.215,40.220,40.210,40.215,20
MOEX:RUAL,2023-09-25T19:17:00+03:00,40.215,40.215,40.200,40.200,37
MOEX:RUAL,2023-09-25T19:18:00+03:00,40.210,40.210,40.200,40.210,16
MOEX:RUAL,2023-09-25T19:19:00+03:00,40.210,40.210,40.205,40.205,28
MOEX:RUAL,2023-09-25T19:20:00+03:00,40.205,40.205,40.200,40.200,602
MOEX:RUAL,2023-09-25T19:21:00+03:00,40.190,40.200,40.190,40.200,242
MOEX:RUAL,2023-09-25T19:22:00+03:00,40.200,40.200,40.200,40.200,65
MOEX:RUAL,2023-09-25T19:23:00+03:00,40.200,40.200,40.195,40.200,231
MOEX:RUAL,2023-09-25T19:24:00+03:00,40.200,40.200,40.195,40.200,229
MOEX:RUAL,2023-09-25T19:25:00+03:00,40.200,40.200,40.195,40.195,434
MOEX:RUAL,2023-09-25T19:26:00+03:00,40.200,40.200,40.195,40.200,163
MOEX:RUAL,2023-09-25T19:27:00+03:00,40.200,40.200,40.195,40.195,180
MOEX:RUAL,2023-09-25T19:28:00+03:00,40.200,40.200,40.195,40.195,227
MOEX:RUAL,2023-09-25T19:29:00+03:00,40.200,40.200,40.200,40.200,237
MOEX:RUAL,2023-09-25T19:30:00+03:00,40.200,40.200,40.195,40.200,93
MOEX:RUAL,2023-09-25T19:31:00+03:00,40.200,40.200,40.200,40.200,21
MOEX:RUAL,2023-09-25T19:32:00+03:00,40.200,40.200,40.195,40.195,2631
MOEX:RUAL,2023-09-25T19:33:00+03:00,40.195,40.200,40.180,40.180,339
MOEX:RUAL,2023-09-25T19:34:00+03:00,40.195,40.195,40.195,40.195,15
MOEX:RUAL,2023-09-25T19:35:00+03:00,40.195,40.195,40.195,40.195,16
MOEX:RUAL,2023-09-25T19:36:00+03:00,40.195,40.195,40.190,40.195,20
MOEX:RUAL,2023-09-25T19:37:00+03:00,40.195,40.195,40.180,40.180,68
MOEX:RUAL,2023-09-25T19:38:00+03:00,40.190,40.190,40.170,40.170,65
MOEX:RUAL,2023-09-25T19:39:00+03:00,40.180,40.190,40.180,40.190,8
MOEX:RUAL,2023-09-25T19:40:00+03:00,40.190,40.190,40.190,40.190,246
MOEX:RUAL,2023-09-25T19:41:00+03:00,40.190,40.190,40.180,40.190,9
MOEX:RUAL,2023-09-25T19:42:00+03:00,40.180,40.190,40.180,40.190,8
MOEX:RUAL,2023-09-25T19:43:00+03:00,40.180,40.190,40.180,40.190,13
MOEX:RUAL,2023-09-25T19:44:00+03:00,40.190,40.195,40.185,40.195,57
MOEX:RUAL,2023-09-25T19:45:00+03:00,40.195,40.195,40.190,40.190,235
MOEX:RUAL,2023-09-25T19:46:00+03:00,40.190,40.195,40.180,40.195,96
MOEX:RUAL,2023-09-25T19:47:00+03:00,40.195,40.195,40.195,40.195,7
MOEX:RUAL,2023-09-25T19:48:00+03:00,40.195,40.195,40.190,40.195,7
MOEX:RUAL,2023-09-25T19:49:00+03:00,40.190,40.195,40.190,40.195,82
MOEX:RUAL,2023-09-25T19:50:00+03:00,40.195,40.195,40.190,40.190,9
MOEX:RUAL,2023-09-25T19:51:00+03:00,40.195,40.195,40.190,40.195,72
MOEX:RUAL,2023-09-25T19:52:00+03:00,40.195,40.195,40.190,40.195,25
MOEX:RUAL,2023-09-25T19:53:00+03:00,40.195,40.195,40.195,40.195,17
MOEX:RUAL,2023-09-25T19:54:00+03:00,40.195,40.195,40.190,40.195,189
MOEX:RUAL,2023-09-25T19:55:00+03:00,40.190,40.200,40.190,40.200,1050
MOEX:RUAL,2023-09-25T19:56:00+03:00,40.200,40.200,40.195,40.200,104
MOEX:RUAL,2023-09-25T19:57:00+03:00,40.200,40.200,40.195,40.195,107
MOEX:RUAL,2023-09-25T19:58:00+03:00,40.195,40.200,40.170,40.170,1183
MOEX:RUAL,2023-09-25T19:59:00+03:00,40.165,40.170,40.165,40.170,52
MOEX:RUAL,2023-09-25T20:00:00+03:00,40.170,40.170,40.165,40.170,167
MOEX:RUAL,2023-09-25T20:01:00+03:00,40.170,40.170,40.160,40.160,45
MOEX:RUAL,2023-09-25T20:02:00+03:00,40.170,40.170,40.160,40.170,47
MOEX:RUAL,2023-09-25T20:03:00+03:00,40.170,40.170,40.170,40.170,85
MOEX:RUAL,2023-09-25T20:04:00+03:00,40.170,40.170,40.120,40.150,3035
MOEX:RUAL,2023-09-25T20:05:00+03:00,40.150,40.150,40.125,40.150,82
MOEX:RUAL,2023-09-25T20:06:00+03:00,40.150,40.155,40.150,40.155,127
MOEX:RUAL,2023-09-25T20:07:00+03:00,40.160,40.160,40.160,40.160,19
MOEX:RUAL,2023-09-25T20:08:00+03:00,40.160,40.160,40.150,40.150,173
MOEX:RUAL,2023-09-25T20:09:00+03:00,40.150,40.150,40.140,40.150,15
MOEX:RUAL,2023-09-25T20:10:00+03:00,40.150,40.155,40.150,40.155,2155
MOEX:RUAL,2023-09-25T20:11:00+03:00,40.160,40.160,40.150,40.150,2307
MOEX:RUAL,2023-09-25T20:12:00+03:00,40.150,40.150,40.150,40.150,113
MOEX:RUAL,2023-09-25T20:13:00+03:00,40.150,40.150,40.115,40.130,512
MOEX:RUAL,2023-09-25T20:14:00+03:00,40.125,40.130,40.120,40.120,36
MOEX:RUAL,2023-09-25T20:15:00+03:00,40.125,40.130,40.095,40.110,3593
MOEX:RUAL,2023-09-25T20:16:00+03:00,40.125,40.125,40.105,40.105,55
MOEX:RUAL,2023-09-25T20:17:00+03:00,40.115,40.125,40.115,40.120,50
MOEX:RUAL,2023-09-25T20:18:00+03:00,40.125,40.130,40.120,40.130,697
MOEX:RUAL,2023-09-25T20:19:00+03:00,40.125,40.125,40.120,40.125,135
MOEX:RUAL,2023-09-25T20:20:00+03:00,40.125,40.130,40.125,40.125,630
MOEX:RUAL,2023-09-25T20:21:00+03:00,40.120,40.125,40.115,40.125,388
MOEX:RUAL,2023-09-25T20:22:00+03:00,40.125,40.130,40.120,40.120,240
MOEX:RUAL,2023-09-25T20:23:00+03:00,40.125,40.130,40.125,40.130,129
MOEX:RUAL,2023-09-25T20:24:00+03:00,40.125,40.130,40.125,40.130,94
MOEX:RUAL,2023-09-25T20:25:00+03:00,40.120,40.130,40.115,40.130,129
MOEX:RUAL,2023-09-25T20:26:00+03:00,40.130,40.130,40.130,40.130,7
MOEX:RUAL,2023-09-25T20:27:00+03:00,40.125,40.130,40.120,40.125,62
MOEX:RUAL,2023-09-25T20:28:00+03:00,40.125,40.130,40.120,40.130,117
MOEX:RUAL,2023-09-25T20:29:00+03:00,40.130,40.130,40.125,40.130,452
MOEX:RUAL,2023-09-25T20:30:00+03:00,40.130,40.135,40.115,40.135,472
MOEX:RUAL,2023-09-25T20:31:00+03:00,40.135,40.135,40.135,40.135,3
MOEX:RUAL,2023-09-25T20:32:00+03:00,40.130,40.130,40.130,40.130,8
MOEX:RUAL,2023-09-25T20:33:00+03:00,40.130,40.140,40.130,40.140,117
MOEX:RUAL,2023-09-25T20:34:00+03:00,40.135,40.135,40.130,40.135,65
MOEX:RUAL,2023-09-25T20:35:00+03:00,40.135,40.135,40.130,40.130,155
MOEX:RUAL,2023-09-25T20:36:00+03:00,40.135,40.140,40.130,40.135,563
MOEX:RUAL,2023-09-25T20:37:00+03:00,40.140,40.150,40.135,40.135,321
MOEX:RUAL,2023-09-25T20:38:00+03:00,40.135,40.150,40.135,40.145,26
MOEX:RUAL,2023-09-25T20:39:00+03:00,40.145,40.145,40.145,40.145,7
MOEX:RUAL,2023-09-25T20:40:00+03:00,40.145,40.145,40.140,40.145,51
MOEX:RUAL,2023-09-25T20:41:00+03:00,40.145,40.145,40.135,40.145,250
MOEX:RUAL,2023-09-25T20:42:00+03:00,40.140,40.145,40.135,40.145,24
MOEX:RUAL,2023-09-25T20:43:00+03:00,40.145,40.145,40.145,40.145,5
MOEX:RUAL,2023-09-25T20:44:00+03:00,40.145,40.165,40.145,40.165,280
MOEX:RUAL,2023-09-25T20:45:00+03:00,40.155,40.155,40.130,40.130,930
MOEX:RUAL,2023-09-25T20:46:00+03:00,40.125,40.130,40.125,40.130,92
MOEX:RUAL,2023-09-25T20:47:00+03:00,40.130,40.130,40.105,40.105,835
MOEX:RUAL,2023-09-25T20:48:00+03:00,40.110,40.130,40.110,40.130,20
MOEX:RUAL,2023-09-25T20:49:00+03:00,40.120,40.130,40.120,40.130,29
MOEX:RUAL,2023-09-25T20:50:00+03:00,40.130,40.130,40.120,40.130,10
MOEX:RUAL,2023-09-25T20:51:00+03:00,40.125,40.130,40.125,40.125,38
MOEX:RUAL,2023-09-25T20:52:00+03:00,40.130,40.130,40.125,40.130,494
MOEX:RUAL,2023-09-25T20:53:00+03:00,40.125,40.130,40.125,40.130,683
MOEX:RUAL,2023-09-25T20:54:00+03:00,40.130,40.145,40.130,40.145,4
MOEX:RUAL,2023-09-25T20:55:00+03:00,40.145,40.145,40.125,40.145,106
MOEX:RUAL,2023-09-25T20:56:00+03:00,40.130,40.150,40.130,40.130,211
MOEX:RUAL,2023-09-25T20:57:00+03:00,40.140,40.145,40.130,40.145,25
MOEX:RUAL,2023-09-25T20:58:00+03:00,40.145,40.145,40.145,40.145,12
MOEX:RUAL,2023-09-25T20:59:00+03:00,40.145,40.160,40.145,40.160,203
MOEX:RUAL,2023-09-25T21:00:00+03:00,40.160,40.160,40.155,40.155,53
MOEX:RUAL,2023-09-25T21:01:00+03:00,40.155,40.155,40.155,40.155,15
MOEX:RUAL,2023-09-25T21:02:00+03:00,40.155,40.160,40.145,40.160,185
MOEX:RUAL,2023-09-25T21:04:00+03:00,40.165,40.165,40.165,40.165,1
MOEX:RUAL,2023-09-25T21:05:00+03:00,40.165,40.165,40.150,40.150,61
MOEX:RUAL,2023-09-25T21:06:00+03:00,40.160,40.160,40.150,40.150,25
MOEX:RUAL,2023-09-25T21:07:00+03:00,40.160,40.160,40.160,40.160,4
MOEX:RUAL,2023-09-25T21:08:00+03:00,40.150,40.160,40.150,40.160,4
MOEX:RUAL,2023-09-25T21:09:00+03:00,40.165,40.165,40.160,40.165,10
MOEX:RUAL,2023-09-25T21:10:00+03:00,40.165,40.165,40.160,40.165,68
MOEX:RUAL,2023-09-25T21:11:00+03:00,40.165,40.165,40.160,40.160,79
MOEX:RUAL,2023-09-25T21:12:00+03:00,40.165,40.165,40.165,40.165,10
MOEX:RUAL,2023-09-25T21:13:00+03:00,40.165,40.170,40.160,40.165,235
MOEX:RUAL,2023-09-25T21:14:00+03:00,40.160,40.175,40.160,40.170,239
MOEX:RUAL,2023-09-25T21:15:00+03:00,40.165,40.165,40.160,40.165,109
MOEX:RUAL,2023-09-25T21:16:00+03:00,40.165,40.165,40.145,40.160,604
MOEX:RUAL,2023-09-25T21:17:00+03:00,40.160,40.165,40.160,40.165,23
MOEX:RUAL,2023-09-25T21:18:00+03:00,40.165,40.165,40.165,40.165,57
MOEX:RUAL,2023-09-25T21:19:00+03:00,40.165,40.165,40.160,40.160,7
MOEX:RUAL,2023-09-25T21:20:00+03:00,40.165,40.165,40.160,40.165,7
MOEX:RUAL,2023-09-25T21:21:00+03:00,40.165,40.175,40.160,40.175,382
MOEX:RUAL,2023-09-25T21:22:00+03:00,40.175,40.180,40.175,40.180,94
MOEX:RUAL,2023-09-25T21:23:00+03:00,40.180,40.180,40.175,40.180,89
MOEX:RUAL,2023-09-25T21:24:00+03:00,40.180,40.180,40.175,40.180,63
MOEX:RUAL,2023-09-25T21:25:00+03:00,40.180,40.180,40.180,40.180,24
MOEX:RUAL,2023-09-25T21:26:00+03:00,40.185,40.185,40.185,40.185,55
MOEX:RUAL,2023-09-25T21:27:00+03:00,40.185,40.185,40.185,40.185,20
MOEX:RUAL,2023-09-25T21:28:00+03:00,40.180,40.180,40.175,40.175,27
MOEX:RUAL,2023-09-25T21:29:00+03:00,40.180,40.180,40.175,40.175,11
MOEX:RUAL,2023-09-25T21:30:00+03:00,40.175,40.210,40.170,40.170,4743
MOEX:RUAL,2023-09-25T21:31:00+03:00,40.175,40.175,40.170,40.175,71
MOEX:RUAL,2023-09-25T21:32:00+03:00,40.170,40.185,40.170,40.185,172
MOEX:RUAL,2023-09-25T21:33:00+03:00,40.185,40.185,40.180,40.180,2
MOEX:RUAL,2023-09-25T21:34:00+03:00,40.180,40.180,40.175,40.180,30
MOEX:RUAL,2023-09-25T21:35:00+03:00,40.180,40.180,40.165,40.165,235
MOEX:RUAL,2023-09-25T21:36:00+03:00,40.175,40.180,40.155,40.180,1370
MOEX:RUAL,2023-09-25T21:37:00+03:00,40.170,40.180,40.155,40.155,224
MOEX:RUAL,2023-09-25T21:38:00+03:00,40.155,40.165,40.155,40.165,208
MOEX:RUAL,2023-09-25T21:39:00+03:00,40.150,40.165,40.150,40.165,8
MOEX:RUAL,2023-09-25T21:40:00+03:00,40.170,40.170,40.170,40.170,102
MOEX:RUAL,2023-09-25T21:41:00+03:00,40.170,40.170,40.170,40.170,6
MOEX:RUAL,2023-09-25T21:42:00+03:00,40.170,40.170,40.170,40.170,59
MOEX:RUAL,2023-09-25T21:43:00+03:00,40.175,40.175,40.175,40.175,153
MOEX:RUAL,2023-09-25T21:44:00+03:00,40.175,40.175,40.165,40.175,124
MOEX:RUAL,2023-09-25T21:45:00+03:00,40.175,40.175,40.165,40.165,6
MOEX:RUAL,2023-09-25T21:46:00+03:00,40.165,40.165,40.160,40.160,160
MOEX:RUAL,2023-09-25T21:47:00+03:00,40.160,40.175,40.160,40.175,277
MOEX:RUAL,2023-09-25T21:48:00+03:00,40.175,40.175,40.170,40.175,717
MOEX:RUAL,2023-09-25T21:49:00+03:00,40.175,40.175,40.175,40.175,13
MOEX:RUAL,2023-09-25T21:50:00+03:00,40.170,40.170,40.170,40.170,158
MOEX:RUAL,2023-09-25T21:51:00+03:00,40.160,40.160,40.160,40.160,1
MOEX:RUAL,2023-09-25T21:52:00+03:00,40.170,40.190,40.170,40.190,610
MOEX:RUAL,2023-09-25T21:53:00+03:00,40.165,40.190,40.165,40.180,152
MOEX:RUAL,2023-09-25T21:54:00+03:00,40.170,40.180,40.160,40.180,223
MOEX:RUAL,2023-09-25T21:56:00+03:00,40.175,40.180,40.175,40.180,191
MOEX:RUAL,2023-09-25T21:57:00+03:00,40.175,40.175,40.175,40.175,1
MOEX:RUAL,2023-09-25T21:58:00+03:00,40.180,40.185,40.180,40.185,141
MOEX:RUAL,2023-09-25T21:59:00+03:00,40.185,40.185,40.185,40.185,42
MOEX:RUAL,2023-09-25T22:00:00+03:00,40.185,40.185,40.175,40.185,39
MOEX:RUAL,2023-09-25T22:01:00+03:00,40.185,40.185,40.175,40.180,10
MOEX:RUAL,2023-09-25T22:02:00+03:00,40.180,40.190,40.175,40.190,470
MOEX:RUAL,2023-09-25T22:03:00+03:00,40.185,40.185,40.175,40.185,1115
MOEX:RUAL,2023-09-25T22:04:00+03:00,40.190,40.190,40.170,40.185,888
MOEX:RUAL,2023-09-25T22:05:00+03:00,40.185,40.185,40.185,40.185,97
MOEX:RUAL,2023-09-25T22:06:00+03:00,40.180,40.185,40.160,40.180,736
MOEX:RUAL,2023-09-25T22:08:00+03:00,40.180,40.185,40.165,40.165,34
MOEX:RUAL,2023-09-25T22:09:00+03:00,40.180,40.180,40.175,40.175,15
MOEX:RUAL,2023-09-25T22:10:00+03:00,40.180,40.180,40.180,40.180,3
MOEX:RUAL,2023-09-25T22:11:00+03:00,40.180,40.180,40.170,40.170,128
MOEX:RUAL,2023-09-25T22:12:00+03:00,40.180,40.180,40.180,40.180,2
MOEX:RUAL,2023-09-25T22:13:00+03:00,40.180,40.180,40.175,40.180,79
MOEX:RUAL,2023-09-25T22:14:00+03:00,40.180,40.180,40.175,40.175,24
MOEX:RUAL,2023-09-25T22:15:00+03:00,40.175,40.175,40.145,40.145,1492
MOEX:RUAL,2023-09-25T22:16:00+03:00,40.155,40.160,40.150,40.160,29
MOEX:RUAL,2023-09-25T22:17:00+03:00,40.160,40.160,40.145,40.145,11
MOEX:RUAL,2023-09-25T22:19:00+03:00,40.160,40.160,40.160,40.160,3
MOEX:RUAL,2023-09-25T22:20:00+03:00,40.150,40.160,40.150,40.160,37
MOEX:RUAL,2023-09-25T22:21:00+03:00,40.160,40.160,40.160,40.160,12
MOEX:RUAL,2023-09-25T22:22:00+03:00,40.160,40.160,40.160,40.160,13
MOEX:RUAL,2023-09-25T22:23:00+03:00,40.160,40.160,40.140,40.155,354
MOEX:RUAL,2023-09-25T22:24:00+03:00,40.155,40.155,40.140,40.155,161
MOEX:RUAL,2023-09-25T22:25:00+03:00,40.155,40.155,40.140,40.145,419
MOEX:RUAL,2023-09-25T22:26:00+03:00,40.145,40.145,40.145,40.145,21
MOEX:RUAL,2023-09-25T22:27:00+03:00,40.145,40.145,40.140,40.140,2
MOEX:RUAL,2023-09-25T22:28:00+03:00,40.140,40.155,40.140,40.155,61
MOEX:RUAL,2023-09-25T22:29:00+03:00,40.155,40.155,40.150,40.155,15
MOEX:RUAL,2023-09-25T22:30:00+03:00,40.150,40.155,40.140,40.155,206
MOEX:RUAL,2023-09-25T22:31:00+03:00,40.145,40.155,40.140,40.155,96
MOEX:RUAL,2023-09-25T22:32:00+03:00,40.155,40.160,40.145,40.160,85
MOEX:RUAL,2023-09-25T22:33:00+03:00,40.155,40.160,40.155,40.160,5
MOEX:RUAL,2023-09-25T22:34:00+03:00,40.160,40.160,40.155,40.155,125
MOEX:RUAL,2023-09-25T22:35:00+03:00,40.155,40.170,40.155,40.170,334
MOEX:RUAL,2023-09-25T22:36:00+03:00,40.165,40.165,40.165,40.165,16
MOEX:RUAL,2023-09-25T22:37:00+03:00,40.165,40.165,40.165,40.165,92
MOEX:RUAL,2023-09-25T22:38:00+03:00,40.160,40.170,40.160,40.160,955
MOEX:RUAL,2023-09-25T22:39:00+03:00,40.155,40.155,40.145,40.150,114
MOEX:RUAL,2023-09-25T22:40:00+03:00,40.150,40.165,40.150,40.165,443
MOEX:RUAL,2023-09-25T22:41:00+03:00,40.165,40.165,40.165,40.165,3
MOEX:RUAL,2023-09-25T22:42:00+03:00,40.160,40.160,40.145,40.160,309
MOEX:RUAL,2023-09-25T22:43:00+03:00,40.160,40.160,40.140,40.140,1123
MOEX:RUAL,2023-09-25T22:44:00+03:00,40.140,40.140,40.130,40.140,1646
MOEX:RUAL,2023-09-25T22:45:00+03:00,40.140,40.155,40.140,40.155,33
MOEX:RUAL,2023-09-25T22:46:00+03:00,40.155,40.160,40.155,40.160,11
MOEX:RUAL,2023-09-25T22:47:00+03:00,40.160,40.170,40.155,40.165,124
MOEX:RUAL,2023-09-25T22:48:00+03:00,40.165,40.165,40.165,40.165,26
MOEX:RUAL,2023-09-25T22:49:00+03:00,40.165,40.165,40.155,40.165,60
MOEX:RUAL,2023-09-25T22:50:00+03:00,40.155,40.155,40.155,40.155,1
MOEX:RUAL,2023-09-25T22:51:00+03:00,40.160,40.160,40.160,40.160,200
MOEX:RUAL,2023-09-25T22:52:00+03:00,40.165,40.165,40.165,40.165,300
MOEX:RUAL,2023-09-25T22:53:00+03:00,40.160,40.165,40.160,40.165,22
MOEX:RUAL,2023-09-25T22:54:00+03:00,40.165,40.165,40.165,40.165,1
MOEX:RUAL,2023-09-25T22:55:00+03:00,40.165,40.165,40.165,40.165,15
MOEX:RUAL,2023-09-25T22:56:00+03:00,40.165,40.170,40.165,40.170,104
MOEX:RUAL,2023-09-25T22:57:00+03:00,40.170,40.170,40.165,40.170,65
MOEX:RUAL,2023-09-25T22:58:00+03:00,40.170,40.170,40.170,40.170,16
MOEX:RUAL,2023-09-25T22:59:00+03:00,40.165,40.165,40.160,40.160,110
MOEX:RUAL,2023-09-25T23:00:00+03:00,40.165,40.170,40.165,40.170,258
MOEX:RUAL,2023-09-25T23:01:00+03:00,40.165,40.170,40.165,40.170,7
MOEX:RUAL,2023-09-25T23:02:00+03:00,40.160,40.165,40.160,40.165,54
MOEX:RUAL,2023-09-25T23:04:00+03:00,40.165,40.165,40.165,40.165,59
MOEX:RUAL,2023-09-25T23:05:00+03:00,40.165,40.165,40.155,40.155,438
MOEX:RUAL,2023-09-25T23:06:00+03:00,40.155,40.155,40.155,40.155,51
MOEX:RUAL,2023-09-25T23:07:00+03:00,40.155,40.155,40.125,40.155,1056
MOEX:RUAL,2023-09-25T23:08:00+03:00,40.150,40.150,40.125,40.145,209
MOEX:RUAL,2023-09-25T23:09:00+03:00,40.145,40.145,40.125,40.125,187
MOEX:RUAL,2023-09-25T23:10:00+03:00,40.130,40.140,40.120,40.120,2492
MOEX:RUAL,2023-09-25T23:11:00+03:00,40.120,40.145,40.120,40.140,313
MOEX:RUAL,2023-09-25T23:12:00+03:00,40.140,40.150,40.120,40.120,518
MOEX:RUAL,2023-09-25T23:13:00+03:00,40.120,40.145,40.120,40.125,3445
MOEX:RUAL,2023-09-25T23:14:00+03:00,40.120,40.120,40.115,40.120,322
MOEX:RUAL,2023-09-25T23:15:00+03:00,40.120,40.120,40.120,40.120,119
MOEX:RUAL,2023-09-25T23:16:00+03:00,40.120,40.120,40.110,40.120,1163
MOEX:RUAL,2023-09-25T23:17:00+03:00,40.120,40.120,40.105,40.120,1075
MOEX:RUAL,2023-09-25T23:18:00+03:00,40.120,40.120,40.100,40.100,9157
MOEX:RUAL,2023-09-25T23:19:00+03:00,40.100,40.100,40.095,40.095,457
MOEX:RUAL,2023-09-25T23:20:00+03:00,40.100,40.115,40.100,40.100,630
MOEX:RUAL,2023-09-25T23:21:00+03:00,40.100,40.100,40.095,40.100,601
MOEX:RUAL,2023-09-25T23:22:00+03:00,40.100,40.100,40.100,40.100,674
MOEX:RUAL,2023-09-25T23:23:00+03:00,40.100,40.100,40.070,40.075,4513
MOEX:RUAL,2023-09-25T23:24:00+03:00,40.070,40.075,40.060,40.070,6829
MOEX:RUAL,2023-09-25T23:25:00+03:00,40.060,40.075,40.050,40.075,693
MOEX:RUAL,2023-09-25T23:26:00+03:00,40.075,40.075,40.050,40.075,1070
MOEX:RUAL,2023-09-25T23:27:00+03:00,40.070,40.090,40.050,40.085,1083
MOEX:RUAL,2023-09-25T23:28:00+03:00,40.060,40.080,40.050,40.070,5535
MOEX:RUAL,2023-09-25T23:29:00+03:00,40.065,40.085,40.060,40.060,458
MOEX:RUAL,2023-09-25T23:30:00+03:00,40.075,40.100,40.055,40.095,1557
MOEX:RUAL,2023-09-25T23:31:00+03:00,40.090,40.090,40.075,40.090,535
MOEX:RUAL,2023-09-25T23:32:00+03:00,40.090,40.095,40.070,40.070,1503
MOEX:RUAL,2023-09-25T23:33:00+03:00,40.070,40.070,40.070,40.070,307
MOEX:RUAL,2023-09-25T23:34:00+03:00,40.070,40.070,40.050,40.050,2662
MOEX:RUAL,2023-09-25T23:35:00+03:00,40.050,40.070,40.050,40.070,664
MOEX:RUAL,2023-09-25T23:36:00+03:00,40.050,40.070,40.020,40.020,8295
MOEX:RUAL,2023-09-25T23:37:00+03:00,40.030,40.050,40.030,40.050,337
MOEX:RUAL,2023-09-25T23:38:00+03:00,40.045,40.085,40.045,40.065,290
MOEX:RUAL,2023-09-25T23:39:00+03:00,40.050,40.065,40.045,40.045,117
MOEX:RUAL,2023-09-25T23:40:00+03:00,40.045,40.050,40.045,40.050,365
MOEX:RUAL,2023-09-25T23:41:00+03:00,40.045,40.045,40.030,40.040,579
MOEX:RUAL,2023-09-25T23:42:00+03:00,40.040,40.040,40.030,40.035,418
MOEX:RUAL,2023-09-25T23:43:00+03:00,40.035,40.035,40.030,40.030,462
MOEX:RUAL,2023-09-25T23:44:00+03:00,40.030,40.040,40.020,40.040,3330
MOEX:RUAL,2023-09-25T23:45:00+03:00,40.030,40.035,40.010,40.035,5605
MOEX:RUAL,2023-09-25T23:46:00+03:00,40.025,40.025,40.015,40.015,309
MOEX:RUAL,2023-09-25T23:47:00+03:00,40.030,40.090,39.995,40.085,49262
MOEX:RUAL,2023-09-25T23:48:00+03:00,40.075,40.075,40.050,40.060,230
MOEX:RUAL,2023-09-25T23:49:00+03:00,40.060,40.080,40.055,40.075,218
