Finam:DX,2021-12-03T03:00:00+03:00,96.15,96.15,96.15,96.15,1
Finam:DX,2021-12-03T03:01:00+03:00,96.16,96.17,96.16,96.16,6
Finam:DX,2021-12-03T03:02:00+03:00,96.16,96.17,96.16,96.17,2
Finam:DX,2021-12-03T03:03:00+03:00,96.17,96.18,96.17,96.18,12
Finam:DX,2021-12-03T03:04:00+03:00,96.18,96.18,96.17,96.18,5
Finam:DX,2021-12-03T03:06:00+03:00,96.18,96.18,96.18,96.18,2
Finam:DX,2021-12-03T03:07:00+03:00,96.18,96.20,96.18,96.19,17
Finam:DX,2021-12-03T03:08:00+03:00,96.19,96.19,96.19,96.19,1
Finam:DX,2021-12-03T03:11:00+03:00,96.19,96.21,96.19,96.20,13
Finam:DX,2021-12-03T03:12:00+03:00,96.20,96.20,96.19,96.19,10
Finam:DX,2021-12-03T03:13:00+03:00,96.19,96.21,96.19,96.21,76
Finam:DX,2021-12-03T03:14:00+03:00,96.21,96.21,96.21,96.21,5
Finam:DX,2021-12-03T03:15:00+03:00,96.20,96.20,96.20,96.20,13
Finam:DX,2021-12-03T03:16:00+03:00,96.20,96.21,96.20,96.21,5
Finam:DX,2021-12-03T03:17:00+03:00,96.21,96.21,96.21,96.21,1
Finam:DX,2021-12-03T03:18:00+03:00,96.22,96.23,96.21,96.21,27
Finam:DX,2021-12-03T03:19:00+03:00,96.21,96.21,96.21,96.21,1
Finam:DX,2021-12-03T03:20:00+03:00,96.21,96.21,96.21,96.21,1
Finam:DX,2021-12-03T03:23:00+03:00,96.19,96.19,96.19,96.19,1
Finam:DX,2021-12-03T03:25:00+03:00,96.19,96.19,96.18,96.18,2
Finam:DX,2021-12-03T03:26:00+03:00,96.19,96.19,96.19,96.19,2
Finam:DX,2021-12-03T03:27:00+03:00,96.19,96.20,96.19,96.20,57
Finam:DX,2021-12-03T03:28:00+03:00,96.20,96.20,96.20,96.20,7
Finam:DX,2021-12-03T03:29:00+03:00,96.20,96.21,96.20,96.21,51
Finam:DX,2021-12-03T03:30:00+03:00,96.20,96.20,96.20,96.20,75
Finam:DX,2021-12-03T03:31:00+03:00,96.20,96.20,96.20,96.20,13
Finam:DX,2021-12-03T03:32:00+03:00,96.20,96.20,96.18,96.18,45
Finam:DX,2021-12-03T03:33:00+03:00,96.19,96.20,96.18,96.18,22
Finam:DX,2021-12-03T03:34:00+03:00,96.19,96.19,96.18,96.18,2
Finam:DX,2021-12-03T03:37:00+03:00,96.18,96.18,96.18,96.18,1
Finam:DX,2021-12-03T03:40:00+03:00,96.17,96.17,96.16,96.16,11
Finam:DX,2021-12-03T03:41:00+03:00,96.16,96.16,96.16,96.16,3
Finam:DX,2021-12-03T03:42:00+03:00,96.17,96.17,96.17,96.17,4
Finam:DX,2021-12-03T03:43:00+03:00,96.17,96.17,96.16,96.16,6
Finam:DX,2021-12-03T03:44:00+03:00,96.16,96.16,96.16,96.16,1
Finam:DX,2021-12-03T03:45:00+03:00,96.16,96.16,96.16,96.16,2
Finam:DX,2021-12-03T03:46:00+03:00,96.15,96.15,96.15,96.15,1
Finam:DX,2021-12-03T03:47:00+03:00,96.14,96.14,96.13,96.13,4
Finam:DX,2021-12-03T03:48:00+03:00,96.14,96.14,96.14,96.14,1
Finam:DX,2021-12-03T03:49:00+03:00,96.14,96.15,96.14,96.15,4
Finam:DX,2021-12-03T03:51:00+03:00,96.15,96.16,96.15,96.16,3
Finam:DX,2021-12-03T03:52:00+03:00,96.15,96.15,96.15,96.15,1
Finam:DX,2021-12-03T03:55:00+03:00,96.15,96.15,96.15,96.15,10
Finam:DX,2021-12-03T03:56:00+03:00,96.15,96.16,96.15,96.16,4
Finam:DX,2021-12-03T03:57:00+03:00,96.15,96.15,96.15,96.15,2
Finam:DX,2021-12-03T03:58:00+03:00,96.15,96.16,96.15,96.16,2
Finam:DX,2021-12-03T03:59:00+03:00,96.16,96.16,96.15,96.15,2
Finam:DX,2021-12-03T04:00:00+03:00,96.16,96.16,96.16,96.16,2
Finam:DX,2021-12-03T04:01:00+03:00,96.16,96.16,96.16,96.16,2
Finam:DX,2021-12-03T04:02:00+03:00,96.17,96.17,96.16,96.16,5
Finam:DX,2021-12-03T04:03:00+03:00,96.16,96.16,96.16,96.16,1
Finam:DX,2021-12-03T04:04:00+03:00,96.17,96.17,96.17,96.17,1
Finam:DX,2021-12-03T04:05:00+03:00,96.16,96.16,96.16,96.16,2
Finam:DX,2021-12-03T04:06:00+03:00,96.16,96.16,96.16,96.16,1
Finam:DX,2021-12-03T04:08:00+03:00,96.16,96.16,96.16,96.16,1
Finam:DX,2021-12-03T04:09:00+03:00,96.16,96.16,96.16,96.16,1
Finam:DX,2021-12-03T04:14:00+03:00,96.18,96.18,96.18,96.18,1
Finam:DX,2021-12-03T04:15:00+03:00,96.19,96.19,96.19,96.19,1
Finam:DX,2021-12-03T04:17:00+03:00,96.19,96.19,96.19,96.19,1
Finam:DX,2021-12-03T04:19:00+03:00,96.18,96.18,96.18,96.18,1
Finam:DX,2021-12-03T04:22:00+03:00,96.18,96.18,96.18,96.18,2
Finam:DX,2021-12-03T04:24:00+03:00,96.17,96.17,96.17,96.17,3
Finam:DX,2021-12-03T04:26:00+03:00,96.17,96.17,96.17,96.17,3
Finam:DX,2021-12-03T04:27:00+03:00,96.17,96.17,96.17,96.17,1
Finam:DX,2021-12-03T04:28:00+03:00,96.19,96.19,96.19,96.19,1
Finam:DX,2021-12-03T04:30:00+03:00,96.19,96.19,96.19,96.19,1
Finam:DX,2021-12-03T04:31:00+03:00,96.19,96.19,96.19,96.19,1
Finam:DX,2021-12-03T04:32:00+03:00,96.20,96.20,96.20,96.20,2
Finam:DX,2021-12-03T04:33:00+03:00,96.20,96.20,96.20,96.20,2
Finam:DX,2021-12-03T04:34:00+03:00,96.20,96.20,96.20,96.20,4
Finam:DX,2021-12-03T04:36:00+03:00,96.20,96.20,96.20,96.20,1
Finam:DX,2021-12-03T04:37:00+03:00,96.20,96.20,96.20,96.20,1
Finam:DX,2021-12-03T04:42:00+03:00,96.19,96.19,96.19,96.19,1
Finam:DX,2021-12-03T04:44:00+03:00,96.19,96.19,96.19,96.19,40
Finam:DX,2021-12-03T04:46:00+03:00,96.19,96.19,96.19,96.19,2
Finam:DX,2021-12-03T04:48:00+03:00,96.19,96.19,96.19,96.19,2
Finam:DX,2021-12-03T04:52:00+03:00,96.18,96.18,96.18,96.18,4
Finam:DX,2021-12-03T04:53:00+03:00,96.19,96.19,96.19,96.19,1
Finam:DX,2021-12-03T04:58:00+03:00,96.18,96.18,96.17,96.18,182
Finam:DX,2021-12-03T04:59:00+03:00,96.18,96.18,96.18,96.18,1
Finam:DX,2021-12-03T05:00:00+03:00,96.18,96.18,96.18,96.18,4
Finam:DX,2021-12-03T05:02:00+03:00,96.18,96.18,96.18,96.18,1
Finam:DX,2021-12-03T05:03:00+03:00,96.17,96.17,96.17,96.17,2
Finam:DX,2021-12-03T05:04:00+03:00,96.17,96.17,96.17,96.17,7
Finam:DX,2021-12-03T05:05:00+03:00,96.17,96.17,96.17,96.17,2
Finam:DX,2021-12-03T05:10:00+03:00,96.16,96.16,96.16,96.16,6
Finam:DX,2021-12-03T05:12:00+03:00,96.16,96.17,96.16,96.16,3
Finam:DX,2021-12-03T05:13:00+03:00,96.16,96.16,96.16,96.16,5
Finam:DX,2021-12-03T05:15:00+03:00,96.16,96.16,96.15,96.15,20
Finam:DX,2021-12-03T05:19:00+03:00,96.16,96.16,96.15,96.15,8
Finam:DX,2021-12-03T05:20:00+03:00,96.15,96.15,96.15,96.15,25
Finam:DX,2021-12-03T05:26:00+03:00,96.16,96.16,96.16,96.16,1
Finam:DX,2021-12-03T05:27:00+03:00,96.16,96.16,96.16,96.16,1
Finam:DX,2021-12-03T05:30:00+03:00,96.16,96.16,96.16,96.16,4
Finam:DX,2021-12-03T05:31:00+03:00,96.17,96.17,96.17,96.17,1
Finam:DX,2021-12-03T05:33:00+03:00,96.17,96.18,96.17,96.18,3
Finam:DX,2021-12-03T05:37:00+03:00,96.18,96.18,96.18,96.18,1
Finam:DX,2021-12-03T05:38:00+03:00,96.18,96.18,96.18,96.18,1
Finam:DX,2021-12-03T05:39:00+03:00,96.18,96.18,96.18,96.18,1
Finam:DX,2021-12-03T05:43:00+03:00,96.18,96.18,96.18,96.18,3
Finam:DX,2021-12-03T05:45:00+03:00,96.18,96.18,96.18,96.18,1
Finam:DX,2021-12-03T05:46:00+03:00,96.18,96.18,96.18,96.18,4
Finam:DX,2021-12-03T05:47:00+03:00,96.18,96.18,96.18,96.18,1
Finam:DX,2021-12-03T05:50:00+03:00,96.19,96.19,96.19,96.19,2
Finam:DX,2021-12-03T05:52:00+03:00,96.20,96.20,96.20,96.20,1
Finam:DX,2021-12-03T05:53:00+03:00,96.20,96.20,96.20,96.20,2
Finam:DX,2021-12-03T05:54:00+03:00,96.20,96.20,96.20,96.20,1
Finam:DX,2021-12-03T05:56:00+03:00,96.20,96.20,96.19,96.19,3
Finam:DX,2021-12-03T05:58:00+03:00,96.20,96.20,96.20,96.20,1
Finam:DX,2021-12-03T06:00:00+03:00,96.20,96.20,96.20,96.20,1
Finam:DX,2021-12-03T06:03:00+03:00,96.20,96.20,96.20,96.20,2
Finam:DX,2021-12-03T06:08:00+03:00,96.19,96.19,96.19,96.19,1
Finam:DX,2021-12-03T06:15:00+03:00,96.17,96.17,96.17,96.17,1
Finam:DX,2021-12-03T06:16:00+03:00,96.17,96.17,96.17,96.17,2
Finam:DX,2021-12-03T06:26:00+03:00,96.16,96.16,96.16,96.16,1
Finam:DX,2021-12-03T06:30:00+03:00,96.17,96.17,96.17,96.17,1
Finam:DX,2021-12-03T06:34:00+03:00,96.18,96.18,96.17,96.17,3
Finam:DX,2021-12-03T06:36:00+03:00,96.17,96.17,96.17,96.17,1
Finam:DX,2021-12-03T06:41:00+03:00,96.17,96.18,96.16,96.18,60
Finam:DX,2021-12-03T06:44:00+03:00,96.17,96.17,96.17,96.17,15
Finam:DX,2021-12-03T06:45:00+03:00,96.17,96.17,96.17,96.17,5
Finam:DX,2021-12-03T06:46:00+03:00,96.18,96.18,96.18,96.18,1
Finam:DX,2021-12-03T06:50:00+03:00,96.18,96.18,96.18,96.18,1
Finam:DX,2021-12-03T07:15:00+03:00,96.17,96.17,96.17,96.17,1
Finam:DX,2021-12-03T07:18:00+03:00,96.18,96.18,96.18,96.18,3
Finam:DX,2021-12-03T07:20:00+03:00,96.18,96.18,96.18,96.18,1
Finam:DX,2021-12-03T07:26:00+03:00,96.18,96.18,96.18,96.18,2
Finam:DX,2021-12-03T07:27:00+03:00,96.17,96.17,96.16,96.16,5
Finam:DX,2021-12-03T07:29:00+03:00,96.16,96.16,96.16,96.16,2
Finam:DX,2021-12-03T07:30:00+03:00,96.17,96.17,96.17,96.17,1
Finam:DX,2021-12-03T07:32:00+03:00,96.17,96.17,96.16,96.16,10
Finam:DX,2021-12-03T07:33:00+03:00,96.16,96.16,96.16,96.16,2
Finam:DX,2021-12-03T07:34:00+03:00,96.15,96.15,96.15,96.15,2
Finam:DX,2021-12-03T07:35:00+03:00,96.15,96.15,96.15,96.15,6
Finam:DX,2021-12-03T07:36:00+03:00,96.16,96.16,96.16,96.16,7
Finam:DX,2021-12-03T07:37:00+03:00,96.16,96.16,96.16,96.16,26
Finam:DX,2021-12-03T07:38:00+03:00,96.16,96.16,96.15,96.15,7
Finam:DX,2021-12-03T07:39:00+03:00,96.16,96.16,96.16,96.16,1
Finam:DX,2021-12-03T07:40:00+03:00,96.16,96.16,96.16,96.16,17
Finam:DX,2021-12-03T07:41:00+03:00,96.16,96.16,96.16,96.16,1
Finam:DX,2021-12-03T07:42:00+03:00,96.16,96.16,96.16,96.16,2
Finam:DX,2021-12-03T07:45:00+03:00,96.17,96.17,96.17,96.17,3
Finam:DX,2021-12-03T07:47:00+03:00,96.16,96.16,96.16,96.16,5
Finam:DX,2021-12-03T07:49:00+03:00,96.16,96.16,96.16,96.16,2
Finam:DX,2021-12-03T07:50:00+03:00,96.16,96.16,96.16,96.16,1
Finam:DX,2021-12-03T07:51:00+03:00,96.15,96.15,96.15,96.15,1
Finam:DX,2021-12-03T07:52:00+03:00,96.16,96.16,96.16,96.16,1
Finam:DX,2021-12-03T07:53:00+03:00,96.15,96.15,96.15,96.15,6
Finam:DX,2021-12-03T07:54:00+03:00,96.15,96.15,96.15,96.15,18
Finam:DX,2021-12-03T07:55:00+03:00,96.14,96.14,96.14,96.14,11
Finam:DX,2021-12-03T07:57:00+03:00,96.15,96.15,96.14,96.14,6
Finam:DX,2021-12-03T07:59:00+03:00,96.16,96.16,96.16,96.16,3
Finam:DX,2021-12-03T08:00:00+03:00,96.16,96.16,96.16,96.16,2
Finam:DX,2021-12-03T08:02:00+03:00,96.17,96.17,96.17,96.17,4
Finam:DX,2021-12-03T08:04:00+03:00,96.17,96.17,96.16,96.16,6
Finam:DX,2021-12-03T08:08:00+03:00,96.15,96.15,96.15,96.15,1
Finam:DX,2021-12-03T08:09:00+03:00,96.15,96.15,96.15,96.15,3
Finam:DX,2021-12-03T08:12:00+03:00,96.15,96.15,96.15,96.15,4
Finam:DX,2021-12-03T08:13:00+03:00,96.16,96.16,96.16,96.16,6
Finam:DX,2021-12-03T08:14:00+03:00,96.15,96.15,96.15,96.15,1
Finam:DX,2021-12-03T08:15:00+03:00,96.15,96.16,96.15,96.16,8
Finam:DX,2021-12-03T08:16:00+03:00,96.16,96.16,96.16,96.16,2
Finam:DX,2021-12-03T08:18:00+03:00,96.16,96.16,96.16,96.16,2
Finam:DX,2021-12-03T08:19:00+03:00,96.17,96.17,96.16,96.16,3
Finam:DX,2021-12-03T08:21:00+03:00,96.17,96.17,96.17,96.17,1
Finam:DX,2021-12-03T08:26:00+03:00,96.16,96.16,96.16,96.16,1
Finam:DX,2021-12-03T08:30:00+03:00,96.17,96.18,96.17,96.18,7
Finam:DX,2021-12-03T08:31:00+03:00,96.19,96.19,96.19,96.19,1
Finam:DX,2021-12-03T08:32:00+03:00,96.19,96.19,96.19,96.19,2
Finam:DX,2021-12-03T08:33:00+03:00,96.19,96.19,96.19,96.19,2
Finam:DX,2021-12-03T08:34:00+03:00,96.19,96.19,96.19,96.19,2
Finam:DX,2021-12-03T08:36:00+03:00,96.20,96.20,96.20,96.20,2
Finam:DX,2021-12-03T08:37:00+03:00,96.20,96.21,96.20,96.21,10
Finam:DX,2021-12-03T08:39:00+03:00,96.19,96.19,96.19,96.19,12
Finam:DX,2021-12-03T08:40:00+03:00,96.19,96.19,96.19,96.19,6
Finam:DX,2021-12-03T08:41:00+03:00,96.20,96.20,96.20,96.20,8
Finam:DX,2021-12-03T08:42:00+03:00,96.20,96.20,96.20,96.20,1
Finam:DX,2021-12-03T08:43:00+03:00,96.20,96.20,96.20,96.20,2
Finam:DX,2021-12-03T08:44:00+03:00,96.21,96.21,96.21,96.21,1
Finam:DX,2021-12-03T08:45:00+03:00,96.22,96.23,96.22,96.23,5
Finam:DX,2021-12-03T08:46:00+03:00,96.23,96.24,96.23,96.24,9
Finam:DX,2021-12-03T08:47:00+03:00,96.23,96.23,96.22,96.22,15
Finam:DX,2021-12-03T08:48:00+03:00,96.23,96.23,96.23,96.23,10
Finam:DX,2021-12-03T08:49:00+03:00,96.23,96.23,96.23,96.23,2
Finam:DX,2021-12-03T08:50:00+03:00,96.23,96.23,96.23,96.23,1
Finam:DX,2021-12-03T08:51:00+03:00,96.23,96.26,96.23,96.26,38
Finam:DX,2021-12-03T08:52:00+03:00,96.27,96.28,96.27,96.27,15
Finam:DX,2021-12-03T08:53:00+03:00,96.27,96.27,96.26,96.26,9
Finam:DX,2021-12-03T08:54:00+03:00,96.26,96.27,96.26,96.27,25
Finam:DX,2021-12-03T08:55:00+03:00,96.26,96.28,96.26,96.28,11
Finam:DX,2021-12-03T08:56:00+03:00,96.29,96.30,96.29,96.29,15
Finam:DX,2021-12-03T08:57:00+03:00,96.29,96.29,96.29,96.29,4
Finam:DX,2021-12-03T08:58:00+03:00,96.30,96.31,96.30,96.30,12
Finam:DX,2021-12-03T08:59:00+03:00,96.30,96.30,96.29,96.29,6
Finam:DX,2021-12-03T09:00:00+03:00,96.30,96.31,96.30,96.31,6
Finam:DX,2021-12-03T09:01:00+03:00,96.30,96.30,96.28,96.28,7
Finam:DX,2021-12-03T09:02:00+03:00,96.29,96.29,96.28,96.29,7
Finam:DX,2021-12-03T09:03:00+03:00,96.28,96.30,96.28,96.30,30
Finam:DX,2021-12-03T09:04:00+03:00,96.30,96.30,96.29,96.29,3
Finam:DX,2021-12-03T09:06:00+03:00,96.30,96.31,96.30,96.31,28
Finam:DX,2021-12-03T09:07:00+03:00,96.30,96.31,96.30,96.31,3
Finam:DX,2021-12-03T09:08:00+03:00,96.31,96.31,96.31,96.31,6
Finam:DX,2021-12-03T09:09:00+03:00,96.31,96.32,96.30,96.30,8
Finam:DX,2021-12-03T09:10:00+03:00,96.30,96.30,96.29,96.30,6
Finam:DX,2021-12-03T09:11:00+03:00,96.30,96.30,96.29,96.29,4
Finam:DX,2021-12-03T09:12:00+03:00,96.30,96.31,96.30,96.31,11
Finam:DX,2021-12-03T09:15:00+03:00,96.31,96.31,96.31,96.31,1
Finam:DX,2021-12-03T09:16:00+03:00,96.30,96.30,96.29,96.29,7
Finam:DX,2021-12-03T09:17:00+03:00,96.30,96.30,96.29,96.29,4
Finam:DX,2021-12-03T09:18:00+03:00,96.29,96.29,96.29,96.29,2
Finam:DX,2021-12-03T09:19:00+03:00,96.30,96.30,96.30,96.30,1
Finam:DX,2021-12-03T09:20:00+03:00,96.29,96.29,96.28,96.28,16
Finam:DX,2021-12-03T09:21:00+03:00,96.29,96.29,96.29,96.29,2
Finam:DX,2021-12-03T09:22:00+03:00,96.28,96.29,96.28,96.29,12
Finam:DX,2021-12-03T09:23:00+03:00,96.28,96.29,96.27,96.29,48
Finam:DX,2021-12-03T09:24:00+03:00,96.28,96.28,96.28,96.28,5
Finam:DX,2021-12-03T09:25:00+03:00,96.29,96.30,96.29,96.30,2
Finam:DX,2021-12-03T09:26:00+03:00,96.30,96.30,96.29,96.29,25
Finam:DX,2021-12-03T09:28:00+03:00,96.29,96.29,96.29,96.29,1
Finam:DX,2021-12-03T09:29:00+03:00,96.30,96.30,96.29,96.29,4
Finam:DX,2021-12-03T09:30:00+03:00,96.31,96.31,96.30,96.30,30
Finam:DX,2021-12-03T09:31:00+03:00,96.30,96.30,96.29,96.29,3
Finam:DX,2021-12-03T09:32:00+03:00,96.29,96.29,96.29,96.29,2
Finam:DX,2021-12-03T09:33:00+03:00,96.29,96.30,96.29,96.30,6
Finam:DX,2021-12-03T09:34:00+03:00,96.30,96.30,96.30,96.30,9
Finam:DX,2021-12-03T09:35:00+03:00,96.29,96.29,96.29,96.29,25
Finam:DX,2021-12-03T09:36:00+03:00,96.28,96.28,96.28,96.28,26
Finam:DX,2021-12-03T09:37:00+03:00,96.28,96.28,96.28,96.28,2
Finam:DX,2021-12-03T09:38:00+03:00,96.28,96.28,96.27,96.27,5
Finam:DX,2021-12-03T09:40:00+03:00,96.28,96.28,96.28,96.28,4
Finam:DX,2021-12-03T09:41:00+03:00,96.29,96.29,96.29,96.29,1
Finam:DX,2021-12-03T09:42:00+03:00,96.29,96.29,96.29,96.29,2
Finam:DX,2021-12-03T09:43:00+03:00,96.29,96.29,96.29,96.29,1
Finam:DX,2021-12-03T09:44:00+03:00,96.28,96.28,96.27,96.27,2
Finam:DX,2021-12-03T09:45:00+03:00,96.28,96.28,96.28,96.28,2
Finam:DX,2021-12-03T09:47:00+03:00,96.28,96.28,96.28,96.28,1
Finam:DX,2021-12-03T09:48:00+03:00,96.29,96.29,96.29,96.29,3
Finam:DX,2021-12-03T09:50:00+03:00,96.27,96.28,96.27,96.28,2
Finam:DX,2021-12-03T09:51:00+03:00,96.28,96.28,96.27,96.27,2
Finam:DX,2021-12-03T09:54:00+03:00,96.30,96.30,96.29,96.29,3
Finam:DX,2021-12-03T09:55:00+03:00,96.29,96.30,96.28,96.28,5
Finam:DX,2021-12-03T09:56:00+03:00,96.29,96.29,96.28,96.28,14
Finam:DX,2021-12-03T09:57:00+03:00,96.28,96.28,96.26,96.26,66
Finam:DX,2021-12-03T09:58:00+03:00,96.26,96.26,96.25,96.25,25
Finam:DX,2021-12-03T09:59:00+03:00,96.26,96.26,96.26,96.26,1
Finam:DX,2021-12-03T10:00:00+03:00,96.25,96.27,96.25,96.27,15
Finam:DX,2021-12-03T10:01:00+03:00,96.27,96.27,96.26,96.26,18
Finam:DX,2021-12-03T10:02:00+03:00,96.25,96.26,96.24,96.24,45
Finam:DX,2021-12-03T10:03:00+03:00,96.24,96.25,96.24,96.25,6
Finam:DX,2021-12-03T10:04:00+03:00,96.25,96.25,96.25,96.25,8
Finam:DX,2021-12-03T10:05:00+03:00,96.25,96.26,96.25,96.26,18
Finam:DX,2021-12-03T10:06:00+03:00,96.26,96.27,96.26,96.27,4
Finam:DX,2021-12-03T10:07:00+03:00,96.26,96.26,96.25,96.25,11
Finam:DX,2021-12-03T10:08:00+03:00,96.26,96.28,96.26,96.28,17
Finam:DX,2021-12-03T10:09:00+03:00,96.27,96.27,96.26,96.26,7
Finam:DX,2021-12-03T10:10:00+03:00,96.26,96.26,96.24,96.24,32
Finam:DX,2021-12-03T10:11:00+03:00,96.25,96.25,96.24,96.24,60
Finam:DX,2021-12-03T10:12:00+03:00,96.24,96.24,96.23,96.23,72
Finam:DX,2021-12-03T10:13:00+03:00,96.24,96.24,96.23,96.23,17
Finam:DX,2021-12-03T10:14:00+03:00,96.24,96.25,96.24,96.24,34
Finam:DX,2021-12-03T10:15:00+03:00,96.24,96.25,96.24,96.25,41
Finam:DX,2021-12-03T10:16:00+03:00,96.24,96.24,96.23,96.24,4
Finam:DX,2021-12-03T10:17:00+03:00,96.24,96.24,96.23,96.23,10
Finam:DX,2021-12-03T10:18:00+03:00,96.24,96.25,96.24,96.25,5
Finam:DX,2021-12-03T10:19:00+03:00,96.25,96.25,96.24,96.24,18
Finam:DX,2021-12-03T10:20:00+03:00,96.25,96.25,96.24,96.24,17
Finam:DX,2021-12-03T10:21:00+03:00,96.24,96.24,96.24,96.24,38
Finam:DX,2021-12-03T10:22:00+03:00,96.24,96.24,96.24,96.24,5
Finam:DX,2021-12-03T10:23:00+03:00,96.23,96.23,96.22,96.22,6
Finam:DX,2021-12-03T10:24:00+03:00,96.22,96.23,96.22,96.23,4
Finam:DX,2021-12-03T10:25:00+03:00,96.23,96.23,96.22,96.22,6
Finam:DX,2021-12-03T10:26:00+03:00,96.23,96.25,96.23,96.25,8
Finam:DX,2021-12-03T10:27:00+03:00,96.24,96.24,96.24,96.24,1
Finam:DX,2021-12-03T10:28:00+03:00,96.24,96.25,96.24,96.24,7
Finam:DX,2021-12-03T10:29:00+03:00,96.24,96.24,96.23,96.23,7
Finam:DX,2021-12-03T10:30:00+03:00,96.24,96.26,96.24,96.26,3
Finam:DX,2021-12-03T10:31:00+03:00,96.25,96.27,96.25,96.27,8
Finam:DX,2021-12-03T10:32:00+03:00,96.26,96.26,96.25,96.25,2
Finam:DX,2021-12-03T10:33:00+03:00,96.25,96.26,96.25,96.26,5
Finam:DX,2021-12-03T10:35:00+03:00,96.25,96.27,96.25,96.27,23
Finam:DX,2021-12-03T10:36:00+03:00,96.26,96.26,96.26,96.26,1
Finam:DX,2021-12-03T10:37:00+03:00,96.26,96.26,96.26,96.26,2
Finam:DX,2021-12-03T10:40:00+03:00,96.27,96.27,96.26,96.26,8
Finam:DX,2021-12-03T10:41:00+03:00,96.26,96.27,96.26,96.27,3
Finam:DX,2021-12-03T10:42:00+03:00,96.28,96.28,96.28,96.28,1
Finam:DX,2021-12-03T10:43:00+03:00,96.28,96.29,96.28,96.29,4
Finam:DX,2021-12-03T10:44:00+03:00,96.29,96.29,96.28,96.28,19
Finam:DX,2021-12-03T10:45:00+03:00,96.29,96.29,96.29,96.29,9
Finam:DX,2021-12-03T10:46:00+03:00,96.29,96.29,96.29,96.29,5
Finam:DX,2021-12-03T10:47:00+03:00,96.29,96.30,96.28,96.30,7
Finam:DX,2021-12-03T10:48:00+03:00,96.30,96.30,96.30,96.30,7
Finam:DX,2021-12-03T10:49:00+03:00,96.30,96.30,96.29,96.29,14
Finam:DX,2021-12-03T10:50:00+03:00,96.31,96.32,96.31,96.32,12
Finam:DX,2021-12-03T10:51:00+03:00,96.32,96.33,96.32,96.33,14
Finam:DX,2021-12-03T10:52:00+03:00,96.32,96.32,96.31,96.31,25
Finam:DX,2021-12-03T10:53:00+03:00,96.32,96.32,96.32,96.32,4
Finam:DX,2021-12-03T10:54:00+03:00,96.32,96.33,96.32,96.32,12
Finam:DX,2021-12-03T10:55:00+03:00,96.32,96.32,96.30,96.30,11
Finam:DX,2021-12-03T10:56:00+03:00,96.29,96.29,96.29,96.29,1
Finam:DX,2021-12-03T10:57:00+03:00,96.28,96.28,96.26,96.26,12
Finam:DX,2021-12-03T10:58:00+03:00,96.27,96.27,96.26,96.26,5
Finam:DX,2021-12-03T10:59:00+03:00,96.27,96.28,96.27,96.28,2
Finam:DX,2021-12-03T11:00:00+03:00,96.28,96.30,96.28,96.30,20
Finam:DX,2021-12-03T11:01:00+03:00,96.29,96.29,96.29,96.29,1
Finam:DX,2021-12-03T11:02:00+03:00,96.29,96.29,96.28,96.28,3
Finam:DX,2021-12-03T11:03:00+03:00,96.28,96.28,96.28,96.28,1
Finam:DX,2021-12-03T11:04:00+03:00,96.27,96.27,96.26,96.26,13
Finam:DX,2021-12-03T11:05:00+03:00,96.25,96.26,96.25,96.26,6
Finam:DX,2021-12-03T11:06:00+03:00,96.26,96.26,96.26,96.26,1
Finam:DX,2021-12-03T11:07:00+03:00,96.25,96.25,96.25,96.25,3
Finam:DX,2021-12-03T11:09:00+03:00,96.26,96.27,96.26,96.27,3
Finam:DX,2021-12-03T11:10:00+03:00,96.26,96.26,96.26,96.26,2
Finam:DX,2021-12-03T11:11:00+03:00,96.26,96.26,96.26,96.26,1
Finam:DX,2021-12-03T11:12:00+03:00,96.27,96.28,96.27,96.28,5
Finam:DX,2021-12-03T11:13:00+03:00,96.26,96.26,96.26,96.26,4
Finam:DX,2021-12-03T11:14:00+03:00,96.26,96.26,96.26,96.26,1
Finam:DX,2021-12-03T11:15:00+03:00,96.26,96.26,96.26,96.26,1
Finam:DX,2021-12-03T11:16:00+03:00,96.26,96.26,96.25,96.25,11
Finam:DX,2021-12-03T11:17:00+03:00,96.25,96.26,96.25,96.26,10
Finam:DX,2021-12-03T11:18:00+03:00,96.26,96.27,96.26,96.27,11
Finam:DX,2021-12-03T11:21:00+03:00,96.27,96.28,96.27,96.28,5
Finam:DX,2021-12-03T11:22:00+03:00,96.27,96.27,96.27,96.27,3
Finam:DX,2021-12-03T11:23:00+03:00,96.28,96.29,96.28,96.29,4
Finam:DX,2021-12-03T11:24:00+03:00,96.28,96.28,96.28,96.28,1
Finam:DX,2021-12-03T11:25:00+03:00,96.28,96.28,96.28,96.28,2
Finam:DX,2021-12-03T11:26:00+03:00,96.28,96.28,96.27,96.28,13
Finam:DX,2021-12-03T11:27:00+03:00,96.27,96.27,96.26,96.26,4
Finam:DX,2021-12-03T11:28:00+03:00,96.26,96.27,96.26,96.27,30
Finam:DX,2021-12-03T11:29:00+03:00,96.27,96.28,96.27,96.28,8
Finam:DX,2021-12-03T11:30:00+03:00,96.27,96.27,96.26,96.26,5
Finam:DX,2021-12-03T11:31:00+03:00,96.29,96.29,96.29,96.29,1
Finam:DX,2021-12-03T11:32:00+03:00,96.29,96.29,96.29,96.29,5
Finam:DX,2021-12-03T11:33:00+03:00,96.29,96.29,96.29,96.29,1
Finam:DX,2021-12-03T11:35:00+03:00,96.30,96.30,96.30,96.30,1
Finam:DX,2021-12-03T11:36:00+03:00,96.30,96.30,96.30,96.30,9
Finam:DX,2021-12-03T11:37:00+03:00,96.29,96.30,96.29,96.30,2
Finam:DX,2021-12-03T11:38:00+03:00,96.29,96.29,96.28,96.29,5
Finam:DX,2021-12-03T11:39:00+03:00,96.28,96.28,96.28,96.28,10
Finam:DX,2021-12-03T11:40:00+03:00,96.28,96.28,96.28,96.28,1
Finam:DX,2021-12-03T11:41:00+03:00,96.29,96.29,96.29,96.29,11
Finam:DX,2021-12-03T11:42:00+03:00,96.28,96.28,96.27,96.27,7
Finam:DX,2021-12-03T11:43:00+03:00,96.28,96.28,96.27,96.28,11
Finam:DX,2021-12-03T11:44:00+03:00,96.27,96.27,96.26,96.26,2
Finam:DX,2021-12-03T11:45:00+03:00,96.27,96.27,96.27,96.27,1
Finam:DX,2021-12-03T11:46:00+03:00,96.27,96.28,96.27,96.28,4
Finam:DX,2021-12-03T11:47:00+03:00,96.27,96.27,96.25,96.25,9
Finam:DX,2021-12-03T11:48:00+03:00,96.26,96.26,96.26,96.26,2
Finam:DX,2021-12-03T11:49:00+03:00,96.26,96.26,96.25,96.26,66
Finam:DX,2021-12-03T11:50:00+03:00,96.26,96.26,96.26,96.26,1
Finam:DX,2021-12-03T11:51:00+03:00,96.26,96.26,96.25,96.25,2
Finam:DX,2021-12-03T11:52:00+03:00,96.26,96.26,96.26,96.26,4
Finam:DX,2021-12-03T11:53:00+03:00,96.26,96.26,96.26,96.26,5
Finam:DX,2021-12-03T11:54:00+03:00,96.27,96.27,96.27,96.27,2
Finam:DX,2021-12-03T11:55:00+03:00,96.25,96.25,96.25,96.25,5
Finam:DX,2021-12-03T11:56:00+03:00,96.25,96.25,96.24,96.24,4
Finam:DX,2021-12-03T11:57:00+03:00,96.24,96.24,96.23,96.24,9
Finam:DX,2021-12-03T11:58:00+03:00,96.24,96.24,96.24,96.24,5
Finam:DX,2021-12-03T11:59:00+03:00,96.23,96.23,96.22,96.22,81
Finam:DX,2021-12-03T12:00:00+03:00,96.22,96.23,96.22,96.23,6
Finam:DX,2021-12-03T12:01:00+03:00,96.24,96.24,96.23,96.23,11
Finam:DX,2021-12-03T12:02:00+03:00,96.22,96.22,96.20,96.21,66
Finam:DX,2021-12-03T12:03:00+03:00,96.22,96.23,96.22,96.23,11
Finam:DX,2021-12-03T12:04:00+03:00,96.23,96.23,96.23,96.23,3
Finam:DX,2021-12-03T12:05:00+03:00,96.23,96.24,96.23,96.24,6
Finam:DX,2021-12-03T12:06:00+03:00,96.24,96.25,96.24,96.24,32
Finam:DX,2021-12-03T12:07:00+03:00,96.23,96.23,96.22,96.22,7
Finam:DX,2021-12-03T12:08:00+03:00,96.22,96.23,96.22,96.23,3
Finam:DX,2021-12-03T12:10:00+03:00,96.23,96.23,96.23,96.23,2
Finam:DX,2021-12-03T12:12:00+03:00,96.22,96.22,96.19,96.19,58
Finam:DX,2021-12-03T12:13:00+03:00,96.18,96.19,96.18,96.19,4
Finam:DX,2021-12-03T12:14:00+03:00,96.19,96.19,96.18,96.19,68
Finam:DX,2021-12-03T12:15:00+03:00,96.19,96.20,96.19,96.20,3
Finam:DX,2021-12-03T12:16:00+03:00,96.21,96.22,96.21,96.22,9
Finam:DX,2021-12-03T12:17:00+03:00,96.21,96.22,96.21,96.22,28
Finam:DX,2021-12-03T12:19:00+03:00,96.22,96.22,96.22,96.22,1
Finam:DX,2021-12-03T12:20:00+03:00,96.22,96.22,96.22,96.22,1
Finam:DX,2021-12-03T12:21:00+03:00,96.21,96.21,96.21,96.21,4
Finam:DX,2021-12-03T12:22:00+03:00,96.21,96.21,96.21,96.21,1
Finam:DX,2021-12-03T12:23:00+03:00,96.21,96.21,96.19,96.19,4
Finam:DX,2021-12-03T12:26:00+03:00,96.19,96.19,96.18,96.18,3
Finam:DX,2021-12-03T12:27:00+03:00,96.18,96.19,96.17,96.17,8
Finam:DX,2021-12-03T12:28:00+03:00,96.18,96.18,96.18,96.18,2
Finam:DX,2021-12-03T12:29:00+03:00,96.18,96.18,96.17,96.18,6
Finam:DX,2021-12-03T12:30:00+03:00,96.17,96.18,96.17,96.17,9
Finam:DX,2021-12-03T12:31:00+03:00,96.17,96.17,96.17,96.17,41
Finam:DX,2021-12-03T12:32:00+03:00,96.17,96.17,96.17,96.17,1
Finam:DX,2021-12-03T12:33:00+03:00,96.17,96.17,96.17,96.17,3
Finam:DX,2021-12-03T12:34:00+03:00,96.17,96.18,96.17,96.18,8
Finam:DX,2021-12-03T12:35:00+03:00,96.17,96.18,96.17,96.18,2
Finam:DX,2021-12-03T12:36:00+03:00,96.17,96.17,96.15,96.16,14
Finam:DX,2021-12-03T12:37:00+03:00,96.17,96.17,96.16,96.16,8
Finam:DX,2021-12-03T12:38:00+03:00,96.16,96.16,96.15,96.15,10
Finam:DX,2021-12-03T12:39:00+03:00,96.15,96.15,96.14,96.14,30
Finam:DX,2021-12-03T12:40:00+03:00,96.14,96.14,96.14,96.14,5
Finam:DX,2021-12-03T12:41:00+03:00,96.14,96.15,96.14,96.15,10
Finam:DX,2021-12-03T12:42:00+03:00,96.15,96.15,96.14,96.14,5
Finam:DX,2021-12-03T12:43:00+03:00,96.14,96.14,96.13,96.14,6
Finam:DX,2021-12-03T12:44:00+03:00,96.15,96.16,96.15,96.16,5
Finam:DX,2021-12-03T12:46:00+03:00,96.15,96.16,96.15,96.16,3
Finam:DX,2021-12-03T12:47:00+03:00,96.16,96.16,96.16,96.16,1
Finam:DX,2021-12-03T12:48:00+03:00,96.14,96.15,96.14,96.15,4
Finam:DX,2021-12-03T12:50:00+03:00,96.15,96.15,96.13,96.13,4
Finam:DX,2021-12-03T12:52:00+03:00,96.16,96.16,96.16,96.16,1
Finam:DX,2021-12-03T12:53:00+03:00,96.16,96.18,96.16,96.18,8
Finam:DX,2021-12-03T12:54:00+03:00,96.17,96.17,96.17,96.17,7
Finam:DX,2021-12-03T12:55:00+03:00,96.18,96.18,96.18,96.18,8
Finam:DX,2021-12-03T12:56:00+03:00,96.18,96.19,96.18,96.19,3
Finam:DX,2021-12-03T12:57:00+03:00,96.19,96.19,96.19,96.19,2
Finam:DX,2021-12-03T12:58:00+03:00,96.19,96.19,96.18,96.18,3
Finam:DX,2021-12-03T12:59:00+03:00,96.18,96.18,96.16,96.16,12
Finam:DX,2021-12-03T13:00:00+03:00,96.16,96.16,96.15,96.16,8
Finam:DX,2021-12-03T13:01:00+03:00,96.15,96.16,96.15,96.16,3
Finam:DX,2021-12-03T13:02:00+03:00,96.15,96.17,96.15,96.15,12
Finam:DX,2021-12-03T13:03:00+03:00,96.15,96.16,96.15,96.16,29
Finam:DX,2021-12-03T13:04:00+03:00,96.16,96.18,96.16,96.18,29
Finam:DX,2021-12-03T13:05:00+03:00,96.19,96.20,96.19,96.20,3
Finam:DX,2021-12-03T13:06:00+03:00,96.18,96.18,96.18,96.18,2
Finam:DX,2021-12-03T13:07:00+03:00,96.17,96.17,96.17,96.17,1
Finam:DX,2021-12-03T13:08:00+03:00,96.17,96.17,96.16,96.16,4
Finam:DX,2021-12-03T13:09:00+03:00,96.16,96.16,96.16,96.16,3
Finam:DX,2021-12-03T13:10:00+03:00,96.17,96.17,96.16,96.17,10
Finam:DX,2021-12-03T13:11:00+03:00,96.16,96.16,96.15,96.15,3
Finam:DX,2021-12-03T13:13:00+03:00,96.15,96.15,96.15,96.15,1
Finam:DX,2021-12-03T13:14:00+03:00,96.15,96.15,96.15,96.15,1
Finam:DX,2021-12-03T13:15:00+03:00,96.16,96.17,96.16,96.16,34
Finam:DX,2021-12-03T13:16:00+03:00,96.15,96.15,96.15,96.15,2
Finam:DX,2021-12-03T13:17:00+03:00,96.15,96.16,96.15,96.16,8
Finam:DX,2021-12-03T13:18:00+03:00,96.15,96.15,96.15,96.15,1
Finam:DX,2021-12-03T13:20:00+03:00,96.15,96.15,96.14,96.14,11
Finam:DX,2021-12-03T13:22:00+03:00,96.14,96.15,96.14,96.15,2
Finam:DX,2021-12-03T13:23:00+03:00,96.15,96.15,96.15,96.15,1
Finam:DX,2021-12-03T13:24:00+03:00,96.16,96.16,96.16,96.16,5
Finam:DX,2021-12-03T13:25:00+03:00,96.16,96.16,96.15,96.15,36
Finam:DX,2021-12-03T13:26:00+03:00,96.15,96.15,96.15,96.15,2
Finam:DX,2021-12-03T13:28:00+03:00,96.15,96.15,96.15,96.15,2
Finam:DX,2021-12-03T13:29:00+03:00,96.15,96.16,96.15,96.16,8
Finam:DX,2021-12-03T13:30:00+03:00,96.15,96.17,96.15,96.17,9
Finam:DX,2021-12-03T13:31:00+03:00,96.17,96.17,96.17,96.17,1
Finam:DX,2021-12-03T13:32:00+03:00,96.18,96.19,96.18,96.19,22
Finam:DX,2021-12-03T13:33:00+03:00,96.19,96.20,96.19,96.20,52
Finam:DX,2021-12-03T13:34:00+03:00,96.20,96.21,96.20,96.21,32
Finam:DX,2021-12-03T13:35:00+03:00,96.20,96.20,96.20,96.20,1
Finam:DX,2021-12-03T13:36:00+03:00,96.20,96.21,96.20,96.21,21
Finam:DX,2021-12-03T13:37:00+03:00,96.21,96.22,96.21,96.21,17
Finam:DX,2021-12-03T13:38:00+03:00,96.20,96.20,96.19,96.20,21
Finam:DX,2021-12-03T13:39:00+03:00,96.21,96.21,96.20,96.21,13
Finam:DX,2021-12-03T13:40:00+03:00,96.20,96.20,96.19,96.19,7
Finam:DX,2021-12-03T13:41:00+03:00,96.20,96.20,96.19,96.19,3
Finam:DX,2021-12-03T13:43:00+03:00,96.20,96.20,96.20,96.20,3
Finam:DX,2021-12-03T13:45:00+03:00,96.21,96.21,96.20,96.20,3
Finam:DX,2021-12-03T13:46:00+03:00,96.20,96.20,96.19,96.19,5
Finam:DX,2021-12-03T13:47:00+03:00,96.20,96.20,96.20,96.20,3
Finam:DX,2021-12-03T13:48:00+03:00,96.19,96.19,96.18,96.19,14
Finam:DX,2021-12-03T13:49:00+03:00,96.19,96.19,96.18,96.18,2
Finam:DX,2021-12-03T13:50:00+03:00,96.18,96.18,96.17,96.18,13
Finam:DX,2021-12-03T13:51:00+03:00,96.18,96.18,96.18,96.18,7
Finam:DX,2021-12-03T13:52:00+03:00,96.18,96.18,96.18,96.18,1
Finam:DX,2021-12-03T13:53:00+03:00,96.18,96.18,96.18,96.18,1
Finam:DX,2021-12-03T13:54:00+03:00,96.18,96.18,96.18,96.18,2
Finam:DX,2021-12-03T13:55:00+03:00,96.20,96.20,96.20,96.20,2
Finam:DX,2021-12-03T13:56:00+03:00,96.19,96.19,96.19,96.19,5
Finam:DX,2021-12-03T13:57:00+03:00,96.20,96.21,96.20,96.20,8
Finam:DX,2021-12-03T13:58:00+03:00,96.19,96.19,96.17,96.17,9
Finam:DX,2021-12-03T13:59:00+03:00,96.17,96.17,96.16,96.16,19
Finam:DX,2021-12-03T14:00:00+03:00,96.17,96.18,96.17,96.18,28
Finam:DX,2021-12-03T14:01:00+03:00,96.18,96.19,96.17,96.18,22
Finam:DX,2021-12-03T14:02:00+03:00,96.17,96.17,96.17,96.17,1
Finam:DX,2021-12-03T14:03:00+03:00,96.17,96.17,96.16,96.16,3
Finam:DX,2021-12-03T14:04:00+03:00,96.17,96.17,96.16,96.17,11
Finam:DX,2021-12-03T14:05:00+03:00,96.17,96.17,96.16,96.17,23
Finam:DX,2021-12-03T14:06:00+03:00,96.17,96.17,96.16,96.17,5
Finam:DX,2021-12-03T14:07:00+03:00,96.18,96.18,96.18,96.18,1
Finam:DX,2021-12-03T14:10:00+03:00,96.20,96.20,96.19,96.19,10
Finam:DX,2021-12-03T14:11:00+03:00,96.20,96.20,96.19,96.19,4
Finam:DX,2021-12-03T14:12:00+03:00,96.18,96.19,96.18,96.18,14
Finam:DX,2021-12-03T14:13:00+03:00,96.18,96.18,96.17,96.17,13
Finam:DX,2021-12-03T14:14:00+03:00,96.17,96.17,96.16,96.16,5
Finam:DX,2021-12-03T14:15:00+03:00,96.17,96.17,96.17,96.17,12
Finam:DX,2021-12-03T14:16:00+03:00,96.16,96.17,96.16,96.17,4
Finam:DX,2021-12-03T14:18:00+03:00,96.17,96.17,96.17,96.17,1
Finam:DX,2021-12-03T14:20:00+03:00,96.16,96.16,96.16,96.16,1
Finam:DX,2021-12-03T14:22:00+03:00,96.16,96.16,96.15,96.15,9
Finam:DX,2021-12-03T14:23:00+03:00,96.16,96.16,96.16,96.16,5
Finam:DX,2021-12-03T14:24:00+03:00,96.16,96.16,96.16,96.16,3
Finam:DX,2021-12-03T14:25:00+03:00,96.16,96.16,96.16,96.16,1
Finam:DX,2021-12-03T14:26:00+03:00,96.16,96.16,96.16,96.16,10
Finam:DX,2021-12-03T14:27:00+03:00,96.16,96.16,96.16,96.16,1
Finam:DX,2021-12-03T14:28:00+03:00,96.16,96.16,96.16,96.16,3
Finam:DX,2021-12-03T14:30:00+03:00,96.17,96.17,96.17,96.17,2
Finam:DX,2021-12-03T14:31:00+03:00,96.19,96.20,96.19,96.20,3
Finam:DX,2021-12-03T14:32:00+03:00,96.20,96.20,96.20,96.20,3
Finam:DX,2021-12-03T14:33:00+03:00,96.19,96.19,96.18,96.18,3
Finam:DX,2021-12-03T14:34:00+03:00,96.17,96.17,96.17,96.17,18
Finam:DX,2021-12-03T14:35:00+03:00,96.18,96.19,96.18,96.18,9
Finam:DX,2021-12-03T14:36:00+03:00,96.17,96.19,96.17,96.18,11
Finam:DX,2021-12-03T14:37:00+03:00,96.17,96.17,96.17,96.17,2
Finam:DX,2021-12-03T14:38:00+03:00,96.17,96.19,96.17,96.19,8
Finam:DX,2021-12-03T14:39:00+03:00,96.18,96.18,96.17,96.18,7
Finam:DX,2021-12-03T14:40:00+03:00,96.18,96.18,96.17,96.17,6
Finam:DX,2021-12-03T14:41:00+03:00,96.18,96.18,96.18,96.18,3
Finam:DX,2021-12-03T14:42:00+03:00,96.18,96.18,96.18,96.18,1
Finam:DX,2021-12-03T14:43:00+03:00,96.17,96.17,96.17,96.17,4
Finam:DX,2021-12-03T14:44:00+03:00,96.17,96.17,96.17,96.17,4
Finam:DX,2021-12-03T14:45:00+03:00,96.17,96.17,96.17,96.17,5
Finam:DX,2021-12-03T14:46:00+03:00,96.17,96.18,96.17,96.18,5
Finam:DX,2021-12-03T14:47:00+03:00,96.18,96.19,96.18,96.19,10
Finam:DX,2021-12-03T14:48:00+03:00,96.18,96.20,96.18,96.20,4
Finam:DX,2021-12-03T14:49:00+03:00,96.18,96.19,96.18,96.19,24
Finam:DX,2021-12-03T14:50:00+03:00,96.18,96.18,96.17,96.18,6
Finam:DX,2021-12-03T14:51:00+03:00,96.18,96.19,96.18,96.19,6
Finam:DX,2021-12-03T14:52:00+03:00,96.19,96.19,96.18,96.19,6
Finam:DX,2021-12-03T14:53:00+03:00,96.19,96.22,96.19,96.21,25
Finam:DX,2021-12-03T14:54:00+03:00,96.21,96.24,96.21,96.22,43
Finam:DX,2021-12-03T14:55:00+03:00,96.22,96.23,96.22,96.23,15
Finam:DX,2021-12-03T14:56:00+03:00,96.24,96.25,96.23,96.23,38
Finam:DX,2021-12-03T14:57:00+03:00,96.23,96.25,96.23,96.25,20
Finam:DX,2021-12-03T14:58:00+03:00,96.25,96.25,96.23,96.23,20
Finam:DX,2021-12-03T14:59:00+03:00,96.24,96.24,96.23,96.24,20
Finam:DX,2021-12-03T15:00:00+03:00,96.23,96.25,96.23,96.25,28
Finam:DX,2021-12-03T15:01:00+03:00,96.25,96.26,96.25,96.26,25
Finam:DX,2021-12-03T15:02:00+03:00,96.25,96.26,96.24,96.24,15
Finam:DX,2021-12-03T15:03:00+03:00,96.26,96.27,96.26,96.27,3
Finam:DX,2021-12-03T15:04:00+03:00,96.26,96.26,96.25,96.25,9
Finam:DX,2021-12-03T15:05:00+03:00,96.25,96.26,96.24,96.26,11
Finam:DX,2021-12-03T15:06:00+03:00,96.26,96.26,96.26,96.26,4
Finam:DX,2021-12-03T15:07:00+03:00,96.25,96.26,96.24,96.26,21
Finam:DX,2021-12-03T15:08:00+03:00,96.26,96.26,96.25,96.26,4
Finam:DX,2021-12-03T15:09:00+03:00,96.25,96.25,96.24,96.24,17
Finam:DX,2021-12-03T15:10:00+03:00,96.24,96.27,96.24,96.27,37
Finam:DX,2021-12-03T15:11:00+03:00,96.27,96.28,96.26,96.28,28
Finam:DX,2021-12-03T15:12:00+03:00,96.28,96.29,96.27,96.27,9
Finam:DX,2021-12-03T15:13:00+03:00,96.28,96.28,96.26,96.26,8
Finam:DX,2021-12-03T15:14:00+03:00,96.26,96.28,96.25,96.28,25
Finam:DX,2021-12-03T15:15:00+03:00,96.26,96.27,96.26,96.27,4
Finam:DX,2021-12-03T15:16:00+03:00,96.27,96.28,96.27,96.28,7
Finam:DX,2021-12-03T15:17:00+03:00,96.27,96.27,96.26,96.26,5
Finam:DX,2021-12-03T15:18:00+03:00,96.27,96.27,96.27,96.27,4
Finam:DX,2021-12-03T15:19:00+03:00,96.27,96.29,96.27,96.28,6
Finam:DX,2021-12-03T15:20:00+03:00,96.28,96.28,96.26,96.26,11
Finam:DX,2021-12-03T15:21:00+03:00,96.27,96.27,96.27,96.27,4
Finam:DX,2021-12-03T15:22:00+03:00,96.26,96.26,96.25,96.25,5
Finam:DX,2021-12-03T15:23:00+03:00,96.27,96.28,96.26,96.26,15
Finam:DX,2021-12-03T15:24:00+03:00,96.26,96.26,96.25,96.25,9
Finam:DX,2021-12-03T15:25:00+03:00,96.26,96.27,96.26,96.27,14
Finam:DX,2021-12-03T15:26:00+03:00,96.27,96.27,96.26,96.27,7
Finam:DX,2021-12-03T15:27:00+03:00,96.27,96.27,96.25,96.25,5
Finam:DX,2021-12-03T15:28:00+03:00,96.26,96.27,96.25,96.25,11
Finam:DX,2021-12-03T15:29:00+03:00,96.26,96.27,96.26,96.27,4
Finam:DX,2021-12-03T15:30:00+03:00,96.25,96.25,95.95,95.96,327
Finam:DX,2021-12-03T15:31:00+03:00,95.95,96.06,95.94,96.02,136
Finam:DX,2021-12-03T15:32:00+03:00,96.02,96.08,96.01,96.08,258
Finam:DX,2021-12-03T15:33:00+03:00,96.08,96.09,96.04,96.04,226
Finam:DX,2021-12-03T15:34:00+03:00,96.04,96.14,96.03,96.14,142
Finam:DX,2021-12-03T15:35:00+03:00,96.13,96.15,96.08,96.08,120
Finam:DX,2021-12-03T15:36:00+03:00,96.08,96.12,96.05,96.12,103
Finam:DX,2021-12-03T15:37:00+03:00,96.12,96.12,96.00,96.03,173
Finam:DX,2021-12-03T15:38:00+03:00,96.03,96.09,96.03,96.07,93
Finam:DX,2021-12-03T15:39:00+03:00,96.06,96.08,96.05,96.06,57
Finam:DX,2021-12-03T15:40:00+03:00,96.06,96.09,96.06,96.08,43
Finam:DX,2021-12-03T15:41:00+03:00,96.08,96.12,96.08,96.12,91
Finam:DX,2021-12-03T15:42:00+03:00,96.12,96.14,96.10,96.11,34
Finam:DX,2021-12-03T15:43:00+03:00,96.10,96.12,96.10,96.12,22
Finam:DX,2021-12-03T15:44:00+03:00,96.10,96.11,96.06,96.08,38
Finam:DX,2021-12-03T15:45:00+03:00,96.09,96.11,96.08,96.08,30
Finam:DX,2021-12-03T15:46:00+03:00,96.09,96.16,96.09,96.16,61
Finam:DX,2021-12-03T15:47:00+03:00,96.15,96.21,96.14,96.20,155
Finam:DX,2021-12-03T15:48:00+03:00,96.20,96.26,96.19,96.24,143
Finam:DX,2021-12-03T15:49:00+03:00,96.23,96.23,96.20,96.21,82
Finam:DX,2021-12-03T15:50:00+03:00,96.20,96.24,96.19,96.22,130
Finam:DX,2021-12-03T15:51:00+03:00,96.22,96.24,96.21,96.23,94
Finam:DX,2021-12-03T15:52:00+03:00,96.23,96.24,96.20,96.24,86
Finam:DX,2021-12-03T15:53:00+03:00,96.25,96.26,96.22,96.23,31
Finam:DX,2021-12-03T15:54:00+03:00,96.22,96.22,96.19,96.19,69
Finam:DX,2021-12-03T15:55:00+03:00,96.19,96.19,96.14,96.16,94
Finam:DX,2021-12-03T15:56:00+03:00,96.15,96.15,96.11,96.13,64
Finam:DX,2021-12-03T15:57:00+03:00,96.13,96.16,96.13,96.15,21
Finam:DX,2021-12-03T15:58:00+03:00,96.16,96.16,96.14,96.14,24
Finam:DX,2021-12-03T15:59:00+03:00,96.15,96.16,96.11,96.12,59
Finam:DX,2021-12-03T16:00:00+03:00,96.13,96.19,96.13,96.19,96
Finam:DX,2021-12-03T16:01:00+03:00,96.18,96.22,96.17,96.22,64
Finam:DX,2021-12-03T16:02:00+03:00,96.20,96.21,96.18,96.21,52
Finam:DX,2021-12-03T16:03:00+03:00,96.19,96.19,96.16,96.16,29
Finam:DX,2021-12-03T16:04:00+03:00,96.15,96.19,96.14,96.18,28
Finam:DX,2021-12-03T16:05:00+03:00,96.18,96.19,96.16,96.16,26
Finam:DX,2021-12-03T16:06:00+03:00,96.17,96.18,96.15,96.18,43
Finam:DX,2021-12-03T16:07:00+03:00,96.17,96.19,96.16,96.19,26
Finam:DX,2021-12-03T16:08:00+03:00,96.19,96.23,96.19,96.23,28
Finam:DX,2021-12-03T16:09:00+03:00,96.23,96.28,96.23,96.28,128
Finam:DX,2021-12-03T16:10:00+03:00,96.28,96.30,96.27,96.30,101
Finam:DX,2021-12-03T16:11:00+03:00,96.30,96.30,96.27,96.27,45
Finam:DX,2021-12-03T16:12:00+03:00,96.28,96.28,96.25,96.28,55
Finam:DX,2021-12-03T16:13:00+03:00,96.29,96.30,96.26,96.27,51
Finam:DX,2021-12-03T16:14:00+03:00,96.28,96.28,96.25,96.25,60
Finam:DX,2021-12-03T16:15:00+03:00,96.25,96.25,96.22,96.24,114
Finam:DX,2021-12-03T16:16:00+03:00,96.25,96.29,96.25,96.26,146
Finam:DX,2021-12-03T16:17:00+03:00,96.26,96.26,96.22,96.23,171
Finam:DX,2021-12-03T16:18:00+03:00,96.23,96.23,96.21,96.23,52
Finam:DX,2021-12-03T16:19:00+03:00,96.22,96.23,96.21,96.21,20
Finam:DX,2021-12-03T16:20:00+03:00,96.22,96.23,96.20,96.21,38
Finam:DX,2021-12-03T16:21:00+03:00,96.20,96.21,96.19,96.20,23
Finam:DX,2021-12-03T16:22:00+03:00,96.21,96.22,96.20,96.21,26
Finam:DX,2021-12-03T16:23:00+03:00,96.21,96.24,96.20,96.24,32
Finam:DX,2021-12-03T16:24:00+03:00,96.25,96.26,96.25,96.25,5
Finam:DX,2021-12-03T16:25:00+03:00,96.25,96.27,96.25,96.27,24
Finam:DX,2021-12-03T16:26:00+03:00,96.26,96.26,96.23,96.23,18
Finam:DX,2021-12-03T16:27:00+03:00,96.23,96.23,96.21,96.21,5
Finam:DX,2021-12-03T16:28:00+03:00,96.23,96.23,96.21,96.22,44
Finam:DX,2021-12-03T16:29:00+03:00,96.22,96.22,96.21,96.21,2
Finam:DX,2021-12-03T16:30:00+03:00,96.20,96.21,96.15,96.18,44
Finam:DX,2021-12-03T16:31:00+03:00,96.19,96.22,96.19,96.20,44
Finam:DX,2021-12-03T16:32:00+03:00,96.18,96.21,96.18,96.21,11
Finam:DX,2021-12-03T16:33:00+03:00,96.21,96.23,96.21,96.23,6
Finam:DX,2021-12-03T16:34:00+03:00,96.23,96.26,96.23,96.26,23
Finam:DX,2021-12-03T16:35:00+03:00,96.27,96.30,96.27,96.28,66
Finam:DX,2021-12-03T16:36:00+03:00,96.27,96.28,96.23,96.25,12
Finam:DX,2021-12-03T16:37:00+03:00,96.25,96.26,96.23,96.23,9
Finam:DX,2021-12-03T16:38:00+03:00,96.23,96.23,96.22,96.23,39
Finam:DX,2021-12-03T16:39:00+03:00,96.23,96.24,96.22,96.23,18
Finam:DX,2021-12-03T16:40:00+03:00,96.23,96.25,96.23,96.25,4
Finam:DX,2021-12-03T16:41:00+03:00,96.24,96.25,96.23,96.23,18
Finam:DX,2021-12-03T16:42:00+03:00,96.23,96.25,96.23,96.25,117
Finam:DX,2021-12-03T16:43:00+03:00,96.25,96.28,96.25,96.28,8
Finam:DX,2021-12-03T16:44:00+03:00,96.27,96.27,96.27,96.27,11
Finam:DX,2021-12-03T16:45:00+03:00,96.28,96.29,96.26,96.29,27
Finam:DX,2021-12-03T16:46:00+03:00,96.28,96.32,96.28,96.32,61
Finam:DX,2021-12-03T16:47:00+03:00,96.31,96.32,96.30,96.31,21
Finam:DX,2021-12-03T16:48:00+03:00,96.31,96.32,96.30,96.31,16
Finam:DX,2021-12-03T16:49:00+03:00,96.31,96.31,96.29,96.30,28
Finam:DX,2021-12-03T16:50:00+03:00,96.29,96.29,96.27,96.28,25
Finam:DX,2021-12-03T16:51:00+03:00,96.28,96.31,96.28,96.30,125
Finam:DX,2021-12-03T16:52:00+03:00,96.30,96.31,96.29,96.30,20
Finam:DX,2021-12-03T16:53:00+03:00,96.28,96.29,96.26,96.26,31
Finam:DX,2021-12-03T16:54:00+03:00,96.28,96.28,96.26,96.26,12
Finam:DX,2021-12-03T16:55:00+03:00,96.27,96.27,96.25,96.25,13
Finam:DX,2021-12-03T16:56:00+03:00,96.26,96.26,96.25,96.25,13
Finam:DX,2021-12-03T16:57:00+03:00,96.26,96.27,96.25,96.25,6
Finam:DX,2021-12-03T16:58:00+03:00,96.26,96.26,96.26,96.26,2
Finam:DX,2021-12-03T16:59:00+03:00,96.25,96.25,96.25,96.25,8
Finam:DX,2021-12-03T17:00:00+03:00,96.27,96.35,96.27,96.32,254
Finam:DX,2021-12-03T17:01:00+03:00,96.31,96.34,96.31,96.34,99
Finam:DX,2021-12-03T17:02:00+03:00,96.34,96.37,96.34,96.35,111
Finam:DX,2021-12-03T17:03:00+03:00,96.33,96.34,96.31,96.32,58
Finam:DX,2021-12-03T17:04:00+03:00,96.33,96.37,96.33,96.36,46
Finam:DX,2021-12-03T17:05:00+03:00,96.35,96.36,96.33,96.34,22
Finam:DX,2021-12-03T17:06:00+03:00,96.33,96.34,96.32,96.34,23
Finam:DX,2021-12-03T17:07:00+03:00,96.34,96.35,96.34,96.35,28
Finam:DX,2021-12-03T17:08:00+03:00,96.34,96.35,96.34,96.35,10
Finam:DX,2021-12-03T17:09:00+03:00,96.34,96.36,96.33,96.36,65
Finam:DX,2021-12-03T17:10:00+03:00,96.35,96.35,96.33,96.34,33
Finam:DX,2021-12-03T17:11:00+03:00,96.35,96.36,96.35,96.35,32
Finam:DX,2021-12-03T17:12:00+03:00,96.35,96.36,96.35,96.36,23
Finam:DX,2021-12-03T17:13:00+03:00,96.36,96.37,96.35,96.37,22
Finam:DX,2021-12-03T17:14:00+03:00,96.37,96.40,96.37,96.40,83
Finam:DX,2021-12-03T17:15:00+03:00,96.40,96.43,96.40,96.42,41
Finam:DX,2021-12-03T17:16:00+03:00,96.41,96.43,96.41,96.42,167
Finam:DX,2021-12-03T17:17:00+03:00,96.41,96.43,96.41,96.42,27
Finam:DX,2021-12-03T17:18:00+03:00,96.42,96.43,96.42,96.42,20
Finam:DX,2021-12-03T17:19:00+03:00,96.42,96.43,96.41,96.41,43
Finam:DX,2021-12-03T17:20:00+03:00,96.41,96.41,96.39,96.39,33
Finam:DX,2021-12-03T17:21:00+03:00,96.38,96.39,96.37,96.39,54
Finam:DX,2021-12-03T17:22:00+03:00,96.38,96.39,96.38,96.39,11
Finam:DX,2021-12-03T17:23:00+03:00,96.39,96.39,96.38,96.38,18
Finam:DX,2021-12-03T17:24:00+03:00,96.38,96.39,96.37,96.38,92
Finam:DX,2021-12-03T17:25:00+03:00,96.37,96.40,96.36,96.40,21
Finam:DX,2021-12-03T17:26:00+03:00,96.40,96.40,96.38,96.38,31
Finam:DX,2021-12-03T17:27:00+03:00,96.39,96.40,96.38,96.39,135
Finam:DX,2021-12-03T17:28:00+03:00,96.40,96.41,96.40,96.40,23
Finam:DX,2021-12-03T17:29:00+03:00,96.41,96.43,96.40,96.43,26
Finam:DX,2021-12-03T17:30:00+03:00,96.43,96.45,96.43,96.43,79
Finam:DX,2021-12-03T17:31:00+03:00,96.43,96.45,96.43,96.44,46
Finam:DX,2021-12-03T17:32:00+03:00,96.45,96.45,96.43,96.43,36
Finam:DX,2021-12-03T17:33:00+03:00,96.44,96.45,96.43,96.43,9
Finam:DX,2021-12-03T17:34:00+03:00,96.43,96.44,96.42,96.42,10
Finam:DX,2021-12-03T17:35:00+03:00,96.42,96.43,96.40,96.40,18
Finam:DX,2021-12-03T17:36:00+03:00,96.41,96.41,96.40,96.40,134
Finam:DX,2021-12-03T17:37:00+03:00,96.39,96.41,96.38,96.40,44
Finam:DX,2021-12-03T17:38:00+03:00,96.40,96.41,96.39,96.39,13
Finam:DX,2021-12-03T17:39:00+03:00,96.39,96.40,96.38,96.40,9
Finam:DX,2021-12-03T17:40:00+03:00,96.39,96.40,96.39,96.40,12
Finam:DX,2021-12-03T17:41:00+03:00,96.41,96.44,96.41,96.42,22
Finam:DX,2021-12-03T17:42:00+03:00,96.41,96.41,96.39,96.39,29
Finam:DX,2021-12-03T17:43:00+03:00,96.40,96.40,96.38,96.38,5
Finam:DX,2021-12-03T17:44:00+03:00,96.38,96.38,96.36,96.36,40
Finam:DX,2021-12-03T17:45:00+03:00,96.37,96.38,96.36,96.38,94
Finam:DX,2021-12-03T17:46:00+03:00,96.38,96.38,96.35,96.36,77
Finam:DX,2021-12-03T17:47:00+03:00,96.36,96.40,96.35,96.40,20
Finam:DX,2021-12-03T17:48:00+03:00,96.40,96.42,96.40,96.42,5
Finam:DX,2021-12-03T17:49:00+03:00,96.40,96.40,96.38,96.38,27
Finam:DX,2021-12-03T17:50:00+03:00,96.38,96.39,96.37,96.39,26
Finam:DX,2021-12-03T17:51:00+03:00,96.38,96.38,96.36,96.36,14
Finam:DX,2021-12-03T17:52:00+03:00,96.36,96.37,96.34,96.36,11
Finam:DX,2021-12-03T17:53:00+03:00,96.35,96.36,96.33,96.33,20
Finam:DX,2021-12-03T17:54:00+03:00,96.33,96.34,96.33,96.34,89
Finam:DX,2021-12-03T17:55:00+03:00,96.34,96.36,96.34,96.35,10
Finam:DX,2021-12-03T17:56:00+03:00,96.36,96.39,96.36,96.39,32
Finam:DX,2021-12-03T17:57:00+03:00,96.37,96.37,96.33,96.33,71
Finam:DX,2021-12-03T17:58:00+03:00,96.34,96.35,96.34,96.35,64
Finam:DX,2021-12-03T17:59:00+03:00,96.35,96.36,96.34,96.36,14
Finam:DX,2021-12-03T18:00:00+03:00,96.36,96.37,96.35,96.37,34
Finam:DX,2021-12-03T18:01:00+03:00,96.36,96.36,96.35,96.35,10
Finam:DX,2021-12-03T18:02:00+03:00,96.36,96.36,96.35,96.35,12
Finam:DX,2021-12-03T18:03:00+03:00,96.36,96.37,96.35,96.36,8
Finam:DX,2021-12-03T18:04:00+03:00,96.36,96.36,96.35,96.35,7
Finam:DX,2021-12-03T18:05:00+03:00,96.33,96.34,96.32,96.34,15
Finam:DX,2021-12-03T18:06:00+03:00,96.34,96.34,96.33,96.33,31
Finam:DX,2021-12-03T18:07:00+03:00,96.32,96.32,96.32,96.32,6
Finam:DX,2021-12-03T18:08:00+03:00,96.31,96.31,96.28,96.29,32
Finam:DX,2021-12-03T18:09:00+03:00,96.29,96.31,96.28,96.28,79
Finam:DX,2021-12-03T18:10:00+03:00,96.27,96.28,96.26,96.28,21
Finam:DX,2021-12-03T18:11:00+03:00,96.28,96.30,96.27,96.28,41
Finam:DX,2021-12-03T18:12:00+03:00,96.28,96.32,96.28,96.32,9
Finam:DX,2021-12-03T18:13:00+03:00,96.32,96.33,96.32,96.32,6
Finam:DX,2021-12-03T18:14:00+03:00,96.30,96.30,96.29,96.29,19
Finam:DX,2021-12-03T18:15:00+03:00,96.29,96.29,96.27,96.29,14
Finam:DX,2021-12-03T18:16:00+03:00,96.31,96.31,96.29,96.29,17
Finam:DX,2021-12-03T18:17:00+03:00,96.31,96.32,96.31,96.32,6
Finam:DX,2021-12-03T18:18:00+03:00,96.32,96.33,96.32,96.33,25
Finam:DX,2021-12-03T18:19:00+03:00,96.31,96.31,96.31,96.31,8
Finam:DX,2021-12-03T18:20:00+03:00,96.30,96.31,96.28,96.31,21
Finam:DX,2021-12-03T18:21:00+03:00,96.32,96.32,96.31,96.31,7
Finam:DX,2021-12-03T18:22:00+03:00,96.30,96.32,96.30,96.32,10
Finam:DX,2021-12-03T18:23:00+03:00,96.31,96.31,96.30,96.30,4
Finam:DX,2021-12-03T18:24:00+03:00,96.31,96.32,96.31,96.31,18
Finam:DX,2021-12-03T18:25:00+03:00,96.31,96.31,96.30,96.30,11
Finam:DX,2021-12-03T18:26:00+03:00,96.30,96.30,96.29,96.29,6
Finam:DX,2021-12-03T18:27:00+03:00,96.30,96.31,96.29,96.29,53
Finam:DX,2021-12-03T18:28:00+03:00,96.29,96.30,96.28,96.28,8
Finam:DX,2021-12-03T18:29:00+03:00,96.27,96.27,96.24,96.25,18
Finam:DX,2021-12-03T18:30:00+03:00,96.25,96.26,96.23,96.26,44
Finam:DX,2021-12-03T18:31:00+03:00,96.25,96.26,96.22,96.22,81
Finam:DX,2021-12-03T18:32:00+03:00,96.22,96.23,96.21,96.21,37
Finam:DX,2021-12-03T18:33:00+03:00,96.22,96.25,96.22,96.25,7
Finam:DX,2021-12-03T18:34:00+03:00,96.25,96.25,96.24,96.24,25
Finam:DX,2021-12-03T18:35:00+03:00,96.25,96.26,96.25,96.26,2
Finam:DX,2021-12-03T18:36:00+03:00,96.26,96.27,96.26,96.27,27
Finam:DX,2021-12-03T18:37:00+03:00,96.25,96.25,96.24,96.24,2
Finam:DX,2021-12-03T18:38:00+03:00,96.23,96.24,96.23,96.24,45
Finam:DX,2021-12-03T18:39:00+03:00,96.23,96.25,96.23,96.24,25
Finam:DX,2021-12-03T18:40:00+03:00,96.22,96.23,96.21,96.21,31
Finam:DX,2021-12-03T18:41:00+03:00,96.22,96.22,96.21,96.21,28
Finam:DX,2021-12-03T18:42:00+03:00,96.20,96.21,96.19,96.19,31
Finam:DX,2021-12-03T18:43:00+03:00,96.21,96.21,96.20,96.21,8
Finam:DX,2021-12-03T18:44:00+03:00,96.21,96.22,96.20,96.22,11
Finam:DX,2021-12-03T18:45:00+03:00,96.22,96.24,96.22,96.24,34
Finam:DX,2021-12-03T18:46:00+03:00,96.25,96.26,96.24,96.24,43
Finam:DX,2021-12-03T18:47:00+03:00,96.24,96.26,96.24,96.25,8
Finam:DX,2021-12-03T18:48:00+03:00,96.24,96.24,96.24,96.24,1
Finam:DX,2021-12-03T18:49:00+03:00,96.22,96.22,96.22,96.22,2
Finam:DX,2021-12-03T18:51:00+03:00,96.21,96.23,96.21,96.23,4
Finam:DX,2021-12-03T18:52:00+03:00,96.21,96.21,96.20,96.20,11
Finam:DX,2021-12-03T18:53:00+03:00,96.20,96.21,96.18,96.19,14
Finam:DX,2021-12-03T18:54:00+03:00,96.20,96.20,96.16,96.17,48
Finam:DX,2021-12-03T18:55:00+03:00,96.17,96.18,96.17,96.18,40
Finam:DX,2021-12-03T18:56:00+03:00,96.17,96.18,96.16,96.18,33
Finam:DX,2021-12-03T18:57:00+03:00,96.19,96.20,96.18,96.18,4
Finam:DX,2021-12-03T18:58:00+03:00,96.19,96.19,96.16,96.16,19
Finam:DX,2021-12-03T18:59:00+03:00,96.16,96.17,96.16,96.16,30
Finam:DX,2021-12-03T19:00:00+03:00,96.16,96.19,96.16,96.19,18
Finam:DX,2021-12-03T19:01:00+03:00,96.18,96.18,96.17,96.17,3
Finam:DX,2021-12-03T19:02:00+03:00,96.17,96.17,96.16,96.16,11
Finam:DX,2021-12-03T19:03:00+03:00,96.16,96.19,96.16,96.19,19
Finam:DX,2021-12-03T19:04:00+03:00,96.19,96.19,96.18,96.19,8
Finam:DX,2021-12-03T19:05:00+03:00,96.20,96.20,96.19,96.19,6
Finam:DX,2021-12-03T19:06:00+03:00,96.20,96.21,96.20,96.21,3
Finam:DX,2021-12-03T19:07:00+03:00,96.21,96.23,96.21,96.23,7
Finam:DX,2021-12-03T19:08:00+03:00,96.22,96.23,96.22,96.23,10
Finam:DX,2021-12-03T19:09:00+03:00,96.22,96.22,96.21,96.21,10
Finam:DX,2021-12-03T19:10:00+03:00,96.21,96.22,96.21,96.22,2
Finam:DX,2021-12-03T19:11:00+03:00,96.22,96.22,96.22,96.22,1
Finam:DX,2021-12-03T19:12:00+03:00,96.22,96.24,96.22,96.24,2
Finam:DX,2021-12-03T19:14:00+03:00,96.21,96.21,96.20,96.21,3
Finam:DX,2021-12-03T19:15:00+03:00,96.21,96.21,96.21,96.21,2
Finam:DX,2021-12-03T19:16:00+03:00,96.20,96.20,96.20,96.20,1
Finam:DX,2021-12-03T19:17:00+03:00,96.18,96.19,96.17,96.18,60
Finam:DX,2021-12-03T19:18:00+03:00,96.18,96.18,96.17,96.17,21
Finam:DX,2021-12-03T19:19:00+03:00,96.17,96.17,96.15,96.15,6
Finam:DX,2021-12-03T19:20:00+03:00,96.16,96.17,96.16,96.17,25
Finam:DX,2021-12-03T19:21:00+03:00,96.17,96.17,96.17,96.17,3
Finam:DX,2021-12-03T19:22:00+03:00,96.16,96.17,96.15,96.17,5
Finam:DX,2021-12-03T19:23:00+03:00,96.18,96.18,96.17,96.18,7
Finam:DX,2021-12-03T19:24:00+03:00,96.17,96.17,96.16,96.16,12
Finam:DX,2021-12-03T19:25:00+03:00,96.17,96.18,96.17,96.18,5
Finam:DX,2021-12-03T19:26:00+03:00,96.19,96.19,96.19,96.19,4
Finam:DX,2021-12-03T19:27:00+03:00,96.17,96.17,96.17,96.17,5
Finam:DX,2021-12-03T19:28:00+03:00,96.18,96.18,96.17,96.17,2
Finam:DX,2021-12-03T19:29:00+03:00,96.18,96.18,96.18,96.18,1
Finam:DX,2021-12-03T19:30:00+03:00,96.17,96.17,96.16,96.16,13
Finam:DX,2021-12-03T19:31:00+03:00,96.16,96.16,96.14,96.14,13
Finam:DX,2021-12-03T19:32:00+03:00,96.15,96.15,96.15,96.15,7
Finam:DX,2021-12-03T19:33:00+03:00,96.15,96.16,96.15,96.16,3
Finam:DX,2021-12-03T19:34:00+03:00,96.16,96.16,96.15,96.15,14
Finam:DX,2021-12-03T19:35:00+03:00,96.15,96.15,96.14,96.14,15
Finam:DX,2021-12-03T19:37:00+03:00,96.14,96.15,96.12,96.13,17
Finam:DX,2021-12-03T19:38:00+03:00,96.12,96.13,96.12,96.13,2
Finam:DX,2021-12-03T19:39:00+03:00,96.13,96.13,96.13,96.13,2
Finam:DX,2021-12-03T19:40:00+03:00,96.14,96.15,96.14,96.15,4
Finam:DX,2021-12-03T19:41:00+03:00,96.15,96.16,96.14,96.14,6
Finam:DX,2021-12-03T19:42:00+03:00,96.14,96.14,96.14,96.14,2
Finam:DX,2021-12-03T19:43:00+03:00,96.14,96.14,96.13,96.13,2
Finam:DX,2021-12-03T19:44:00+03:00,96.13,96.13,96.13,96.13,4
Finam:DX,2021-12-03T19:45:00+03:00,96.13,96.14,96.13,96.14,20
Finam:DX,2021-12-03T19:46:00+03:00,96.14,96.14,96.13,96.13,27
Finam:DX,2021-12-03T19:47:00+03:00,96.14,96.15,96.14,96.15,4
Finam:DX,2021-12-03T19:48:00+03:00,96.14,96.14,96.14,96.14,3
Finam:DX,2021-12-03T19:49:00+03:00,96.15,96.15,96.14,96.14,5
Finam:DX,2021-12-03T19:52:00+03:00,96.15,96.15,96.15,96.15,1
Finam:DX,2021-12-03T19:54:00+03:00,96.16,96.16,96.16,96.16,2
Finam:DX,2021-12-03T19:55:00+03:00,96.16,96.16,96.15,96.16,8
Finam:DX,2021-12-03T19:56:00+03:00,96.16,96.17,96.15,96.17,19
Finam:DX,2021-12-03T19:57:00+03:00,96.15,96.16,96.15,96.16,3
Finam:DX,2021-12-03T19:58:00+03:00,96.16,96.16,96.16,96.16,1
Finam:DX,2021-12-03T19:59:00+03:00,96.14,96.15,96.14,96.15,3
Finam:DX,2021-12-03T20:00:00+03:00,96.15,96.15,96.15,96.15,6
Finam:DX,2021-12-03T20:01:00+03:00,96.14,96.14,96.14,96.14,6
Finam:DX,2021-12-03T20:02:00+03:00,96.15,96.15,96.15,96.15,4
Finam:DX,2021-12-03T20:03:00+03:00,96.15,96.16,96.15,96.16,3
Finam:DX,2021-12-03T20:04:00+03:00,96.16,96.16,96.16,96.16,3
Finam:DX,2021-12-03T20:05:00+03:00,96.16,96.17,96.16,96.17,33
Finam:DX,2021-12-03T20:06:00+03:00,96.17,96.17,96.15,96.15,15
Finam:DX,2021-12-03T20:07:00+03:00,96.16,96.16,96.16,96.16,1
Finam:DX,2021-12-03T20:08:00+03:00,96.16,96.16,96.16,96.16,2
Finam:DX,2021-12-03T20:09:00+03:00,96.16,96.16,96.15,96.15,3
Finam:DX,2021-12-03T20:10:00+03:00,96.16,96.17,96.16,96.17,3
Finam:DX,2021-12-03T20:11:00+03:00,96.16,96.16,96.16,96.16,2
Finam:DX,2021-12-03T20:15:00+03:00,96.16,96.17,96.16,96.17,5
Finam:DX,2021-12-03T20:16:00+03:00,96.16,96.16,96.15,96.15,7
Finam:DX,2021-12-03T20:18:00+03:00,96.16,96.16,96.16,96.16,1
Finam:DX,2021-12-03T20:19:00+03:00,96.15,96.15,96.15,96.15,6
Finam:DX,2021-12-03T20:20:00+03:00,96.14,96.14,96.13,96.13,10
Finam:DX,2021-12-03T20:21:00+03:00,96.13,96.13,96.12,96.12,4
Finam:DX,2021-12-03T20:22:00+03:00,96.11,96.11,96.10,96.10,2
Finam:DX,2021-12-03T20:23:00+03:00,96.10,96.10,96.10,96.10,4
Finam:DX,2021-12-03T20:24:00+03:00,96.10,96.10,96.10,96.10,14
Finam:DX,2021-12-03T20:26:00+03:00,96.09,96.10,96.09,96.10,5
Finam:DX,2021-12-03T20:27:00+03:00,96.09,96.09,96.09,96.09,6
Finam:DX,2021-12-03T20:28:00+03:00,96.09,96.09,96.08,96.08,42
Finam:DX,2021-12-03T20:29:00+03:00,96.09,96.10,96.09,96.10,3
Finam:DX,2021-12-03T20:30:00+03:00,96.09,96.10,96.09,96.10,8
Finam:DX,2021-12-03T20:31:00+03:00,96.08,96.08,96.08,96.08,5
Finam:DX,2021-12-03T20:32:00+03:00,96.08,96.09,96.08,96.08,29
Finam:DX,2021-12-03T20:33:00+03:00,96.08,96.08,96.06,96.06,29
Finam:DX,2021-12-03T20:34:00+03:00,96.06,96.06,96.05,96.05,81
Finam:DX,2021-12-03T20:35:00+03:00,96.06,96.07,96.05,96.06,158
Finam:DX,2021-12-03T20:36:00+03:00,96.06,96.07,96.06,96.07,10
Finam:DX,2021-12-03T20:37:00+03:00,96.05,96.06,96.05,96.06,3
Finam:DX,2021-12-03T20:38:00+03:00,96.06,96.06,96.05,96.05,4
Finam:DX,2021-12-03T20:39:00+03:00,96.05,96.06,96.04,96.04,70
Finam:DX,2021-12-03T20:40:00+03:00,96.04,96.05,96.03,96.05,112
Finam:DX,2021-12-03T20:41:00+03:00,96.03,96.04,96.03,96.04,2
Finam:DX,2021-12-03T20:42:00+03:00,96.04,96.04,96.04,96.04,2
Finam:DX,2021-12-03T20:45:00+03:00,96.05,96.05,96.05,96.05,4
Finam:DX,2021-12-03T20:46:00+03:00,96.05,96.05,96.05,96.05,45
Finam:DX,2021-12-03T20:47:00+03:00,96.05,96.05,96.04,96.04,45
Finam:DX,2021-12-03T20:48:00+03:00,96.04,96.04,96.03,96.03,23
Finam:DX,2021-12-03T20:49:00+03:00,96.04,96.04,96.03,96.03,15
Finam:DX,2021-12-03T20:50:00+03:00,96.03,96.03,96.02,96.02,48
Finam:DX,2021-12-03T20:51:00+03:00,96.02,96.03,96.02,96.02,25
Finam:DX,2021-12-03T20:52:00+03:00,96.02,96.02,96.00,96.00,23
Finam:DX,2021-12-03T20:53:00+03:00,96.01,96.02,96.01,96.01,15
Finam:DX,2021-12-03T20:54:00+03:00,96.02,96.02,96.02,96.02,22
Finam:DX,2021-12-03T20:55:00+03:00,96.02,96.02,96.02,96.02,20
Finam:DX,2021-12-03T20:56:00+03:00,96.02,96.03,96.02,96.03,4
Finam:DX,2021-12-03T20:57:00+03:00,96.03,96.03,96.01,96.01,13
Finam:DX,2021-12-03T20:58:00+03:00,96.02,96.03,96.02,96.03,3
Finam:DX,2021-12-03T20:59:00+03:00,96.03,96.03,96.02,96.02,5
Finam:DX,2021-12-03T21:00:00+03:00,96.02,96.04,96.02,96.04,52
Finam:DX,2021-12-03T21:01:00+03:00,96.03,96.03,96.03,96.03,1
Finam:DX,2021-12-03T21:02:00+03:00,96.03,96.03,96.03,96.03,2
Finam:DX,2021-12-03T21:03:00+03:00,96.03,96.03,96.02,96.02,6
Finam:DX,2021-12-03T21:04:00+03:00,96.02,96.02,96.01,96.02,4
Finam:DX,2021-12-03T21:05:00+03:00,96.02,96.02,96.01,96.01,7
Finam:DX,2021-12-03T21:06:00+03:00,96.02,96.02,96.01,96.01,103
Finam:DX,2021-12-03T21:07:00+03:00,96.01,96.01,96.00,96.01,61
Finam:DX,2021-12-03T21:08:00+03:00,96.01,96.02,96.01,96.02,25
Finam:DX,2021-12-03T21:09:00+03:00,96.02,96.02,96.02,96.02,12
Finam:DX,2021-12-03T21:10:00+03:00,96.02,96.02,96.02,96.02,5
Finam:DX,2021-12-03T21:11:00+03:00,96.03,96.03,96.03,96.03,2
Finam:DX,2021-12-03T21:12:00+03:00,96.02,96.02,96.01,96.01,28
Finam:DX,2021-12-03T21:13:00+03:00,96.02,96.03,96.02,96.03,7
Finam:DX,2021-12-03T21:14:00+03:00,96.03,96.03,96.03,96.03,2
Finam:DX,2021-12-03T21:15:00+03:00,96.03,96.03,96.03,96.03,9
Finam:DX,2021-12-03T21:16:00+03:00,96.03,96.04,96.03,96.04,47
Finam:DX,2021-12-03T21:17:00+03:00,96.03,96.04,96.03,96.04,30
Finam:DX,2021-12-03T21:18:00+03:00,96.04,96.05,96.04,96.04,34
Finam:DX,2021-12-03T21:19:00+03:00,96.03,96.03,96.02,96.02,17
Finam:DX,2021-12-03T21:20:00+03:00,96.03,96.03,96.02,96.02,26
Finam:DX,2021-12-03T21:21:00+03:00,96.03,96.04,96.02,96.02,9
Finam:DX,2021-12-03T21:22:00+03:00,96.03,96.03,96.03,96.03,1
Finam:DX,2021-12-03T21:23:00+03:00,96.03,96.03,96.03,96.03,1
Finam:DX,2021-12-03T21:24:00+03:00,96.02,96.02,96.01,96.01,5
Finam:DX,2021-12-03T21:25:00+03:00,96.02,96.03,96.02,96.03,11
Finam:DX,2021-12-03T21:27:00+03:00,96.03,96.03,96.03,96.03,1
Finam:DX,2021-12-03T21:28:00+03:00,96.03,96.03,96.03,96.03,1
Finam:DX,2021-12-03T21:29:00+03:00,96.03,96.04,96.03,96.04,3
Finam:DX,2021-12-03T21:30:00+03:00,96.03,96.04,96.03,96.04,6
Finam:DX,2021-12-03T21:31:00+03:00,96.04,96.05,96.04,96.05,3
Finam:DX,2021-12-03T21:32:00+03:00,96.03,96.04,96.03,96.04,5
Finam:DX,2021-12-03T21:33:00+03:00,96.05,96.06,96.05,96.06,7
Finam:DX,2021-12-03T21:34:00+03:00,96.05,96.06,96.05,96.06,3
Finam:DX,2021-12-03T21:35:00+03:00,96.05,96.06,96.04,96.06,26
Finam:DX,2021-12-03T21:36:00+03:00,96.06,96.06,96.06,96.06,5
Finam:DX,2021-12-03T21:37:00+03:00,96.06,96.07,96.06,96.07,9
Finam:DX,2021-12-03T21:38:00+03:00,96.07,96.08,96.07,96.08,4
Finam:DX,2021-12-03T21:39:00+03:00,96.07,96.07,96.07,96.07,15
Finam:DX,2021-12-03T21:40:00+03:00,96.07,96.09,96.07,96.09,10
Finam:DX,2021-12-03T21:41:00+03:00,96.08,96.08,96.08,96.08,1
Finam:DX,2021-12-03T21:42:00+03:00,96.08,96.09,96.08,96.08,7
Finam:DX,2021-12-03T21:43:00+03:00,96.08,96.09,96.08,96.08,9
Finam:DX,2021-12-03T21:45:00+03:00,96.08,96.09,96.08,96.09,13
Finam:DX,2021-12-03T21:46:00+03:00,96.09,96.09,96.09,96.09,1
Finam:DX,2021-12-03T21:47:00+03:00,96.09,96.10,96.09,96.09,7
Finam:DX,2021-12-03T21:48:00+03:00,96.09,96.09,96.09,96.09,5
Finam:DX,2021-12-03T21:49:00+03:00,96.09,96.09,96.09,96.09,5
Finam:DX,2021-12-03T21:50:00+03:00,96.10,96.11,96.10,96.11,13
Finam:DX,2021-12-03T21:51:00+03:00,96.10,96.11,96.10,96.11,12
Finam:DX,2021-12-03T21:52:00+03:00,96.10,96.10,96.10,96.10,4
Finam:DX,2021-12-03T21:53:00+03:00,96.11,96.11,96.11,96.11,9
Finam:DX,2021-12-03T21:54:00+03:00,96.11,96.11,96.10,96.10,3
Finam:DX,2021-12-03T21:55:00+03:00,96.11,96.12,96.11,96.12,23
Finam:DX,2021-12-03T21:56:00+03:00,96.11,96.12,96.11,96.11,17
Finam:DX,2021-12-03T21:57:00+03:00,96.11,96.11,96.10,96.10,14
Finam:DX,2021-12-03T21:58:00+03:00,96.10,96.10,96.09,96.09,29
Finam:DX,2021-12-03T21:59:00+03:00,96.10,96.13,96.09,96.13,128
Finam:DX,2021-12-03T22:00:00+03:00,96.12,96.13,96.12,96.13,57
Finam:DX,2021-12-03T22:01:00+03:00,96.13,96.14,96.12,96.14,52
Finam:DX,2021-12-03T22:02:00+03:00,96.13,96.14,96.13,96.13,74
Finam:DX,2021-12-03T22:03:00+03:00,96.12,96.12,96.11,96.11,68
Finam:DX,2021-12-03T22:04:00+03:00,96.11,96.12,96.11,96.11,43
Finam:DX,2021-12-03T22:05:00+03:00,96.12,96.14,96.12,96.14,27
Finam:DX,2021-12-03T22:06:00+03:00,96.13,96.14,96.13,96.14,30
Finam:DX,2021-12-03T22:07:00+03:00,96.13,96.14,96.13,96.14,15
Finam:DX,2021-12-03T22:08:00+03:00,96.14,96.14,96.14,96.14,3
Finam:DX,2021-12-03T22:09:00+03:00,96.14,96.15,96.11,96.13,7
Finam:DX,2021-12-03T22:10:00+03:00,96.14,96.15,96.14,96.15,2
Finam:DX,2021-12-03T22:11:00+03:00,96.15,96.15,96.15,96.15,5
Finam:DX,2021-12-03T22:12:00+03:00,96.16,96.16,96.16,96.16,19
Finam:DX,2021-12-03T22:13:00+03:00,96.14,96.15,96.14,96.15,16
Finam:DX,2021-12-03T22:14:00+03:00,96.15,96.15,96.15,96.15,2
Finam:DX,2021-12-03T22:15:00+03:00,96.15,96.16,96.14,96.14,44
Finam:DX,2021-12-03T22:16:00+03:00,96.14,96.15,96.14,96.15,36
Finam:DX,2021-12-03T22:17:00+03:00,96.14,96.15,96.14,96.15,26
Finam:DX,2021-12-03T22:18:00+03:00,96.15,96.16,96.14,96.15,14
Finam:DX,2021-12-03T22:19:00+03:00,96.15,96.17,96.15,96.16,52
Finam:DX,2021-12-03T22:20:00+03:00,96.15,96.15,96.14,96.14,22
Finam:DX,2021-12-03T22:21:00+03:00,96.15,96.15,96.15,96.15,9
Finam:DX,2021-12-03T22:22:00+03:00,96.15,96.15,96.15,96.15,1
Finam:DX,2021-12-03T22:23:00+03:00,96.16,96.16,96.16,96.16,20
Finam:DX,2021-12-03T22:27:00+03:00,96.15,96.16,96.15,96.16,7
Finam:DX,2021-12-03T22:28:00+03:00,96.15,96.15,96.15,96.15,1
Finam:DX,2021-12-03T22:30:00+03:00,96.15,96.15,96.15,96.15,2
Finam:DX,2021-12-03T22:31:00+03:00,96.15,96.16,96.15,96.15,9
Finam:DX,2021-12-03T22:32:00+03:00,96.15,96.16,96.15,96.16,17
Finam:DX,2021-12-03T22:34:00+03:00,96.16,96.16,96.16,96.16,1
Finam:DX,2021-12-03T22:35:00+03:00,96.17,96.17,96.17,96.17,4
Finam:DX,2021-12-03T22:36:00+03:00,96.16,96.16,96.16,96.16,4
Finam:DX,2021-12-03T22:37:00+03:00,96.17,96.17,96.17,96.17,1
Finam:DX,2021-12-03T22:38:00+03:00,96.17,96.17,96.17,96.17,3
Finam:DX,2021-12-03T22:39:00+03:00,96.17,96.17,96.17,96.17,1
Finam:DX,2021-12-03T22:40:00+03:00,96.16,96.17,96.16,96.17,12
Finam:DX,2021-12-03T22:41:00+03:00,96.17,96.17,96.17,96.17,1
Finam:DX,2021-12-03T22:42:00+03:00,96.17,96.18,96.17,96.18,6
Finam:DX,2021-12-03T22:43:00+03:00,96.18,96.19,96.18,96.19,24
Finam:DX,2021-12-03T22:46:00+03:00,96.19,96.19,96.19,96.19,4
Finam:DX,2021-12-03T22:47:00+03:00,96.19,96.19,96.19,96.19,1
Finam:DX,2021-12-03T22:48:00+03:00,96.19,96.19,96.19,96.19,4
Finam:DX,2021-12-03T22:49:00+03:00,96.19,96.19,96.18,96.18,3
Finam:DX,2021-12-03T22:50:00+03:00,96.18,96.18,96.18,96.18,3
Finam:DX,2021-12-03T22:51:00+03:00,96.18,96.18,96.18,96.18,14
Finam:DX,2021-12-03T22:52:00+03:00,96.18,96.18,96.17,96.17,2
Finam:DX,2021-12-03T22:53:00+03:00,96.19,96.21,96.19,96.21,35
Finam:DX,2021-12-03T22:54:00+03:00,96.20,96.20,96.20,96.20,6
Finam:DX,2021-12-03T22:55:00+03:00,96.21,96.21,96.20,96.20,24
Finam:DX,2021-12-03T22:56:00+03:00,96.19,96.19,96.18,96.19,5
Finam:DX,2021-12-03T22:57:00+03:00,96.18,96.18,96.16,96.16,10
Finam:DX,2021-12-03T22:58:00+03:00,96.16,96.16,96.15,96.16,42
Finam:DX,2021-12-03T22:59:00+03:00,96.16,96.16,96.15,96.15,16
Finam:DX,2021-12-03T23:00:00+03:00,96.16,96.16,96.15,96.15,9
Finam:DX,2021-12-03T23:01:00+03:00,96.15,96.15,96.15,96.15,4
Finam:DX,2021-12-03T23:02:00+03:00,96.14,96.14,96.14,96.14,2
Finam:DX,2021-12-03T23:03:00+03:00,96.15,96.15,96.15,96.15,7
Finam:DX,2021-12-03T23:04:00+03:00,96.15,96.16,96.15,96.16,8
Finam:DX,2021-12-03T23:07:00+03:00,96.17,96.17,96.17,96.17,15
Finam:DX,2021-12-03T23:08:00+03:00,96.16,96.17,96.16,96.17,2
Finam:DX,2021-12-03T23:09:00+03:00,96.16,96.16,96.16,96.16,1
Finam:DX,2021-12-03T23:10:00+03:00,96.16,96.16,96.16,96.16,8
Finam:DX,2021-12-03T23:11:00+03:00,96.16,96.16,96.16,96.16,1
Finam:DX,2021-12-03T23:13:00+03:00,96.16,96.17,96.16,96.17,27
Finam:DX,2021-12-03T23:14:00+03:00,96.16,96.16,96.16,96.16,3
Finam:DX,2021-12-03T23:15:00+03:00,96.16,96.17,96.16,96.17,2
Finam:DX,2021-12-03T23:16:00+03:00,96.15,96.15,96.15,96.15,5
Finam:DX,2021-12-03T23:21:00+03:00,96.17,96.17,96.17,96.17,1
Finam:DX,2021-12-03T23:24:00+03:00,96.17,96.17,96.17,96.17,1
Finam:DX,2021-12-03T23:35:00+03:00,96.18,96.18,96.17,96.17,10
Finam:DX,2021-12-03T23:37:00+03:00,96.17,96.17,96.17,96.17,2
Finam:DX,2021-12-03T23:39:00+03:00,96.18,96.18,96.18,96.18,1
Finam:DX,2021-12-03T23:40:00+03:00,96.18,96.18,96.18,96.18,2
Finam:DX,2021-12-03T23:45:00+03:00,96.18,96.18,96.17,96.17,8
Finam:DX,2021-12-03T23:46:00+03:00,96.17,96.17,96.17,96.17,3
Finam:DX,2021-12-03T23:47:00+03:00,96.18,96.18,96.18,96.18,3
Finam:DX,2021-12-03T23:48:00+03:00,96.18,96.18,96.18,96.18,3
Finam:DX,2021-12-03T23:49:00+03:00,96.18,96.18,96.18,96.18,13
Finam:DX,2021-12-03T23:50:00+03:00,96.17,96.17,96.17,96.17,6
Finam:DX,2021-12-03T23:54:00+03:00,96.18,96.18,96.17,96.17,3
Finam:DX,2021-12-03T23:58:00+03:00,96.18,96.18,96.18,96.18,1
Finam:DX,2021-12-03T23:59:00+03:00,96.18,96.18,96.18,96.18,8
