Finam:BR,2023-08-22T02:46:00+03:00,84.59,84.59,84.59,84.59,6
Finam:BR,2023-08-22T02:47:00+03:00,84.59,84.59,84.59,84.59,6
Finam:BR,2023-08-22T02:48:00+03:00,84.59,84.59,84.59,84.59,6
Finam:BR,2023-08-22T02:49:00+03:00,84.59,84.59,84.59,84.59,6
Finam:BR,2023-08-22T02:50:00+03:00,84.59,84.59,84.59,84.59,6
Finam:BR,2023-08-22T02:51:00+03:00,84.59,84.59,84.59,84.59,6
Finam:BR,2023-08-22T02:52:00+03:00,84.59,84.59,84.59,84.59,6
Finam:BR,2023-08-22T02:53:00+03:00,84.59,84.59,84.59,84.59,6
Finam:BR,2023-08-22T02:54:00+03:00,84.59,84.59,84.59,84.59,6
Finam:BR,2023-08-22T02:55:00+03:00,84.59,84.59,84.59,84.59,6
Finam:BR,2023-08-22T02:56:00+03:00,84.59,84.59,84.59,84.59,6
Finam:BR,2023-08-22T02:57:00+03:00,84.59,84.59,84.59,84.59,6
Finam:BR,2023-08-22T02:58:00+03:00,84.59,84.59,84.59,84.59,6
Finam:BR,2023-08-22T02:59:00+03:00,84.59,84.59,84.59,84.59,6
Finam:BR,2023-08-22T03:00:00+03:00,84.59,84.59,84.41,84.45,50
Finam:BR,2023-08-22T03:01:00+03:00,84.46,84.47,84.44,84.46,87
Finam:BR,2023-08-22T03:02:00+03:00,84.46,84.49,84.46,84.49,22
Finam:BR,2023-08-22T03:03:00+03:00,84.47,84.47,84.46,84.46,2
Finam:BR,2023-08-22T03:04:00+03:00,84.46,84.46,84.45,84.45,4
Finam:BR,2023-08-22T03:05:00+03:00,84.46,84.46,84.46,84.46,1
Finam:BR,2023-08-22T03:06:00+03:00,84.46,84.47,84.46,84.47,32
Finam:BR,2023-08-22T03:07:00+03:00,84.46,84.46,84.45,84.45,8
Finam:BR,2023-08-22T03:08:00+03:00,84.46,84.48,84.45,84.48,48
Finam:BR,2023-08-22T03:09:00+03:00,84.46,84.47,84.46,84.46,11
Finam:BR,2023-08-22T03:10:00+03:00,84.47,84.48,84.45,84.46,9
Finam:BR,2023-08-22T03:11:00+03:00,84.45,84.45,84.45,84.45,1
Finam:BR,2023-08-22T03:12:00+03:00,84.45,84.45,84.44,84.44,30
Finam:BR,2023-08-22T03:13:00+03:00,84.44,84.44,84.44,84.44,4
Finam:BR,2023-08-22T03:14:00+03:00,84.45,84.46,84.45,84.46,4
Finam:BR,2023-08-22T03:15:00+03:00,84.46,84.46,84.46,84.46,6
Finam:BR,2023-08-22T03:16:00+03:00,84.47,84.48,84.47,84.48,6
Finam:BR,2023-08-22T03:17:00+03:00,84.47,84.47,84.47,84.47,4
Finam:BR,2023-08-22T03:18:00+03:00,84.46,84.48,84.46,84.48,8
Finam:BR,2023-08-22T03:19:00+03:00,84.49,84.50,84.49,84.50,16
Finam:BR,2023-08-22T03:20:00+03:00,84.50,84.51,84.50,84.51,4
Finam:BR,2023-08-22T03:22:00+03:00,84.50,84.50,84.49,84.49,14
Finam:BR,2023-08-22T03:23:00+03:00,84.50,84.50,84.49,84.49,3
Finam:BR,2023-08-22T03:24:00+03:00,84.48,84.48,84.48,84.48,1
Finam:BR,2023-08-22T03:25:00+03:00,84.48,84.49,84.47,84.48,14
Finam:BR,2023-08-22T03:26:00+03:00,84.48,84.49,84.47,84.47,9
Finam:BR,2023-08-22T03:27:00+03:00,84.48,84.48,84.48,84.48,2
Finam:BR,2023-08-22T03:28:00+03:00,84.49,84.49,84.49,84.49,16
Finam:BR,2023-08-22T03:30:00+03:00,84.49,84.50,84.49,84.50,6
Finam:BR,2023-08-22T03:32:00+03:00,84.49,84.49,84.49,84.49,2
Finam:BR,2023-08-22T03:33:00+03:00,84.50,84.50,84.49,84.49,17
Finam:BR,2023-08-22T03:34:00+03:00,84.50,84.51,84.50,84.51,5
Finam:BR,2023-08-22T03:35:00+03:00,84.51,84.51,84.51,84.51,4
Finam:BR,2023-08-22T03:36:00+03:00,84.51,84.53,84.51,84.53,26
Finam:BR,2023-08-22T03:37:00+03:00,84.53,84.53,84.52,84.52,44
Finam:BR,2023-08-22T03:38:00+03:00,84.52,84.52,84.52,84.52,7
Finam:BR,2023-08-22T03:39:00+03:00,84.52,84.54,84.52,84.54,3
Finam:BR,2023-08-22T03:40:00+03:00,84.55,84.55,84.55,84.55,8
Finam:BR,2023-08-22T03:41:00+03:00,84.55,84.55,84.55,84.55,8
Finam:BR,2023-08-22T03:42:00+03:00,84.56,84.56,84.56,84.56,12
Finam:BR,2023-08-22T03:43:00+03:00,84.56,84.56,84.55,84.55,8
Finam:BR,2023-08-22T03:44:00+03:00,84.56,84.56,84.56,84.56,10
Finam:BR,2023-08-22T03:45:00+03:00,84.55,84.55,84.55,84.55,11
Finam:BR,2023-08-22T03:46:00+03:00,84.55,84.55,84.55,84.55,1
Finam:BR,2023-08-22T03:47:00+03:00,84.55,84.56,84.55,84.56,13
Finam:BR,2023-08-22T03:48:00+03:00,84.56,84.56,84.55,84.55,16
Finam:BR,2023-08-22T03:49:00+03:00,84.56,84.56,84.56,84.56,3
Finam:BR,2023-08-22T03:50:00+03:00,84.57,84.57,84.57,84.57,20
Finam:BR,2023-08-22T03:51:00+03:00,84.57,84.57,84.57,84.57,5
Finam:BR,2023-08-22T03:52:00+03:00,84.56,84.56,84.55,84.55,6
Finam:BR,2023-08-22T03:53:00+03:00,84.55,84.56,84.55,84.56,10
Finam:BR,2023-08-22T03:54:00+03:00,84.56,84.56,84.56,84.56,4
Finam:BR,2023-08-22T03:55:00+03:00,84.57,84.58,84.57,84.57,69
Finam:BR,2023-08-22T03:56:00+03:00,84.57,84.57,84.57,84.57,15
Finam:BR,2023-08-22T03:57:00+03:00,84.58,84.58,84.58,84.58,8
Finam:BR,2023-08-22T03:58:00+03:00,84.59,84.59,84.58,84.58,7
Finam:BR,2023-08-22T03:59:00+03:00,84.58,84.61,84.58,84.60,232
Finam:BR,2023-08-22T04:00:00+03:00,84.59,84.61,84.59,84.61,119
Finam:BR,2023-08-22T04:01:00+03:00,84.58,84.58,84.55,84.57,46
Finam:BR,2023-08-22T04:02:00+03:00,84.56,84.57,84.54,84.55,27
Finam:BR,2023-08-22T04:03:00+03:00,84.54,84.61,84.54,84.61,27
Finam:BR,2023-08-22T04:04:00+03:00,84.60,84.61,84.59,84.60,24
Finam:BR,2023-08-22T04:05:00+03:00,84.60,84.60,84.55,84.56,38
Finam:BR,2023-08-22T04:06:00+03:00,84.52,84.52,84.50,84.50,40
Finam:BR,2023-08-22T04:07:00+03:00,84.49,84.51,84.49,84.50,21
Finam:BR,2023-08-22T04:08:00+03:00,84.49,84.50,84.48,84.50,9
Finam:BR,2023-08-22T04:09:00+03:00,84.49,84.49,84.47,84.49,115
Finam:BR,2023-08-22T04:10:00+03:00,84.49,84.49,84.49,84.49,8
Finam:BR,2023-08-22T04:11:00+03:00,84.48,84.48,84.46,84.47,11
Finam:BR,2023-08-22T04:12:00+03:00,84.47,84.51,84.46,84.51,12
Finam:BR,2023-08-22T04:13:00+03:00,84.50,84.51,84.49,84.51,38
Finam:BR,2023-08-22T04:14:00+03:00,84.51,84.52,84.49,84.49,7
Finam:BR,2023-08-22T04:15:00+03:00,84.50,84.51,84.49,84.49,11
Finam:BR,2023-08-22T04:16:00+03:00,84.48,84.48,84.47,84.48,30
Finam:BR,2023-08-22T04:17:00+03:00,84.49,84.50,84.49,84.49,16
Finam:BR,2023-08-22T04:18:00+03:00,84.48,84.48,84.47,84.47,4
Finam:BR,2023-08-22T04:19:00+03:00,84.47,84.47,84.44,84.46,23
Finam:BR,2023-08-22T04:20:00+03:00,84.46,84.47,84.46,84.46,5
Finam:BR,2023-08-22T04:21:00+03:00,84.44,84.47,84.44,84.47,21
Finam:BR,2023-08-22T04:22:00+03:00,84.48,84.52,84.48,84.52,11
Finam:BR,2023-08-22T04:23:00+03:00,84.52,84.52,84.48,84.50,59
Finam:BR,2023-08-22T04:24:00+03:00,84.50,84.51,84.50,84.51,16
Finam:BR,2023-08-22T04:25:00+03:00,84.50,84.50,84.49,84.50,16
Finam:BR,2023-08-22T04:26:00+03:00,84.53,84.55,84.53,84.53,115
Finam:BR,2023-08-22T04:27:00+03:00,84.54,84.54,84.54,84.54,6
Finam:BR,2023-08-22T04:28:00+03:00,84.53,84.53,84.53,84.53,1
Finam:BR,2023-08-22T04:29:00+03:00,84.54,84.55,84.54,84.54,8
Finam:BR,2023-08-22T04:30:00+03:00,84.55,84.62,84.55,84.62,16
Finam:BR,2023-08-22T04:31:00+03:00,84.61,84.64,84.60,84.63,29
Finam:BR,2023-08-22T04:32:00+03:00,84.62,84.62,84.61,84.62,19
Finam:BR,2023-08-22T04:33:00+03:00,84.61,84.61,84.59,84.59,19
Finam:BR,2023-08-22T04:34:00+03:00,84.58,84.58,84.55,84.55,11
Finam:BR,2023-08-22T04:35:00+03:00,84.55,84.55,84.53,84.53,9
Finam:BR,2023-08-22T04:36:00+03:00,84.52,84.52,84.51,84.52,13
Finam:BR,2023-08-22T04:37:00+03:00,84.52,84.52,84.49,84.49,10
Finam:BR,2023-08-22T04:38:00+03:00,84.48,84.52,84.47,84.51,18
Finam:BR,2023-08-22T04:39:00+03:00,84.52,84.52,84.48,84.49,44
Finam:BR,2023-08-22T04:40:00+03:00,84.48,84.50,84.46,84.47,36
Finam:BR,2023-08-22T04:41:00+03:00,84.48,84.48,84.43,84.43,28
Finam:BR,2023-08-22T04:42:00+03:00,84.43,84.45,84.43,84.43,15
Finam:BR,2023-08-22T04:43:00+03:00,84.43,84.43,84.42,84.42,4
Finam:BR,2023-08-22T04:44:00+03:00,84.42,84.42,84.41,84.41,22
Finam:BR,2023-08-22T04:45:00+03:00,84.41,84.44,84.41,84.44,5
Finam:BR,2023-08-22T04:46:00+03:00,84.44,84.44,84.39,84.39,34
Finam:BR,2023-08-22T04:47:00+03:00,84.38,84.40,84.38,84.40,79
Finam:BR,2023-08-22T04:48:00+03:00,84.40,84.42,84.40,84.41,34
Finam:BR,2023-08-22T04:49:00+03:00,84.41,84.41,84.41,84.41,9
Finam:BR,2023-08-22T04:50:00+03:00,84.40,84.40,84.36,84.37,30
Finam:BR,2023-08-22T04:51:00+03:00,84.37,84.38,84.37,84.38,37
Finam:BR,2023-08-22T04:52:00+03:00,84.37,84.38,84.29,84.29,236
Finam:BR,2023-08-22T04:53:00+03:00,84.29,84.29,84.26,84.26,82
Finam:BR,2023-08-22T04:54:00+03:00,84.27,84.29,84.27,84.29,31
Finam:BR,2023-08-22T04:55:00+03:00,84.29,84.32,84.28,84.31,18
Finam:BR,2023-08-22T04:56:00+03:00,84.31,84.32,84.30,84.31,38
Finam:BR,2023-08-22T04:57:00+03:00,84.30,84.30,84.28,84.28,11
Finam:BR,2023-08-22T04:58:00+03:00,84.29,84.29,84.29,84.29,19
Finam:BR,2023-08-22T04:59:00+03:00,84.28,84.30,84.26,84.28,101
Finam:BR,2023-08-22T05:00:00+03:00,84.29,84.31,84.29,84.31,34
Finam:BR,2023-08-22T05:01:00+03:00,84.32,84.32,84.29,84.29,16
Finam:BR,2023-08-22T05:02:00+03:00,84.30,84.30,84.29,84.30,56
Finam:BR,2023-08-22T05:03:00+03:00,84.30,84.32,84.30,84.32,125
Finam:BR,2023-08-22T05:04:00+03:00,84.34,84.34,84.31,84.31,15
Finam:BR,2023-08-22T05:05:00+03:00,84.31,84.31,84.30,84.31,20
Finam:BR,2023-08-22T05:06:00+03:00,84.31,84.33,84.28,84.28,30
Finam:BR,2023-08-22T05:07:00+03:00,84.29,84.31,84.29,84.31,3
Finam:BR,2023-08-22T05:08:00+03:00,84.32,84.32,84.29,84.29,27
Finam:BR,2023-08-22T05:09:00+03:00,84.29,84.29,84.26,84.26,11
Finam:BR,2023-08-22T05:10:00+03:00,84.28,84.31,84.28,84.30,68
Finam:BR,2023-08-22T05:11:00+03:00,84.31,84.33,84.31,84.33,61
Finam:BR,2023-08-22T05:12:00+03:00,84.33,84.33,84.31,84.32,9
Finam:BR,2023-08-22T05:13:00+03:00,84.32,84.34,84.32,84.33,48
Finam:BR,2023-08-22T05:14:00+03:00,84.31,84.31,84.30,84.31,8
Finam:BR,2023-08-22T05:15:00+03:00,84.31,84.31,84.31,84.31,1
Finam:BR,2023-08-22T05:16:00+03:00,84.32,84.32,84.31,84.31,13
Finam:BR,2023-08-22T05:17:00+03:00,84.31,84.31,84.30,84.30,35
Finam:BR,2023-08-22T05:18:00+03:00,84.32,84.34,84.32,84.33,40
Finam:BR,2023-08-22T05:20:00+03:00,84.31,84.31,84.31,84.31,2
Finam:BR,2023-08-22T05:21:00+03:00,84.31,84.34,84.31,84.34,16
Finam:BR,2023-08-22T05:22:00+03:00,84.34,84.35,84.34,84.35,7
Finam:BR,2023-08-22T05:23:00+03:00,84.36,84.38,84.35,84.37,116
Finam:BR,2023-08-22T05:24:00+03:00,84.36,84.36,84.34,84.35,33
Finam:BR,2023-08-22T05:26:00+03:00,84.34,84.37,84.34,84.36,32
Finam:BR,2023-08-22T05:27:00+03:00,84.35,84.36,84.35,84.36,150
Finam:BR,2023-08-22T05:28:00+03:00,84.37,84.37,84.37,84.37,2
Finam:BR,2023-08-22T05:29:00+03:00,84.38,84.40,84.38,84.39,85
Finam:BR,2023-08-22T05:30:00+03:00,84.37,84.43,84.37,84.42,31
Finam:BR,2023-08-22T05:31:00+03:00,84.42,84.43,84.41,84.41,60
Finam:BR,2023-08-22T05:32:00+03:00,84.42,84.43,84.42,84.43,10
Finam:BR,2023-08-22T05:33:00+03:00,84.42,84.43,84.42,84.43,33
Finam:BR,2023-08-22T05:34:00+03:00,84.42,84.42,84.40,84.40,4
Finam:BR,2023-08-22T05:35:00+03:00,84.41,84.41,84.40,84.41,9
Finam:BR,2023-08-22T05:36:00+03:00,84.40,84.41,84.40,84.41,16
Finam:BR,2023-08-22T05:37:00+03:00,84.40,84.42,84.40,84.41,9
Finam:BR,2023-08-22T05:38:00+03:00,84.40,84.40,84.40,84.40,1
Finam:BR,2023-08-22T05:39:00+03:00,84.40,84.40,84.40,84.40,8
Finam:BR,2023-08-22T05:40:00+03:00,84.38,84.38,84.38,84.38,7
Finam:BR,2023-08-22T05:41:00+03:00,84.38,84.39,84.38,84.39,2
Finam:BR,2023-08-22T05:42:00+03:00,84.37,84.37,84.37,84.37,1
Finam:BR,2023-08-22T05:43:00+03:00,84.38,84.40,84.38,84.39,18
Finam:BR,2023-08-22T05:44:00+03:00,84.40,84.41,84.38,84.38,62
Finam:BR,2023-08-22T05:45:00+03:00,84.38,84.38,84.37,84.38,10
Finam:BR,2023-08-22T05:46:00+03:00,84.39,84.39,84.39,84.39,8
Finam:BR,2023-08-22T05:47:00+03:00,84.38,84.38,84.38,84.38,13
Finam:BR,2023-08-22T05:48:00+03:00,84.38,84.38,84.38,84.38,3
Finam:BR,2023-08-22T05:49:00+03:00,84.37,84.37,84.35,84.36,24
Finam:BR,2023-08-22T05:50:00+03:00,84.36,84.36,84.35,84.35,16
Finam:BR,2023-08-22T05:51:00+03:00,84.37,84.37,84.37,84.37,58
Finam:BR,2023-08-22T05:52:00+03:00,84.35,84.35,84.35,84.35,2
Finam:BR,2023-08-22T05:53:00+03:00,84.36,84.36,84.36,84.36,4
Finam:BR,2023-08-22T05:54:00+03:00,84.37,84.37,84.37,84.37,2
Finam:BR,2023-08-22T05:56:00+03:00,84.35,84.37,84.35,84.36,19
Finam:BR,2023-08-22T05:57:00+03:00,84.36,84.39,84.36,84.38,36
Finam:BR,2023-08-22T05:58:00+03:00,84.37,84.37,84.37,84.37,4
Finam:BR,2023-08-22T05:59:00+03:00,84.37,84.37,84.34,84.35,29
Finam:BR,2023-08-22T06:00:00+03:00,84.34,84.35,84.32,84.34,58
Finam:BR,2023-08-22T06:01:00+03:00,84.36,84.38,84.36,84.37,11
Finam:BR,2023-08-22T06:02:00+03:00,84.36,84.36,84.36,84.36,1
Finam:BR,2023-08-22T06:03:00+03:00,84.36,84.37,84.36,84.37,14
Finam:BR,2023-08-22T06:04:00+03:00,84.37,84.40,84.37,84.38,14
Finam:BR,2023-08-22T06:05:00+03:00,84.39,84.42,84.39,84.42,9
Finam:BR,2023-08-22T06:06:00+03:00,84.41,84.45,84.40,84.45,132
Finam:BR,2023-08-22T06:07:00+03:00,84.46,84.46,84.42,84.42,45
Finam:BR,2023-08-22T06:08:00+03:00,84.41,84.41,84.40,84.40,15
Finam:BR,2023-08-22T06:09:00+03:00,84.40,84.40,84.40,84.40,7
Finam:BR,2023-08-22T06:10:00+03:00,84.40,84.41,84.40,84.41,5
Finam:BR,2023-08-22T06:11:00+03:00,84.42,84.42,84.38,84.38,416
Finam:BR,2023-08-22T06:12:00+03:00,84.37,84.37,84.37,84.37,1
Finam:BR,2023-08-22T06:14:00+03:00,84.39,84.39,84.38,84.38,10
Finam:BR,2023-08-22T06:15:00+03:00,84.38,84.38,84.37,84.37,15
Finam:BR,2023-08-22T06:16:00+03:00,84.38,84.40,84.38,84.39,6
Finam:BR,2023-08-22T06:17:00+03:00,84.40,84.43,84.39,84.42,33
Finam:BR,2023-08-22T06:18:00+03:00,84.42,84.42,84.39,84.42,33
Finam:BR,2023-08-22T06:19:00+03:00,84.41,84.41,84.38,84.39,12
Finam:BR,2023-08-22T06:20:00+03:00,84.39,84.39,84.38,84.39,38
Finam:BR,2023-08-22T06:21:00+03:00,84.39,84.39,84.39,84.39,1
Finam:BR,2023-08-22T06:22:00+03:00,84.40,84.40,84.40,84.40,8
Finam:BR,2023-08-22T06:24:00+03:00,84.39,84.39,84.37,84.37,8
Finam:BR,2023-08-22T06:25:00+03:00,84.37,84.39,84.37,84.39,8
Finam:BR,2023-08-22T06:26:00+03:00,84.39,84.39,84.38,84.38,24
Finam:BR,2023-08-22T06:27:00+03:00,84.38,84.41,84.38,84.40,16
Finam:BR,2023-08-22T06:28:00+03:00,84.42,84.42,84.42,84.42,18
Finam:BR,2023-08-22T06:29:00+03:00,84.42,84.42,84.42,84.42,2
Finam:BR,2023-08-22T06:30:00+03:00,84.42,84.43,84.42,84.42,17
Finam:BR,2023-08-22T06:31:00+03:00,84.42,84.43,84.42,84.43,5
Finam:BR,2023-08-22T06:32:00+03:00,84.44,84.44,84.43,84.43,14
Finam:BR,2023-08-22T06:33:00+03:00,84.43,84.43,84.43,84.43,3
Finam:BR,2023-08-22T06:34:00+03:00,84.43,84.43,84.43,84.43,1
Finam:BR,2023-08-22T06:35:00+03:00,84.43,84.43,84.43,84.43,1
Finam:BR,2023-08-22T06:36:00+03:00,84.41,84.41,84.41,84.41,2
Finam:BR,2023-08-22T06:38:00+03:00,84.41,84.41,84.36,84.36,75
Finam:BR,2023-08-22T06:39:00+03:00,84.36,84.36,84.36,84.36,45
Finam:BR,2023-08-22T06:40:00+03:00,84.37,84.37,84.36,84.36,6
Finam:BR,2023-08-22T06:42:00+03:00,84.35,84.36,84.34,84.36,56
Finam:BR,2023-08-22T06:43:00+03:00,84.34,84.34,84.33,84.33,21
Finam:BR,2023-08-22T06:44:00+03:00,84.32,84.32,84.32,84.32,28
Finam:BR,2023-08-22T06:46:00+03:00,84.33,84.34,84.33,84.34,7
Finam:BR,2023-08-22T06:47:00+03:00,84.34,84.34,84.34,84.34,1
Finam:BR,2023-08-22T06:49:00+03:00,84.33,84.33,84.33,84.33,2
Finam:BR,2023-08-22T06:51:00+03:00,84.32,84.33,84.32,84.33,6
Finam:BR,2023-08-22T06:52:00+03:00,84.33,84.33,84.33,84.33,7
Finam:BR,2023-08-22T06:53:00+03:00,84.34,84.34,84.34,84.34,14
Finam:BR,2023-08-22T06:54:00+03:00,84.32,84.32,84.32,84.32,5
Finam:BR,2023-08-22T06:57:00+03:00,84.33,84.33,84.33,84.33,10
Finam:BR,2023-08-22T06:58:00+03:00,84.34,84.34,84.34,84.34,2
Finam:BR,2023-08-22T07:00:00+03:00,84.34,84.35,84.34,84.35,6
Finam:BR,2023-08-22T07:01:00+03:00,84.34,84.34,84.34,84.34,14
Finam:BR,2023-08-22T07:02:00+03:00,84.34,84.34,84.34,84.34,3
Finam:BR,2023-08-22T07:03:00+03:00,84.35,84.35,84.35,84.35,13
Finam:BR,2023-08-22T07:05:00+03:00,84.34,84.34,84.34,84.34,4
Finam:BR,2023-08-22T07:06:00+03:00,84.33,84.33,84.33,84.33,1
Finam:BR,2023-08-22T07:07:00+03:00,84.34,84.34,84.34,84.34,4
Finam:BR,2023-08-22T07:08:00+03:00,84.34,84.34,84.34,84.34,6
Finam:BR,2023-08-22T07:09:00+03:00,84.35,84.36,84.35,84.36,3
Finam:BR,2023-08-22T07:10:00+03:00,84.35,84.36,84.35,84.36,5
Finam:BR,2023-08-22T07:11:00+03:00,84.36,84.37,84.36,84.37,2
Finam:BR,2023-08-22T07:13:00+03:00,84.36,84.36,84.36,84.36,2
Finam:BR,2023-08-22T07:14:00+03:00,84.35,84.37,84.35,84.37,8
Finam:BR,2023-08-22T07:15:00+03:00,84.36,84.36,84.36,84.36,4
Finam:BR,2023-08-22T07:16:00+03:00,84.36,84.37,84.36,84.37,9
Finam:BR,2023-08-22T07:18:00+03:00,84.36,84.36,84.36,84.36,1
Finam:BR,2023-08-22T07:19:00+03:00,84.36,84.36,84.36,84.36,12
Finam:BR,2023-08-22T07:22:00+03:00,84.36,84.36,84.36,84.36,4
Finam:BR,2023-08-22T07:23:00+03:00,84.36,84.36,84.35,84.35,7
Finam:BR,2023-08-22T07:24:00+03:00,84.34,84.35,84.34,84.35,5
Finam:BR,2023-08-22T07:26:00+03:00,84.35,84.35,84.35,84.35,7
Finam:BR,2023-08-22T07:27:00+03:00,84.34,84.34,84.34,84.34,4
Finam:BR,2023-08-22T07:31:00+03:00,84.34,84.34,84.33,84.34,95
Finam:BR,2023-08-22T07:33:00+03:00,84.34,84.34,84.34,84.34,3
Finam:BR,2023-08-22T07:34:00+03:00,84.35,84.35,84.35,84.35,17
Finam:BR,2023-08-22T07:36:00+03:00,84.35,84.36,84.35,84.36,3
Finam:BR,2023-08-22T07:37:00+03:00,84.35,84.35,84.35,84.35,4
Finam:BR,2023-08-22T07:38:00+03:00,84.36,84.36,84.36,84.36,3
Finam:BR,2023-08-22T07:40:00+03:00,84.35,84.35,84.35,84.35,4
Finam:BR,2023-08-22T07:41:00+03:00,84.36,84.36,84.36,84.36,2
Finam:BR,2023-08-22T07:46:00+03:00,84.35,84.35,84.35,84.35,5
Finam:BR,2023-08-22T07:48:00+03:00,84.34,84.34,84.34,84.34,47
Finam:BR,2023-08-22T07:50:00+03:00,84.34,84.34,84.34,84.34,16
Finam:BR,2023-08-22T07:52:00+03:00,84.35,84.35,84.35,84.35,10
Finam:BR,2023-08-22T07:56:00+03:00,84.34,84.34,84.34,84.34,2
Finam:BR,2023-08-22T07:58:00+03:00,84.34,84.35,84.34,84.35,122
Finam:BR,2023-08-22T07:59:00+03:00,84.35,84.36,84.34,84.36,43
Finam:BR,2023-08-22T08:00:00+03:00,84.35,84.35,84.34,84.35,77
Finam:BR,2023-08-22T08:01:00+03:00,84.35,84.35,84.35,84.35,1
Finam:BR,2023-08-22T08:02:00+03:00,84.36,84.36,84.36,84.36,5
Finam:BR,2023-08-22T08:03:00+03:00,84.35,84.35,84.35,84.35,2
Finam:BR,2023-08-22T08:04:00+03:00,84.36,84.36,84.36,84.36,6
Finam:BR,2023-08-22T08:05:00+03:00,84.36,84.40,84.36,84.40,90
Finam:BR,2023-08-22T08:06:00+03:00,84.38,84.38,84.38,84.38,6
Finam:BR,2023-08-22T08:07:00+03:00,84.35,84.35,84.32,84.33,42
Finam:BR,2023-08-22T08:08:00+03:00,84.32,84.32,84.30,84.30,11
Finam:BR,2023-08-22T08:09:00+03:00,84.28,84.28,84.28,84.28,5
Finam:BR,2023-08-22T08:10:00+03:00,84.27,84.28,84.27,84.27,117
Finam:BR,2023-08-22T08:11:00+03:00,84.28,84.29,84.28,84.29,21
Finam:BR,2023-08-22T08:12:00+03:00,84.31,84.31,84.30,84.30,12
Finam:BR,2023-08-22T08:13:00+03:00,84.30,84.30,84.30,84.30,5
Finam:BR,2023-08-22T08:14:00+03:00,84.31,84.33,84.31,84.33,14
Finam:BR,2023-08-22T08:15:00+03:00,84.32,84.34,84.32,84.32,10
Finam:BR,2023-08-22T08:16:00+03:00,84.33,84.33,84.32,84.32,14
Finam:BR,2023-08-22T08:19:00+03:00,84.32,84.32,84.30,84.30,7
Finam:BR,2023-08-22T08:21:00+03:00,84.31,84.31,84.31,84.31,19
Finam:BR,2023-08-22T08:22:00+03:00,84.31,84.31,84.31,84.31,1
Finam:BR,2023-08-22T08:23:00+03:00,84.30,84.30,84.30,84.30,4
Finam:BR,2023-08-22T08:24:00+03:00,84.27,84.27,84.27,84.27,5
Finam:BR,2023-08-22T08:25:00+03:00,84.28,84.29,84.28,84.29,5
Finam:BR,2023-08-22T08:26:00+03:00,84.29,84.30,84.29,84.30,7
Finam:BR,2023-08-22T08:27:00+03:00,84.27,84.28,84.27,84.28,6
Finam:BR,2023-08-22T08:28:00+03:00,84.28,84.30,84.28,84.30,44
Finam:BR,2023-08-22T08:30:00+03:00,84.30,84.30,84.28,84.28,12
Finam:BR,2023-08-22T08:31:00+03:00,84.28,84.28,84.27,84.27,9
Finam:BR,2023-08-22T08:32:00+03:00,84.28,84.28,84.26,84.26,6
Finam:BR,2023-08-22T08:33:00+03:00,84.27,84.27,84.25,84.25,19
Finam:BR,2023-08-22T08:34:00+03:00,84.24,84.26,84.23,84.25,15
Finam:BR,2023-08-22T08:35:00+03:00,84.24,84.25,84.23,84.25,20
Finam:BR,2023-08-22T08:36:00+03:00,84.26,84.26,84.26,84.26,47
Finam:BR,2023-08-22T08:37:00+03:00,84.26,84.26,84.26,84.26,20
Finam:BR,2023-08-22T08:38:00+03:00,84.28,84.29,84.27,84.28,26
Finam:BR,2023-08-22T08:39:00+03:00,84.25,84.27,84.25,84.25,34
Finam:BR,2023-08-22T08:40:00+03:00,84.25,84.26,84.25,84.25,10
Finam:BR,2023-08-22T08:41:00+03:00,84.26,84.27,84.24,84.27,14
Finam:BR,2023-08-22T08:42:00+03:00,84.27,84.29,84.25,84.25,17
Finam:BR,2023-08-22T08:43:00+03:00,84.25,84.25,84.23,84.23,151
Finam:BR,2023-08-22T08:44:00+03:00,84.24,84.26,84.24,84.26,14
Finam:BR,2023-08-22T08:45:00+03:00,84.26,84.26,84.23,84.23,25
Finam:BR,2023-08-22T08:46:00+03:00,84.23,84.25,84.23,84.24,31
Finam:BR,2023-08-22T08:47:00+03:00,84.25,84.25,84.23,84.24,4
Finam:BR,2023-08-22T08:48:00+03:00,84.24,84.24,84.24,84.24,2
Finam:BR,2023-08-22T08:49:00+03:00,84.24,84.24,84.23,84.24,11
Finam:BR,2023-08-22T08:50:00+03:00,84.24,84.27,84.24,84.24,269
Finam:BR,2023-08-22T08:51:00+03:00,84.24,84.24,84.24,84.24,1
Finam:BR,2023-08-22T08:52:00+03:00,84.28,84.28,84.27,84.28,34
Finam:BR,2023-08-22T08:53:00+03:00,84.27,84.27,84.27,84.27,25
Finam:BR,2023-08-22T08:54:00+03:00,84.26,84.26,84.23,84.25,36
Finam:BR,2023-08-22T08:55:00+03:00,84.24,84.25,84.24,84.25,19
Finam:BR,2023-08-22T08:56:00+03:00,84.25,84.25,84.24,84.25,13
Finam:BR,2023-08-22T08:57:00+03:00,84.25,84.25,84.25,84.25,4
Finam:BR,2023-08-22T08:58:00+03:00,84.27,84.27,84.27,84.27,2
Finam:BR,2023-08-22T08:59:00+03:00,84.27,84.28,84.27,84.27,24
Finam:BR,2023-08-22T09:00:00+03:00,84.28,84.31,84.28,84.30,38
Finam:BR,2023-08-22T09:01:00+03:00,84.29,84.30,84.27,84.28,37
Finam:BR,2023-08-22T09:02:00+03:00,84.28,84.30,84.27,84.28,56
Finam:BR,2023-08-22T09:03:00+03:00,84.28,84.29,84.27,84.29,19
Finam:BR,2023-08-22T09:04:00+03:00,84.31,84.31,84.26,84.28,143
Finam:BR,2023-08-22T09:05:00+03:00,84.25,84.27,84.24,84.26,54
Finam:BR,2023-08-22T09:06:00+03:00,84.26,84.27,84.25,84.27,34
Finam:BR,2023-08-22T09:07:00+03:00,84.25,84.31,84.25,84.31,28
Finam:BR,2023-08-22T09:08:00+03:00,84.31,84.34,84.31,84.32,148
Finam:BR,2023-08-22T09:09:00+03:00,84.32,84.34,84.32,84.32,113
Finam:BR,2023-08-22T09:10:00+03:00,84.33,84.35,84.33,84.35,50
Finam:BR,2023-08-22T09:11:00+03:00,84.35,84.37,84.35,84.37,52
Finam:BR,2023-08-22T09:12:00+03:00,84.37,84.40,84.37,84.40,38
Finam:BR,2023-08-22T09:13:00+03:00,84.41,84.41,84.38,84.40,138
Finam:BR,2023-08-22T09:14:00+03:00,84.40,84.42,84.39,84.41,48
Finam:BR,2023-08-22T09:15:00+03:00,84.41,84.41,84.38,84.38,45
Finam:BR,2023-08-22T09:16:00+03:00,84.39,84.40,84.37,84.37,48
Finam:BR,2023-08-22T09:17:00+03:00,84.37,84.41,84.37,84.41,178
Finam:BR,2023-08-22T09:18:00+03:00,84.42,84.45,84.42,84.44,64
Finam:BR,2023-08-22T09:19:00+03:00,84.44,84.48,84.44,84.46,181
Finam:BR,2023-08-22T09:20:00+03:00,84.46,84.47,84.45,84.46,136
Finam:BR,2023-08-22T09:21:00+03:00,84.46,84.51,84.46,84.49,132
Finam:BR,2023-08-22T09:22:00+03:00,84.49,84.51,84.49,84.50,59
Finam:BR,2023-08-22T09:23:00+03:00,84.51,84.54,84.51,84.53,268
Finam:BR,2023-08-22T09:24:00+03:00,84.54,84.54,84.51,84.52,108
Finam:BR,2023-08-22T09:25:00+03:00,84.53,84.53,84.50,84.50,69
Finam:BR,2023-08-22T09:26:00+03:00,84.50,84.51,84.46,84.47,176
Finam:BR,2023-08-22T09:27:00+03:00,84.45,84.48,84.45,84.48,67
Finam:BR,2023-08-22T09:28:00+03:00,84.48,84.50,84.47,84.48,81
Finam:BR,2023-08-22T09:29:00+03:00,84.48,84.51,84.47,84.48,343
Finam:BR,2023-08-22T09:30:00+03:00,84.48,84.48,84.44,84.45,96
Finam:BR,2023-08-22T09:31:00+03:00,84.45,84.46,84.42,84.45,168
Finam:BR,2023-08-22T09:32:00+03:00,84.44,84.46,84.44,84.44,51
Finam:BR,2023-08-22T09:33:00+03:00,84.45,84.46,84.45,84.45,17
Finam:BR,2023-08-22T09:34:00+03:00,84.46,84.46,84.40,84.41,154
Finam:BR,2023-08-22T09:35:00+03:00,84.41,84.43,84.40,84.40,125
Finam:BR,2023-08-22T09:36:00+03:00,84.40,84.40,84.38,84.38,229
Finam:BR,2023-08-22T09:37:00+03:00,84.39,84.43,84.38,84.38,169
Finam:BR,2023-08-22T09:38:00+03:00,84.38,84.39,84.37,84.38,65
Finam:BR,2023-08-22T09:39:00+03:00,84.39,84.39,84.38,84.38,40
Finam:BR,2023-08-22T09:40:00+03:00,84.38,84.39,84.36,84.37,55
Finam:BR,2023-08-22T09:41:00+03:00,84.37,84.38,84.36,84.38,52
Finam:BR,2023-08-22T09:42:00+03:00,84.38,84.41,84.38,84.41,63
Finam:BR,2023-08-22T09:43:00+03:00,84.41,84.43,84.40,84.40,33
Finam:BR,2023-08-22T09:44:00+03:00,84.41,84.41,84.39,84.39,31
Finam:BR,2023-08-22T09:45:00+03:00,84.38,84.38,84.32,84.33,130
Finam:BR,2023-08-22T09:46:00+03:00,84.34,84.36,84.34,84.35,27
Finam:BR,2023-08-22T09:47:00+03:00,84.34,84.34,84.31,84.31,23
Finam:BR,2023-08-22T09:48:00+03:00,84.31,84.31,84.29,84.30,19
Finam:BR,2023-08-22T09:49:00+03:00,84.30,84.33,84.30,84.32,18
Finam:BR,2023-08-22T09:50:00+03:00,84.33,84.35,84.32,84.32,71
Finam:BR,2023-08-22T09:51:00+03:00,84.32,84.35,84.32,84.34,21
Finam:BR,2023-08-22T09:52:00+03:00,84.34,84.34,84.33,84.33,66
Finam:BR,2023-08-22T09:53:00+03:00,84.34,84.36,84.34,84.36,149
Finam:BR,2023-08-22T09:54:00+03:00,84.38,84.39,84.38,84.38,39
Finam:BR,2023-08-22T09:55:00+03:00,84.38,84.40,84.37,84.40,235
Finam:BR,2023-08-22T09:56:00+03:00,84.40,84.40,84.38,84.39,64
Finam:BR,2023-08-22T09:57:00+03:00,84.39,84.39,84.36,84.37,63
Finam:BR,2023-08-22T09:58:00+03:00,84.37,84.38,84.37,84.37,45
Finam:BR,2023-08-22T09:59:00+03:00,84.37,84.38,84.36,84.37,73
Finam:BR,2023-08-22T10:00:00+03:00,84.37,84.37,84.32,84.33,105
Finam:BR,2023-08-22T10:01:00+03:00,84.33,84.37,84.33,84.36,98
Finam:BR,2023-08-22T10:02:00+03:00,84.36,84.40,84.34,84.37,101
Finam:BR,2023-08-22T10:03:00+03:00,84.39,84.41,84.39,84.41,85
Finam:BR,2023-08-22T10:04:00+03:00,84.42,84.45,84.41,84.41,287
Finam:BR,2023-08-22T10:05:00+03:00,84.41,84.44,84.41,84.43,58
Finam:BR,2023-08-22T10:06:00+03:00,84.43,84.44,84.37,84.39,957
Finam:BR,2023-08-22T10:07:00+03:00,84.39,84.43,84.38,84.43,128
Finam:BR,2023-08-22T10:08:00+03:00,84.43,84.44,84.42,84.43,91
Finam:BR,2023-08-22T10:09:00+03:00,84.43,84.44,84.42,84.43,68
Finam:BR,2023-08-22T10:10:00+03:00,84.43,84.44,84.42,84.44,43
Finam:BR,2023-08-22T10:11:00+03:00,84.44,84.45,84.40,84.41,139
Finam:BR,2023-08-22T10:12:00+03:00,84.41,84.45,84.41,84.45,61
Finam:BR,2023-08-22T10:13:00+03:00,84.44,84.46,84.44,84.45,36
Finam:BR,2023-08-22T10:14:00+03:00,84.45,84.50,84.45,84.47,97
Finam:BR,2023-08-22T10:15:00+03:00,84.47,84.47,84.36,84.38,4724
Finam:BR,2023-08-22T10:16:00+03:00,84.38,84.39,84.34,84.37,136
Finam:BR,2023-08-22T10:17:00+03:00,84.37,84.37,84.32,84.36,80
Finam:BR,2023-08-22T10:18:00+03:00,84.36,84.38,84.31,84.33,939
Finam:BR,2023-08-22T10:19:00+03:00,84.32,84.32,84.26,84.26,275
Finam:BR,2023-08-22T10:20:00+03:00,84.26,84.29,84.25,84.29,65
Finam:BR,2023-08-22T10:21:00+03:00,84.29,84.31,84.29,84.29,107
Finam:BR,2023-08-22T10:22:00+03:00,84.29,84.33,84.28,84.32,1378
Finam:BR,2023-08-22T10:23:00+03:00,84.32,84.38,84.29,84.31,1562
Finam:BR,2023-08-22T10:24:00+03:00,84.31,84.31,84.27,84.31,385
Finam:BR,2023-08-22T10:25:00+03:00,84.31,84.31,84.24,84.25,725
Finam:BR,2023-08-22T10:26:00+03:00,84.25,84.28,84.25,84.28,159
Finam:BR,2023-08-22T10:27:00+03:00,84.28,84.28,84.20,84.23,717
Finam:BR,2023-08-22T10:28:00+03:00,84.23,84.26,84.23,84.25,156
Finam:BR,2023-08-22T10:29:00+03:00,84.25,84.28,84.25,84.28,55
Finam:BR,2023-08-22T10:30:00+03:00,84.28,84.30,84.26,84.26,68
Finam:BR,2023-08-22T10:31:00+03:00,84.26,84.26,84.23,84.26,97
Finam:BR,2023-08-22T10:32:00+03:00,84.26,84.35,84.26,84.35,160
Finam:BR,2023-08-22T10:33:00+03:00,84.35,84.39,84.32,84.33,118
Finam:BR,2023-08-22T10:34:00+03:00,84.34,84.34,84.28,84.31,59
Finam:BR,2023-08-22T10:35:00+03:00,84.31,84.32,84.28,84.29,114
Finam:BR,2023-08-22T10:36:00+03:00,84.29,84.30,84.28,84.30,286
Finam:BR,2023-08-22T10:37:00+03:00,84.30,84.33,84.28,84.32,73
Finam:BR,2023-08-22T10:38:00+03:00,84.31,84.33,84.30,84.32,33
Finam:BR,2023-08-22T10:39:00+03:00,84.32,84.33,84.31,84.31,40
Finam:BR,2023-08-22T10:40:00+03:00,84.30,84.30,84.18,84.19,1624
Finam:BR,2023-08-22T10:41:00+03:00,84.18,84.18,84.15,84.17,234
Finam:BR,2023-08-22T10:42:00+03:00,84.17,84.22,84.17,84.22,142
Finam:BR,2023-08-22T10:43:00+03:00,84.22,84.25,84.22,84.25,47
Finam:BR,2023-08-22T10:44:00+03:00,84.25,84.25,84.21,84.22,141
Finam:BR,2023-08-22T10:45:00+03:00,84.21,84.24,84.18,84.18,174
Finam:BR,2023-08-22T10:46:00+03:00,84.18,84.20,84.18,84.20,116
Finam:BR,2023-08-22T10:47:00+03:00,84.19,84.20,84.17,84.18,440
Finam:BR,2023-08-22T10:48:00+03:00,84.17,84.18,84.16,84.18,270
Finam:BR,2023-08-22T10:49:00+03:00,84.18,84.18,84.16,84.18,48
Finam:BR,2023-08-22T10:50:00+03:00,84.18,84.20,84.17,84.19,249
Finam:BR,2023-08-22T10:51:00+03:00,84.19,84.19,84.12,84.14,368
Finam:BR,2023-08-22T10:52:00+03:00,84.14,84.14,84.07,84.12,361
Finam:BR,2023-08-22T10:53:00+03:00,84.11,84.15,84.11,84.14,523
Finam:BR,2023-08-22T10:54:00+03:00,84.14,84.15,84.11,84.12,178
Finam:BR,2023-08-22T10:55:00+03:00,84.11,84.13,84.09,84.11,77
Finam:BR,2023-08-22T10:56:00+03:00,84.09,84.11,84.06,84.07,344
Finam:BR,2023-08-22T10:57:00+03:00,84.07,84.07,84.01,84.04,867
Finam:BR,2023-08-22T10:58:00+03:00,84.03,84.04,83.98,84.00,1078
Finam:BR,2023-08-22T10:59:00+03:00,83.99,83.99,83.96,83.98,418
Finam:BR,2023-08-22T11:00:00+03:00,83.98,84.03,83.97,83.98,249
Finam:BR,2023-08-22T11:01:00+03:00,83.98,84.01,83.97,84.01,291
Finam:BR,2023-08-22T11:02:00+03:00,84.01,84.09,84.01,84.05,302
Finam:BR,2023-08-22T11:03:00+03:00,84.05,84.13,84.04,84.10,206
Finam:BR,2023-08-22T11:04:00+03:00,84.11,84.17,84.11,84.16,173
Finam:BR,2023-08-22T11:05:00+03:00,84.16,84.19,84.14,84.17,204
Finam:BR,2023-08-22T11:06:00+03:00,84.17,84.20,84.17,84.19,308
Finam:BR,2023-08-22T11:07:00+03:00,84.19,84.24,84.19,84.23,330
Finam:BR,2023-08-22T11:08:00+03:00,84.22,84.22,84.12,84.12,117
Finam:BR,2023-08-22T11:09:00+03:00,84.12,84.12,84.02,84.05,472
Finam:BR,2023-08-22T11:10:00+03:00,84.04,84.10,84.04,84.10,259
Finam:BR,2023-08-22T11:11:00+03:00,84.10,84.12,83.99,83.99,5185
Finam:BR,2023-08-22T11:12:00+03:00,83.98,84.01,83.95,84.00,1837
Finam:BR,2023-08-22T11:13:00+03:00,84.00,84.02,83.97,84.00,1221
Finam:BR,2023-08-22T11:14:00+03:00,83.99,84.03,83.94,83.99,813
Finam:BR,2023-08-22T11:15:00+03:00,84.00,84.01,83.95,84.00,204
Finam:BR,2023-08-22T11:16:00+03:00,84.00,84.05,84.00,84.05,1363
Finam:BR,2023-08-22T11:17:00+03:00,84.06,84.08,84.04,84.05,718
Finam:BR,2023-08-22T11:18:00+03:00,84.05,84.12,84.03,84.10,991
Finam:BR,2023-08-22T11:19:00+03:00,84.09,84.10,84.05,84.06,420
Finam:BR,2023-08-22T11:20:00+03:00,84.07,84.09,84.06,84.09,168
Finam:BR,2023-08-22T11:21:00+03:00,84.08,84.15,84.08,84.11,626
Finam:BR,2023-08-22T11:22:00+03:00,84.10,84.15,84.10,84.12,285
Finam:BR,2023-08-22T11:23:00+03:00,84.13,84.13,84.08,84.10,1855
Finam:BR,2023-08-22T11:24:00+03:00,84.10,84.16,84.10,84.12,1232
Finam:BR,2023-08-22T11:25:00+03:00,84.11,84.13,84.08,84.11,722
Finam:BR,2023-08-22T11:26:00+03:00,84.10,84.18,84.07,84.15,661
Finam:BR,2023-08-22T11:27:00+03:00,84.15,84.19,84.13,84.15,894
Finam:BR,2023-08-22T11:28:00+03:00,84.15,84.20,84.15,84.19,788
Finam:BR,2023-08-22T11:29:00+03:00,84.18,84.20,84.13,84.18,4667
Finam:BR,2023-08-22T11:30:00+03:00,84.18,84.22,84.13,84.15,5198
Finam:BR,2023-08-22T11:31:00+03:00,84.15,84.16,84.08,84.12,1891
Finam:BR,2023-08-22T11:32:00+03:00,84.12,84.14,84.10,84.11,543
Finam:BR,2023-08-22T11:33:00+03:00,84.11,84.11,84.08,84.10,556
Finam:BR,2023-08-22T11:34:00+03:00,84.10,84.13,84.10,84.12,284
Finam:BR,2023-08-22T11:35:00+03:00,84.12,84.13,84.07,84.11,861
Finam:BR,2023-08-22T11:36:00+03:00,84.11,84.13,84.10,84.10,64
Finam:BR,2023-08-22T11:37:00+03:00,84.10,84.12,84.07,84.12,751
Finam:BR,2023-08-22T11:38:00+03:00,84.11,84.15,84.11,84.13,205
Finam:BR,2023-08-22T11:39:00+03:00,84.13,84.24,84.13,84.24,1578
Finam:BR,2023-08-22T11:40:00+03:00,84.23,84.24,84.17,84.18,181
Finam:BR,2023-08-22T11:41:00+03:00,84.18,84.19,84.15,84.19,99
Finam:BR,2023-08-22T11:42:00+03:00,84.19,84.23,84.18,84.18,307
Finam:BR,2023-08-22T11:43:00+03:00,84.18,84.18,84.13,84.14,426
Finam:BR,2023-08-22T11:44:00+03:00,84.14,84.18,84.12,84.18,352
Finam:BR,2023-08-22T11:45:00+03:00,84.16,84.18,84.15,84.18,126
Finam:BR,2023-08-22T11:46:00+03:00,84.17,84.22,84.17,84.21,134
Finam:BR,2023-08-22T11:47:00+03:00,84.22,84.23,84.19,84.21,113
Finam:BR,2023-08-22T11:48:00+03:00,84.21,84.26,84.19,84.23,258
Finam:BR,2023-08-22T11:49:00+03:00,84.23,84.24,84.21,84.21,76
Finam:BR,2023-08-22T11:50:00+03:00,84.21,84.22,84.20,84.20,82
Finam:BR,2023-08-22T11:51:00+03:00,84.19,84.21,84.19,84.20,72
Finam:BR,2023-08-22T11:52:00+03:00,84.18,84.20,84.15,84.16,357
Finam:BR,2023-08-22T11:53:00+03:00,84.16,84.19,84.16,84.19,51
Finam:BR,2023-08-22T11:54:00+03:00,84.18,84.18,84.14,84.15,174
Finam:BR,2023-08-22T11:55:00+03:00,84.13,84.13,84.13,84.13,8
Finam:BR,2023-08-22T11:56:00+03:00,84.13,84.17,84.13,84.17,141
Finam:BR,2023-08-22T11:57:00+03:00,84.16,84.24,84.16,84.24,455
Finam:BR,2023-08-22T11:58:00+03:00,84.24,84.26,84.23,84.25,192
Finam:BR,2023-08-22T11:59:00+03:00,84.23,84.25,84.23,84.24,130
Finam:BR,2023-08-22T12:00:00+03:00,84.24,84.25,84.19,84.20,448
Finam:BR,2023-08-22T12:01:00+03:00,84.20,84.28,84.20,84.26,231
Finam:BR,2023-08-22T12:02:00+03:00,84.26,84.26,84.17,84.18,109
Finam:BR,2023-08-22T12:03:00+03:00,84.16,84.16,84.10,84.10,169
Finam:BR,2023-08-22T12:04:00+03:00,84.10,84.16,84.09,84.15,114
Finam:BR,2023-08-22T12:05:00+03:00,84.15,84.19,84.14,84.18,143
Finam:BR,2023-08-22T12:06:00+03:00,84.17,84.23,84.17,84.22,135
Finam:BR,2023-08-22T12:07:00+03:00,84.22,84.23,84.16,84.20,184
Finam:BR,2023-08-22T12:08:00+03:00,84.20,84.21,84.18,84.19,690
Finam:BR,2023-08-22T12:09:00+03:00,84.18,84.18,84.10,84.12,162
Finam:BR,2023-08-22T12:10:00+03:00,84.12,84.14,84.10,84.12,160
Finam:BR,2023-08-22T12:11:00+03:00,84.12,84.15,84.12,84.13,66
Finam:BR,2023-08-22T12:12:00+03:00,84.13,84.13,84.12,84.13,158
Finam:BR,2023-08-22T12:13:00+03:00,84.13,84.17,84.13,84.15,74
Finam:BR,2023-08-22T12:14:00+03:00,84.15,84.27,84.14,84.25,384
Finam:BR,2023-08-22T12:15:00+03:00,84.25,84.29,84.21,84.28,186
Finam:BR,2023-08-22T12:16:00+03:00,84.28,84.33,84.28,84.32,279
Finam:BR,2023-08-22T12:17:00+03:00,84.32,84.37,84.31,84.33,149
Finam:BR,2023-08-22T12:18:00+03:00,84.33,84.34,84.29,84.29,253
Finam:BR,2023-08-22T12:19:00+03:00,84.29,84.32,84.29,84.32,141
Finam:BR,2023-08-22T12:20:00+03:00,84.32,84.32,84.30,84.30,157
Finam:BR,2023-08-22T12:21:00+03:00,84.30,84.41,84.28,84.37,608
Finam:BR,2023-08-22T12:22:00+03:00,84.37,84.47,84.37,84.44,418
Finam:BR,2023-08-22T12:23:00+03:00,84.44,84.45,84.40,84.45,161
Finam:BR,2023-08-22T12:24:00+03:00,84.46,84.50,84.43,84.47,107
Finam:BR,2023-08-22T12:25:00+03:00,84.46,84.47,84.41,84.46,322
Finam:BR,2023-08-22T12:26:00+03:00,84.46,84.47,84.39,84.41,125
Finam:BR,2023-08-22T12:27:00+03:00,84.41,84.44,84.36,84.42,1125
Finam:BR,2023-08-22T12:28:00+03:00,84.42,84.42,84.40,84.41,43
Finam:BR,2023-08-22T12:29:00+03:00,84.41,84.42,84.39,84.40,91
Finam:BR,2023-08-22T12:30:00+03:00,84.40,84.44,84.38,84.42,112
Finam:BR,2023-08-22T12:31:00+03:00,84.42,84.43,84.40,84.41,58
Finam:BR,2023-08-22T12:32:00+03:00,84.40,84.43,84.40,84.43,39
Finam:BR,2023-08-22T12:33:00+03:00,84.42,84.43,84.36,84.36,101
Finam:BR,2023-08-22T12:34:00+03:00,84.35,84.35,84.32,84.32,343
Finam:BR,2023-08-22T12:35:00+03:00,84.32,84.32,84.28,84.30,180
Finam:BR,2023-08-22T12:36:00+03:00,84.30,84.33,84.30,84.31,126
Finam:BR,2023-08-22T12:37:00+03:00,84.31,84.32,84.29,84.31,136
Finam:BR,2023-08-22T12:38:00+03:00,84.31,84.32,84.29,84.29,107
Finam:BR,2023-08-22T12:39:00+03:00,84.28,84.33,84.28,84.28,223
Finam:BR,2023-08-22T12:40:00+03:00,84.29,84.30,84.25,84.26,275
Finam:BR,2023-08-22T12:41:00+03:00,84.26,84.29,84.25,84.28,65
Finam:BR,2023-08-22T12:42:00+03:00,84.28,84.28,84.19,84.20,2412
Finam:BR,2023-08-22T12:43:00+03:00,84.19,84.20,84.16,84.16,528
Finam:BR,2023-08-22T12:44:00+03:00,84.16,84.21,84.16,84.19,1577
Finam:BR,2023-08-22T12:45:00+03:00,84.19,84.19,84.15,84.16,340
Finam:BR,2023-08-22T12:46:00+03:00,84.16,84.17,84.14,84.16,224
Finam:BR,2023-08-22T12:47:00+03:00,84.16,84.21,84.16,84.18,234
Finam:BR,2023-08-22T12:48:00+03:00,84.17,84.17,84.07,84.08,2076
Finam:BR,2023-08-22T12:49:00+03:00,84.08,84.15,84.07,84.14,478
Finam:BR,2023-08-22T12:50:00+03:00,84.15,84.15,84.04,84.05,1187
Finam:BR,2023-08-22T12:51:00+03:00,84.05,84.14,84.01,84.10,939
Finam:BR,2023-08-22T12:52:00+03:00,84.10,84.12,84.09,84.10,77
Finam:BR,2023-08-22T12:53:00+03:00,84.10,84.10,84.06,84.08,104
Finam:BR,2023-08-22T12:54:00+03:00,84.08,84.11,84.08,84.08,161
Finam:BR,2023-08-22T12:55:00+03:00,84.08,84.09,84.07,84.08,82
Finam:BR,2023-08-22T12:56:00+03:00,84.08,84.10,84.08,84.09,67
Finam:BR,2023-08-22T12:57:00+03:00,84.10,84.10,84.08,84.10,82
Finam:BR,2023-08-22T12:58:00+03:00,84.10,84.14,84.10,84.14,53
Finam:BR,2023-08-22T12:59:00+03:00,84.13,84.14,84.11,84.11,99
Finam:BR,2023-08-22T13:00:00+03:00,84.11,84.17,84.11,84.17,78
Finam:BR,2023-08-22T13:01:00+03:00,84.17,84.24,84.17,84.21,674
Finam:BR,2023-08-22T13:02:00+03:00,84.21,84.24,84.20,84.23,150
Finam:BR,2023-08-22T13:03:00+03:00,84.23,84.23,84.20,84.22,87
Finam:BR,2023-08-22T13:04:00+03:00,84.22,84.22,84.17,84.19,596
Finam:BR,2023-08-22T13:05:00+03:00,84.19,84.20,84.18,84.18,152
Finam:BR,2023-08-22T13:06:00+03:00,84.18,84.18,84.15,84.16,67
Finam:BR,2023-08-22T13:07:00+03:00,84.16,84.18,84.16,84.16,97
Finam:BR,2023-08-22T13:08:00+03:00,84.16,84.18,84.16,84.18,31
Finam:BR,2023-08-22T13:09:00+03:00,84.18,84.19,84.17,84.19,37
Finam:BR,2023-08-22T13:10:00+03:00,84.19,84.19,84.14,84.14,734
Finam:BR,2023-08-22T13:11:00+03:00,84.14,84.14,84.12,84.14,23
Finam:BR,2023-08-22T13:12:00+03:00,84.14,84.14,84.13,84.14,25
Finam:BR,2023-08-22T13:13:00+03:00,84.14,84.19,84.14,84.18,195
Finam:BR,2023-08-22T13:14:00+03:00,84.18,84.18,84.15,84.15,29
Finam:BR,2023-08-22T13:15:00+03:00,84.16,84.16,84.12,84.13,314
Finam:BR,2023-08-22T13:16:00+03:00,84.13,84.15,84.11,84.14,818
Finam:BR,2023-08-22T13:17:00+03:00,84.14,84.15,84.12,84.13,357
Finam:BR,2023-08-22T13:18:00+03:00,84.13,84.14,84.10,84.10,132
Finam:BR,2023-08-22T13:19:00+03:00,84.10,84.11,84.07,84.07,48
Finam:BR,2023-08-22T13:20:00+03:00,84.07,84.07,84.05,84.05,34
Finam:BR,2023-08-22T13:21:00+03:00,84.05,84.07,84.01,84.04,1314
Finam:BR,2023-08-22T13:22:00+03:00,84.04,84.10,84.04,84.09,464
Finam:BR,2023-08-22T13:23:00+03:00,84.08,84.09,84.08,84.08,88
Finam:BR,2023-08-22T13:24:00+03:00,84.08,84.08,84.04,84.04,93
Finam:BR,2023-08-22T13:25:00+03:00,84.04,84.08,84.04,84.07,198
Finam:BR,2023-08-22T13:26:00+03:00,84.07,84.11,84.05,84.10,578
Finam:BR,2023-08-22T13:27:00+03:00,84.11,84.16,84.11,84.16,403
Finam:BR,2023-08-22T13:28:00+03:00,84.16,84.17,84.14,84.17,526
Finam:BR,2023-08-22T13:29:00+03:00,84.17,84.27,84.15,84.24,1290
Finam:BR,2023-08-22T13:30:00+03:00,84.24,84.29,84.24,84.28,649
Finam:BR,2023-08-22T13:31:00+03:00,84.29,84.29,84.23,84.24,131
Finam:BR,2023-08-22T13:32:00+03:00,84.24,84.24,84.19,84.21,105
Finam:BR,2023-08-22T13:33:00+03:00,84.21,84.21,84.15,84.16,1081
Finam:BR,2023-08-22T13:34:00+03:00,84.15,84.15,84.13,84.15,93
Finam:BR,2023-08-22T13:35:00+03:00,84.15,84.17,84.14,84.15,71
Finam:BR,2023-08-22T13:36:00+03:00,84.15,84.15,84.08,84.08,579
Finam:BR,2023-08-22T13:37:00+03:00,84.08,84.08,84.03,84.04,124
Finam:BR,2023-08-22T13:38:00+03:00,84.04,84.04,84.03,84.03,26
Finam:BR,2023-08-22T13:39:00+03:00,84.03,84.07,84.03,84.06,86
Finam:BR,2023-08-22T13:40:00+03:00,84.06,84.11,84.06,84.09,109
Finam:BR,2023-08-22T13:41:00+03:00,84.09,84.10,84.09,84.09,20
Finam:BR,2023-08-22T13:42:00+03:00,84.09,84.12,84.09,84.12,267
Finam:BR,2023-08-22T13:43:00+03:00,84.12,84.12,84.10,84.11,55
Finam:BR,2023-08-22T13:44:00+03:00,84.11,84.15,84.07,84.08,112
Finam:BR,2023-08-22T13:45:00+03:00,84.07,84.11,84.07,84.11,44
Finam:BR,2023-08-22T13:46:00+03:00,84.11,84.12,84.11,84.11,35
Finam:BR,2023-08-22T13:47:00+03:00,84.11,84.11,84.07,84.10,27
Finam:BR,2023-08-22T13:48:00+03:00,84.10,84.10,84.10,84.10,11
Finam:BR,2023-08-22T13:49:00+03:00,84.09,84.09,84.07,84.07,59
Finam:BR,2023-08-22T13:50:00+03:00,84.07,84.10,84.07,84.08,135
Finam:BR,2023-08-22T13:51:00+03:00,84.08,84.08,84.07,84.07,47
Finam:BR,2023-08-22T13:52:00+03:00,84.07,84.07,84.03,84.03,103
Finam:BR,2023-08-22T13:53:00+03:00,84.03,84.08,84.03,84.07,44
Finam:BR,2023-08-22T13:54:00+03:00,84.07,84.08,84.07,84.07,39
Finam:BR,2023-08-22T13:55:00+03:00,84.06,84.08,84.04,84.05,87
Finam:BR,2023-08-22T13:56:00+03:00,84.05,84.07,84.04,84.07,21
Finam:BR,2023-08-22T13:57:00+03:00,84.07,84.10,84.07,84.10,82
Finam:BR,2023-08-22T13:58:00+03:00,84.10,84.10,84.10,84.10,13
Finam:BR,2023-08-22T13:59:00+03:00,84.11,84.12,84.06,84.07,83
Finam:BR,2023-08-22T14:00:00+03:00,84.07,84.13,84.07,84.12,125
Finam:BR,2023-08-22T14:01:00+03:00,84.12,84.14,84.12,84.13,12
Finam:BR,2023-08-22T14:02:00+03:00,84.13,84.13,84.08,84.10,158
Finam:BR,2023-08-22T14:03:00+03:00,84.11,84.12,84.11,84.11,42
Finam:BR,2023-08-22T14:04:00+03:00,84.11,84.11,84.11,84.11,29
Finam:BR,2023-08-22T14:05:00+03:00,84.11,84.11,84.01,84.01,426
Finam:BR,2023-08-22T14:06:00+03:00,84.01,84.01,83.95,83.95,1119
Finam:BR,2023-08-22T14:07:00+03:00,83.95,83.95,83.87,83.89,991
Finam:BR,2023-08-22T14:08:00+03:00,83.89,84.01,83.87,84.01,1791
Finam:BR,2023-08-22T14:09:00+03:00,84.00,84.00,83.96,83.98,241
Finam:BR,2023-08-22T14:10:00+03:00,83.98,83.98,83.94,83.94,44
Finam:BR,2023-08-22T14:11:00+03:00,83.94,83.99,83.94,83.99,35
Finam:BR,2023-08-22T14:12:00+03:00,83.99,84.00,83.97,83.98,45
Finam:BR,2023-08-22T14:13:00+03:00,83.98,83.98,83.94,83.94,38
Finam:BR,2023-08-22T14:14:00+03:00,83.94,83.95,83.93,83.93,41
Finam:BR,2023-08-22T14:15:00+03:00,83.93,83.95,83.93,83.93,109
Finam:BR,2023-08-22T14:16:00+03:00,83.93,83.93,83.91,83.91,78
Finam:BR,2023-08-22T14:17:00+03:00,83.92,83.95,83.91,83.95,167
Finam:BR,2023-08-22T14:18:00+03:00,83.94,83.95,83.89,83.91,256
Finam:BR,2023-08-22T14:19:00+03:00,83.91,83.94,83.89,83.90,234
Finam:BR,2023-08-22T14:20:00+03:00,83.90,83.94,83.89,83.94,49
Finam:BR,2023-08-22T14:21:00+03:00,83.93,83.94,83.92,83.92,30
Finam:BR,2023-08-22T14:22:00+03:00,83.92,83.93,83.90,83.92,34
Finam:BR,2023-08-22T14:23:00+03:00,83.91,83.92,83.89,83.92,39
Finam:BR,2023-08-22T14:24:00+03:00,83.92,83.93,83.90,83.93,60
Finam:BR,2023-08-22T14:25:00+03:00,83.94,83.95,83.93,83.95,43
Finam:BR,2023-08-22T14:26:00+03:00,83.95,84.00,83.95,84.00,29
Finam:BR,2023-08-22T14:27:00+03:00,84.00,84.02,83.97,83.99,261
Finam:BR,2023-08-22T14:28:00+03:00,83.99,84.00,83.98,84.00,34
Finam:BR,2023-08-22T14:29:00+03:00,84.00,84.04,84.00,84.04,101
Finam:BR,2023-08-22T14:30:00+03:00,84.05,84.10,84.04,84.09,92
Finam:BR,2023-08-22T14:31:00+03:00,84.09,84.09,84.03,84.04,81
Finam:BR,2023-08-22T14:32:00+03:00,84.05,84.09,84.05,84.07,366
Finam:BR,2023-08-22T14:33:00+03:00,84.08,84.09,84.02,84.02,33
Finam:BR,2023-08-22T14:34:00+03:00,84.02,84.02,84.00,84.00,25
Finam:BR,2023-08-22T14:35:00+03:00,84.01,84.02,84.00,84.00,52
Finam:BR,2023-08-22T14:36:00+03:00,84.00,84.01,83.98,84.01,64
Finam:BR,2023-08-22T14:37:00+03:00,84.01,84.02,84.01,84.02,63
Finam:BR,2023-08-22T14:38:00+03:00,84.02,84.05,84.02,84.04,240
Finam:BR,2023-08-22T14:39:00+03:00,84.03,84.03,84.01,84.02,144
Finam:BR,2023-08-22T14:40:00+03:00,84.02,84.04,84.02,84.04,24
Finam:BR,2023-08-22T14:41:00+03:00,84.04,84.06,84.04,84.06,28
Finam:BR,2023-08-22T14:42:00+03:00,84.04,84.04,84.04,84.04,12
Finam:BR,2023-08-22T14:43:00+03:00,84.04,84.04,84.02,84.02,39
Finam:BR,2023-08-22T14:44:00+03:00,84.02,84.02,84.01,84.01,37
Finam:BR,2023-08-22T14:45:00+03:00,84.01,84.02,84.01,84.01,24
Finam:BR,2023-08-22T14:46:00+03:00,84.02,84.02,83.99,83.99,198
Finam:BR,2023-08-22T14:47:00+03:00,83.99,84.01,83.99,84.01,89
Finam:BR,2023-08-22T14:48:00+03:00,84.01,84.01,83.98,84.00,112
Finam:BR,2023-08-22T14:49:00+03:00,83.99,83.99,83.95,83.96,359
Finam:BR,2023-08-22T14:50:00+03:00,83.97,83.99,83.97,83.99,37
Finam:BR,2023-08-22T14:51:00+03:00,83.99,83.99,83.97,83.98,585
Finam:BR,2023-08-22T14:52:00+03:00,83.98,83.98,83.97,83.97,21
Finam:BR,2023-08-22T14:53:00+03:00,83.96,83.98,83.95,83.96,51
Finam:BR,2023-08-22T14:54:00+03:00,83.95,83.96,83.93,83.93,31
Finam:BR,2023-08-22T14:55:00+03:00,83.94,83.94,83.86,83.92,443
Finam:BR,2023-08-22T14:56:00+03:00,83.92,83.93,83.92,83.93,174
Finam:BR,2023-08-22T14:57:00+03:00,83.92,83.95,83.91,83.94,87
Finam:BR,2023-08-22T14:58:00+03:00,83.94,83.94,83.93,83.94,114
Finam:BR,2023-08-22T14:59:00+03:00,83.94,83.99,83.94,83.98,82
Finam:BR,2023-08-22T15:00:00+03:00,83.98,83.98,83.96,83.97,117
Finam:BR,2023-08-22T15:01:00+03:00,83.99,84.02,83.97,83.98,348
Finam:BR,2023-08-22T15:02:00+03:00,83.98,83.98,83.87,83.90,3531
Finam:BR,2023-08-22T15:03:00+03:00,83.90,83.96,83.90,83.95,187
Finam:BR,2023-08-22T15:04:00+03:00,83.95,83.98,83.94,83.96,1294
Finam:BR,2023-08-22T15:05:00+03:00,83.95,83.95,83.85,83.91,442
Finam:BR,2023-08-22T15:06:00+03:00,83.90,84.00,83.88,83.99,544
Finam:BR,2023-08-22T15:07:00+03:00,83.98,83.98,83.94,83.95,80
Finam:BR,2023-08-22T15:08:00+03:00,83.95,83.98,83.95,83.95,59
Finam:BR,2023-08-22T15:09:00+03:00,83.95,83.98,83.91,83.98,1242
Finam:BR,2023-08-22T15:10:00+03:00,83.98,83.98,83.92,83.97,57
Finam:BR,2023-08-22T15:11:00+03:00,83.99,84.03,83.98,84.01,757
Finam:BR,2023-08-22T15:12:00+03:00,84.01,84.02,83.98,84.01,281
Finam:BR,2023-08-22T15:13:00+03:00,84.01,84.10,84.01,84.07,624
Finam:BR,2023-08-22T15:14:00+03:00,84.07,84.08,84.03,84.03,511
Finam:BR,2023-08-22T15:15:00+03:00,84.03,84.03,83.99,84.02,89
Finam:BR,2023-08-22T15:16:00+03:00,84.02,84.06,84.02,84.04,164
Finam:BR,2023-08-22T15:17:00+03:00,84.03,84.05,84.02,84.04,58
Finam:BR,2023-08-22T15:18:00+03:00,84.04,84.13,84.02,84.06,588
Finam:BR,2023-08-22T15:19:00+03:00,84.06,84.11,84.06,84.09,999
Finam:BR,2023-08-22T15:20:00+03:00,84.09,84.12,84.07,84.11,154
Finam:BR,2023-08-22T15:21:00+03:00,84.12,84.18,84.10,84.15,273
Finam:BR,2023-08-22T15:22:00+03:00,84.15,84.27,84.15,84.26,1560
Finam:BR,2023-08-22T15:23:00+03:00,84.26,84.29,84.25,84.27,154
Finam:BR,2023-08-22T15:24:00+03:00,84.27,84.32,84.24,84.29,837
Finam:BR,2023-08-22T15:25:00+03:00,84.29,84.31,84.25,84.27,967
Finam:BR,2023-08-22T15:26:00+03:00,84.26,84.26,84.23,84.23,66
Finam:BR,2023-08-22T15:27:00+03:00,84.23,84.23,84.15,84.16,558
Finam:BR,2023-08-22T15:28:00+03:00,84.16,84.16,84.14,84.14,57
Finam:BR,2023-08-22T15:29:00+03:00,84.13,84.15,84.13,84.13,42
Finam:BR,2023-08-22T15:30:00+03:00,84.12,84.16,84.09,84.14,554
Finam:BR,2023-08-22T15:31:00+03:00,84.14,84.16,84.13,84.15,79
Finam:BR,2023-08-22T15:32:00+03:00,84.14,84.15,84.11,84.13,116
Finam:BR,2023-08-22T15:33:00+03:00,84.13,84.15,84.11,84.11,127
Finam:BR,2023-08-22T15:34:00+03:00,84.12,84.15,84.08,84.12,1116
Finam:BR,2023-08-22T15:35:00+03:00,84.11,84.15,84.10,84.14,147
Finam:BR,2023-08-22T15:36:00+03:00,84.14,84.16,84.06,84.08,1655
Finam:BR,2023-08-22T15:37:00+03:00,84.09,84.12,84.08,84.10,138
Finam:BR,2023-08-22T15:38:00+03:00,84.10,84.11,84.08,84.09,109
Finam:BR,2023-08-22T15:39:00+03:00,84.08,84.09,84.01,84.07,185
Finam:BR,2023-08-22T15:40:00+03:00,84.06,84.12,84.06,84.11,144
Finam:BR,2023-08-22T15:41:00+03:00,84.11,84.14,84.11,84.14,137
Finam:BR,2023-08-22T15:42:00+03:00,84.14,84.16,84.13,84.15,126
Finam:BR,2023-08-22T15:43:00+03:00,84.15,84.22,84.14,84.22,490
Finam:BR,2023-08-22T15:44:00+03:00,84.21,84.34,84.21,84.32,1431
Finam:BR,2023-08-22T15:45:00+03:00,84.32,84.37,84.29,84.36,582
Finam:BR,2023-08-22T15:46:00+03:00,84.37,84.38,84.31,84.33,352
Finam:BR,2023-08-22T15:47:00+03:00,84.31,84.33,84.31,84.31,187
Finam:BR,2023-08-22T15:48:00+03:00,84.32,84.33,84.30,84.32,181
Finam:BR,2023-08-22T15:49:00+03:00,84.33,84.34,84.31,84.34,444
Finam:BR,2023-08-22T15:50:00+03:00,84.35,84.38,84.34,84.37,98
Finam:BR,2023-08-22T15:51:00+03:00,84.37,84.37,84.27,84.27,239
Finam:BR,2023-08-22T15:52:00+03:00,84.27,84.34,84.25,84.32,479
Finam:BR,2023-08-22T15:53:00+03:00,84.31,84.32,84.27,84.30,90
Finam:BR,2023-08-22T15:54:00+03:00,84.29,84.30,84.27,84.27,109
Finam:BR,2023-08-22T15:55:00+03:00,84.26,84.29,84.26,84.29,117
Finam:BR,2023-08-22T15:56:00+03:00,84.30,84.31,84.24,84.26,89
Finam:BR,2023-08-22T15:57:00+03:00,84.25,84.31,84.23,84.24,919
Finam:BR,2023-08-22T15:58:00+03:00,84.24,84.24,84.19,84.23,356
Finam:BR,2023-08-22T15:59:00+03:00,84.23,84.24,84.17,84.17,174
Finam:BR,2023-08-22T16:00:00+03:00,84.17,84.20,84.09,84.14,359
Finam:BR,2023-08-22T16:01:00+03:00,84.13,84.16,84.04,84.09,472
Finam:BR,2023-08-22T16:02:00+03:00,84.09,84.16,84.07,84.09,295
Finam:BR,2023-08-22T16:03:00+03:00,84.09,84.09,83.98,84.03,670
Finam:BR,2023-08-22T16:04:00+03:00,84.03,84.09,84.02,84.04,230
Finam:BR,2023-08-22T16:05:00+03:00,84.03,84.05,83.96,84.00,444
Finam:BR,2023-08-22T16:06:00+03:00,84.00,84.29,83.99,84.27,1081
Finam:BR,2023-08-22T16:07:00+03:00,84.27,84.30,84.23,84.29,224
Finam:BR,2023-08-22T16:08:00+03:00,84.30,84.34,84.20,84.21,815
Finam:BR,2023-08-22T16:09:00+03:00,84.20,84.20,84.16,84.20,108
Finam:BR,2023-08-22T16:10:00+03:00,84.22,84.24,84.15,84.15,280
Finam:BR,2023-08-22T16:11:00+03:00,84.15,84.25,84.15,84.25,277
Finam:BR,2023-08-22T16:12:00+03:00,84.24,84.29,84.24,84.24,222
Finam:BR,2023-08-22T16:13:00+03:00,84.24,84.31,84.22,84.28,97
Finam:BR,2023-08-22T16:14:00+03:00,84.27,84.33,84.26,84.30,113
Finam:BR,2023-08-22T16:15:00+03:00,84.30,84.32,84.23,84.24,175
Finam:BR,2023-08-22T16:16:00+03:00,84.24,84.26,84.20,84.23,123
Finam:BR,2023-08-22T16:17:00+03:00,84.22,84.25,84.19,84.19,136
Finam:BR,2023-08-22T16:18:00+03:00,84.20,84.30,84.20,84.29,172
Finam:BR,2023-08-22T16:19:00+03:00,84.28,84.28,84.23,84.23,601
Finam:BR,2023-08-22T16:20:00+03:00,84.26,84.38,84.26,84.35,957
Finam:BR,2023-08-22T16:21:00+03:00,84.36,84.50,84.35,84.45,1286
Finam:BR,2023-08-22T16:22:00+03:00,84.44,84.49,84.37,84.40,376
Finam:BR,2023-08-22T16:23:00+03:00,84.40,84.42,84.36,84.37,298
Finam:BR,2023-08-22T16:24:00+03:00,84.38,84.45,84.38,84.44,226
Finam:BR,2023-08-22T16:25:00+03:00,84.45,84.58,84.45,84.55,2153
Finam:BR,2023-08-22T16:26:00+03:00,84.56,84.59,84.50,84.58,1090
Finam:BR,2023-08-22T16:27:00+03:00,84.59,84.60,84.51,84.56,1328
Finam:BR,2023-08-22T16:28:00+03:00,84.56,84.61,84.52,84.55,616
Finam:BR,2023-08-22T16:29:00+03:00,84.55,84.56,84.50,84.50,462
Finam:BR,2023-08-22T16:30:00+03:00,84.50,84.58,84.46,84.51,519
Finam:BR,2023-08-22T16:31:00+03:00,84.50,84.55,84.41,84.43,443
Finam:BR,2023-08-22T16:32:00+03:00,84.43,84.53,84.36,84.52,1364
Finam:BR,2023-08-22T16:33:00+03:00,84.50,84.52,84.43,84.44,1213
Finam:BR,2023-08-22T16:34:00+03:00,84.45,84.52,84.42,84.52,194
Finam:BR,2023-08-22T16:35:00+03:00,84.53,84.62,84.53,84.60,370
Finam:BR,2023-08-22T16:36:00+03:00,84.60,84.65,84.58,84.61,322
Finam:BR,2023-08-22T16:37:00+03:00,84.61,84.66,84.58,84.59,280
Finam:BR,2023-08-22T16:38:00+03:00,84.59,84.60,84.47,84.47,265
Finam:BR,2023-08-22T16:39:00+03:00,84.47,84.51,84.47,84.51,205
Finam:BR,2023-08-22T16:40:00+03:00,84.50,84.50,84.38,84.39,593
Finam:BR,2023-08-22T16:41:00+03:00,84.38,84.38,84.31,84.32,606
Finam:BR,2023-08-22T16:42:00+03:00,84.32,84.39,84.29,84.32,971
Finam:BR,2023-08-22T16:43:00+03:00,84.32,84.35,84.28,84.35,451
Finam:BR,2023-08-22T16:44:00+03:00,84.37,84.37,84.34,84.34,137
Finam:BR,2023-08-22T16:45:00+03:00,84.34,84.35,84.25,84.27,1025
Finam:BR,2023-08-22T16:46:00+03:00,84.27,84.31,84.25,84.30,351
Finam:BR,2023-08-22T16:47:00+03:00,84.31,84.35,84.29,84.34,161
Finam:BR,2023-08-22T16:48:00+03:00,84.34,84.44,84.25,84.25,275
Finam:BR,2023-08-22T16:49:00+03:00,84.25,84.30,84.23,84.26,206
Finam:BR,2023-08-22T16:50:00+03:00,84.27,84.29,84.21,84.23,154
Finam:BR,2023-08-22T16:51:00+03:00,84.22,84.39,84.21,84.39,769
Finam:BR,2023-08-22T16:52:00+03:00,84.40,84.45,84.39,84.40,317
Finam:BR,2023-08-22T16:53:00+03:00,84.40,84.54,84.40,84.46,2148
Finam:BR,2023-08-22T16:54:00+03:00,84.46,84.46,84.34,84.34,160
Finam:BR,2023-08-22T16:55:00+03:00,84.33,84.41,84.32,84.40,188
Finam:BR,2023-08-22T16:56:00+03:00,84.41,84.44,84.37,84.42,144
Finam:BR,2023-08-22T16:57:00+03:00,84.42,84.47,84.39,84.42,226
Finam:BR,2023-08-22T16:58:00+03:00,84.42,84.43,84.39,84.43,115
Finam:BR,2023-08-22T16:59:00+03:00,84.43,84.48,84.41,84.44,187
Finam:BR,2023-08-22T17:00:00+03:00,84.45,84.52,84.43,84.51,375
Finam:BR,2023-08-22T17:01:00+03:00,84.50,84.52,84.42,84.51,433
Finam:BR,2023-08-22T17:02:00+03:00,84.50,84.57,84.49,84.56,447
Finam:BR,2023-08-22T17:03:00+03:00,84.56,84.62,84.54,84.55,700
Finam:BR,2023-08-22T17:04:00+03:00,84.55,84.60,84.53,84.58,445
Finam:BR,2023-08-22T17:05:00+03:00,84.59,84.61,84.57,84.61,238
Finam:BR,2023-08-22T17:06:00+03:00,84.61,84.62,84.55,84.55,338
Finam:BR,2023-08-22T17:07:00+03:00,84.55,84.57,84.48,84.48,303
Finam:BR,2023-08-22T17:08:00+03:00,84.49,84.49,84.36,84.36,295
Finam:BR,2023-08-22T17:09:00+03:00,84.36,84.39,84.31,84.32,534
Finam:BR,2023-08-22T17:10:00+03:00,84.32,84.39,84.30,84.39,187
Finam:BR,2023-08-22T17:11:00+03:00,84.41,84.51,84.41,84.49,412
Finam:BR,2023-08-22T17:12:00+03:00,84.49,84.50,84.43,84.43,447
Finam:BR,2023-08-22T17:13:00+03:00,84.43,84.45,84.41,84.42,76
Finam:BR,2023-08-22T17:14:00+03:00,84.42,84.44,84.42,84.43,224
Finam:BR,2023-08-22T17:15:00+03:00,84.42,84.50,84.40,84.49,251
Finam:BR,2023-08-22T17:16:00+03:00,84.49,84.50,84.41,84.42,283
Finam:BR,2023-08-22T17:17:00+03:00,84.42,84.43,84.33,84.37,258
Finam:BR,2023-08-22T17:18:00+03:00,84.36,84.36,84.31,84.31,168
Finam:BR,2023-08-22T17:19:00+03:00,84.31,84.35,84.29,84.29,261
Finam:BR,2023-08-22T17:20:00+03:00,84.30,84.37,84.26,84.36,164
Finam:BR,2023-08-22T17:21:00+03:00,84.36,84.38,84.34,84.34,275
Finam:BR,2023-08-22T17:22:00+03:00,84.33,84.35,84.28,84.28,207
Finam:BR,2023-08-22T17:23:00+03:00,84.27,84.27,84.16,84.16,1215
Finam:BR,2023-08-22T17:24:00+03:00,84.17,84.21,84.15,84.15,389
Finam:BR,2023-08-22T17:25:00+03:00,84.16,84.20,84.14,84.15,309
Finam:BR,2023-08-22T17:26:00+03:00,84.15,84.18,84.10,84.10,822
Finam:BR,2023-08-22T17:27:00+03:00,84.10,84.15,84.10,84.11,554
Finam:BR,2023-08-22T17:28:00+03:00,84.11,84.13,84.00,84.03,970
Finam:BR,2023-08-22T17:29:00+03:00,84.03,84.15,84.00,84.13,638
Finam:BR,2023-08-22T17:30:00+03:00,84.13,84.18,84.13,84.13,209
Finam:BR,2023-08-22T17:31:00+03:00,84.13,84.13,84.06,84.09,223
Finam:BR,2023-08-22T17:32:00+03:00,84.09,84.09,84.02,84.08,420
Finam:BR,2023-08-22T17:33:00+03:00,84.07,84.10,84.06,84.07,191
Finam:BR,2023-08-22T17:34:00+03:00,84.08,84.11,84.06,84.10,136
Finam:BR,2023-08-22T17:35:00+03:00,84.11,84.14,84.10,84.12,223
Finam:BR,2023-08-22T17:36:00+03:00,84.12,84.12,84.05,84.06,174
Finam:BR,2023-08-22T17:37:00+03:00,84.07,84.08,84.05,84.08,266
Finam:BR,2023-08-22T17:38:00+03:00,84.09,84.10,84.03,84.05,212
Finam:BR,2023-08-22T17:39:00+03:00,84.05,84.13,84.04,84.09,276
Finam:BR,2023-08-22T17:40:00+03:00,84.09,84.12,84.07,84.12,319
Finam:BR,2023-08-22T17:41:00+03:00,84.13,84.16,84.01,84.02,275
Finam:BR,2023-08-22T17:42:00+03:00,84.03,84.08,84.03,84.06,275
Finam:BR,2023-08-22T17:43:00+03:00,84.05,84.07,84.02,84.05,266
Finam:BR,2023-08-22T17:44:00+03:00,84.05,84.09,84.03,84.03,543
Finam:BR,2023-08-22T17:45:00+03:00,84.04,84.07,84.03,84.06,295
Finam:BR,2023-08-22T17:46:00+03:00,84.06,84.14,84.06,84.14,545
Finam:BR,2023-08-22T17:47:00+03:00,84.14,84.24,84.10,84.21,906
Finam:BR,2023-08-22T17:48:00+03:00,84.21,84.22,84.16,84.18,353
Finam:BR,2023-08-22T17:49:00+03:00,84.18,84.23,84.18,84.21,228
Finam:BR,2023-08-22T17:50:00+03:00,84.22,84.28,84.21,84.26,362
Finam:BR,2023-08-22T17:51:00+03:00,84.27,84.29,84.24,84.28,132
Finam:BR,2023-08-22T17:52:00+03:00,84.30,84.30,84.18,84.19,350
Finam:BR,2023-08-22T17:53:00+03:00,84.19,84.20,84.14,84.15,443
Finam:BR,2023-08-22T17:54:00+03:00,84.15,84.18,84.14,84.16,106
Finam:BR,2023-08-22T17:55:00+03:00,84.15,84.15,84.09,84.13,244
Finam:BR,2023-08-22T17:56:00+03:00,84.14,84.15,84.11,84.15,166
Finam:BR,2023-08-22T17:57:00+03:00,84.14,84.14,84.08,84.08,252
Finam:BR,2023-08-22T17:58:00+03:00,84.08,84.08,84.05,84.07,286
Finam:BR,2023-08-22T17:59:00+03:00,84.06,84.16,84.06,84.16,693
Finam:BR,2023-08-22T18:00:00+03:00,84.16,84.25,84.16,84.22,632
Finam:BR,2023-08-22T18:01:00+03:00,84.24,84.33,84.23,84.31,481
Finam:BR,2023-08-22T18:02:00+03:00,84.32,84.32,84.28,84.28,184
Finam:BR,2023-08-22T18:03:00+03:00,84.26,84.35,84.25,84.34,295
Finam:BR,2023-08-22T18:04:00+03:00,84.34,84.35,84.24,84.25,247
Finam:BR,2023-08-22T18:05:00+03:00,84.25,84.25,84.14,84.15,1153
Finam:BR,2023-08-22T18:06:00+03:00,84.14,84.30,84.11,84.29,3528
Finam:BR,2023-08-22T18:07:00+03:00,84.30,84.34,84.28,84.28,615
Finam:BR,2023-08-22T18:08:00+03:00,84.27,84.31,84.25,84.29,223
Finam:BR,2023-08-22T18:09:00+03:00,84.28,84.28,84.21,84.21,356
Finam:BR,2023-08-22T18:10:00+03:00,84.21,84.22,84.18,84.21,440
Finam:BR,2023-08-22T18:11:00+03:00,84.21,84.24,84.19,84.19,332
Finam:BR,2023-08-22T18:12:00+03:00,84.19,84.32,84.17,84.32,632
Finam:BR,2023-08-22T18:13:00+03:00,84.31,84.35,84.30,84.32,710
Finam:BR,2023-08-22T18:14:00+03:00,84.31,84.38,84.29,84.36,1085
Finam:BR,2023-08-22T18:15:00+03:00,84.37,84.37,84.24,84.25,498
Finam:BR,2023-08-22T18:16:00+03:00,84.25,84.27,84.24,84.25,415
Finam:BR,2023-08-22T18:17:00+03:00,84.24,84.28,84.21,84.25,334
Finam:BR,2023-08-22T18:18:00+03:00,84.25,84.33,84.23,84.33,352
Finam:BR,2023-08-22T18:19:00+03:00,84.33,84.34,84.25,84.27,516
Finam:BR,2023-08-22T18:20:00+03:00,84.26,84.27,84.20,84.26,339
Finam:BR,2023-08-22T18:21:00+03:00,84.26,84.29,84.20,84.27,234
Finam:BR,2023-08-22T18:22:00+03:00,84.28,84.37,84.25,84.30,1295
Finam:BR,2023-08-22T18:23:00+03:00,84.31,84.31,84.26,84.29,306
Finam:BR,2023-08-22T18:24:00+03:00,84.29,84.40,84.29,84.38,1192
Finam:BR,2023-08-22T18:25:00+03:00,84.39,84.39,84.27,84.27,377
Finam:BR,2023-08-22T18:26:00+03:00,84.27,84.31,84.22,84.28,551
Finam:BR,2023-08-22T18:27:00+03:00,84.27,84.32,84.26,84.30,532
Finam:BR,2023-08-22T18:28:00+03:00,84.30,84.31,84.22,84.26,665
Finam:BR,2023-08-22T18:29:00+03:00,84.25,84.27,84.17,84.19,1835
Finam:BR,2023-08-22T18:30:00+03:00,84.20,84.21,84.15,84.15,1194
Finam:BR,2023-08-22T18:31:00+03:00,84.15,84.24,84.12,84.21,1102
Finam:BR,2023-08-22T18:32:00+03:00,84.20,84.20,84.15,84.15,431
Finam:BR,2023-08-22T18:33:00+03:00,84.14,84.15,84.11,84.13,245
Finam:BR,2023-08-22T18:34:00+03:00,84.13,84.15,84.11,84.11,983
Finam:BR,2023-08-22T18:35:00+03:00,84.11,84.13,84.09,84.12,176
Finam:BR,2023-08-22T18:36:00+03:00,84.11,84.14,84.09,84.12,1745
Finam:BR,2023-08-22T18:37:00+03:00,84.12,84.19,84.11,84.16,197
Finam:BR,2023-08-22T18:38:00+03:00,84.16,84.17,84.11,84.12,528
Finam:BR,2023-08-22T18:39:00+03:00,84.12,84.12,84.07,84.07,189
Finam:BR,2023-08-22T18:40:00+03:00,84.08,84.13,84.07,84.13,288
Finam:BR,2023-08-22T18:41:00+03:00,84.14,84.16,84.08,84.16,1285
Finam:BR,2023-08-22T18:42:00+03:00,84.16,84.16,84.10,84.10,233
Finam:BR,2023-08-22T18:43:00+03:00,84.10,84.11,84.06,84.10,310
Finam:BR,2023-08-22T18:44:00+03:00,84.10,84.12,84.10,84.10,80
Finam:BR,2023-08-22T18:45:00+03:00,84.10,84.12,84.08,84.08,124
Finam:BR,2023-08-22T18:46:00+03:00,84.08,84.16,84.08,84.15,130
Finam:BR,2023-08-22T18:47:00+03:00,84.15,84.21,84.15,84.16,209
Finam:BR,2023-08-22T18:48:00+03:00,84.16,84.22,84.16,84.22,85
Finam:BR,2023-08-22T18:49:00+03:00,84.21,84.26,84.20,84.25,243
Finam:BR,2023-08-22T18:50:00+03:00,84.24,84.27,84.23,84.24,361
Finam:BR,2023-08-22T18:51:00+03:00,84.23,84.27,84.23,84.24,215
Finam:BR,2023-08-22T18:52:00+03:00,84.24,84.24,84.18,84.22,295
Finam:BR,2023-08-22T18:53:00+03:00,84.21,84.30,84.21,84.29,829
Finam:BR,2023-08-22T18:54:00+03:00,84.29,84.29,84.23,84.24,305
Finam:BR,2023-08-22T18:55:00+03:00,84.24,84.29,84.23,84.28,182
Finam:BR,2023-08-22T18:56:00+03:00,84.28,84.28,84.20,84.20,423
Finam:BR,2023-08-22T18:57:00+03:00,84.19,84.22,84.13,84.15,336
Finam:BR,2023-08-22T18:58:00+03:00,84.15,84.21,84.14,84.21,295
Finam:BR,2023-08-22T18:59:00+03:00,84.21,84.21,84.14,84.17,1159
Finam:BR,2023-08-22T19:00:00+03:00,84.16,84.18,84.14,84.15,300
Finam:BR,2023-08-22T19:01:00+03:00,84.15,84.19,84.15,84.15,225
Finam:BR,2023-08-22T19:02:00+03:00,84.15,84.16,84.11,84.13,349
Finam:BR,2023-08-22T19:03:00+03:00,84.13,84.17,84.11,84.17,131
Finam:BR,2023-08-22T19:04:00+03:00,84.18,84.23,84.13,84.23,278
Finam:BR,2023-08-22T19:05:00+03:00,84.23,84.29,84.23,84.29,190
Finam:BR,2023-08-22T19:06:00+03:00,84.29,84.30,84.26,84.27,207
Finam:BR,2023-08-22T19:07:00+03:00,84.27,84.36,84.26,84.34,189
Finam:BR,2023-08-22T19:08:00+03:00,84.34,84.41,84.34,84.38,462
Finam:BR,2023-08-22T19:09:00+03:00,84.38,84.47,84.38,84.42,405
Finam:BR,2023-08-22T19:10:00+03:00,84.43,84.49,84.39,84.39,242
Finam:BR,2023-08-22T19:11:00+03:00,84.40,84.45,84.38,84.44,263
Finam:BR,2023-08-22T19:12:00+03:00,84.44,84.46,84.43,84.46,89
Finam:BR,2023-08-22T19:13:00+03:00,84.46,84.47,84.44,84.45,150
Finam:BR,2023-08-22T19:14:00+03:00,84.45,84.45,84.40,84.41,167
Finam:BR,2023-08-22T19:15:00+03:00,84.41,84.44,84.40,84.43,109
Finam:BR,2023-08-22T19:16:00+03:00,84.44,84.45,84.40,84.40,88
Finam:BR,2023-08-22T19:17:00+03:00,84.41,84.42,84.38,84.38,167
Finam:BR,2023-08-22T19:18:00+03:00,84.39,84.39,84.34,84.35,133
Finam:BR,2023-08-22T19:19:00+03:00,84.36,84.39,84.35,84.39,105
Finam:BR,2023-08-22T19:20:00+03:00,84.40,84.40,84.38,84.39,117
Finam:BR,2023-08-22T19:21:00+03:00,84.38,84.41,84.34,84.36,535
Finam:BR,2023-08-22T19:22:00+03:00,84.36,84.39,84.34,84.39,142
Finam:BR,2023-08-22T19:23:00+03:00,84.39,84.40,84.37,84.40,165
Finam:BR,2023-08-22T19:24:00+03:00,84.41,84.42,84.37,84.37,356
Finam:BR,2023-08-22T19:25:00+03:00,84.36,84.39,84.35,84.38,90
Finam:BR,2023-08-22T19:26:00+03:00,84.38,84.38,84.36,84.37,129
Finam:BR,2023-08-22T19:27:00+03:00,84.37,84.40,84.37,84.38,170
Finam:BR,2023-08-22T19:28:00+03:00,84.39,84.45,84.38,84.42,576
Finam:BR,2023-08-22T19:29:00+03:00,84.42,84.44,84.41,84.42,82
Finam:BR,2023-08-22T19:30:00+03:00,84.43,84.47,84.43,84.46,309
Finam:BR,2023-08-22T19:31:00+03:00,84.46,84.48,84.43,84.45,368
Finam:BR,2023-08-22T19:32:00+03:00,84.46,84.50,84.46,84.47,207
Finam:BR,2023-08-22T19:33:00+03:00,84.47,84.49,84.45,84.45,74
Finam:BR,2023-08-22T19:34:00+03:00,84.45,84.45,84.36,84.38,315
Finam:BR,2023-08-22T19:35:00+03:00,84.37,84.39,84.32,84.32,187
Finam:BR,2023-08-22T19:36:00+03:00,84.32,84.34,84.27,84.32,285
Finam:BR,2023-08-22T19:37:00+03:00,84.32,84.34,84.28,84.28,164
Finam:BR,2023-08-22T19:38:00+03:00,84.30,84.31,84.28,84.31,69
Finam:BR,2023-08-22T19:39:00+03:00,84.32,84.32,84.28,84.31,141
Finam:BR,2023-08-22T19:40:00+03:00,84.31,84.32,84.27,84.28,124
Finam:BR,2023-08-22T19:41:00+03:00,84.27,84.30,84.25,84.30,83
Finam:BR,2023-08-22T19:42:00+03:00,84.30,84.34,84.28,84.34,149
Finam:BR,2023-08-22T19:43:00+03:00,84.33,84.33,84.31,84.31,86
Finam:BR,2023-08-22T19:44:00+03:00,84.33,84.37,84.31,84.37,409
Finam:BR,2023-08-22T19:45:00+03:00,84.36,84.38,84.35,84.37,78
Finam:BR,2023-08-22T19:46:00+03:00,84.37,84.39,84.34,84.35,213
Finam:BR,2023-08-22T19:47:00+03:00,84.36,84.38,84.32,84.37,215
Finam:BR,2023-08-22T19:48:00+03:00,84.37,84.39,84.36,84.37,106
Finam:BR,2023-08-22T19:49:00+03:00,84.36,84.36,84.30,84.30,166
Finam:BR,2023-08-22T19:50:00+03:00,84.30,84.32,84.28,84.31,66
Finam:BR,2023-08-22T19:51:00+03:00,84.33,84.36,84.31,84.32,106
Finam:BR,2023-08-22T19:52:00+03:00,84.32,84.33,84.31,84.32,38
Finam:BR,2023-08-22T19:53:00+03:00,84.33,84.33,84.31,84.32,112
Finam:BR,2023-08-22T19:54:00+03:00,84.32,84.32,84.28,84.31,77
Finam:BR,2023-08-22T19:55:00+03:00,84.31,84.31,84.28,84.28,77
Finam:BR,2023-08-22T19:56:00+03:00,84.28,84.29,84.21,84.23,278
Finam:BR,2023-08-22T19:57:00+03:00,84.23,84.25,84.22,84.23,88
Finam:BR,2023-08-22T19:58:00+03:00,84.23,84.23,84.21,84.21,50
Finam:BR,2023-08-22T19:59:00+03:00,84.21,84.23,84.19,84.21,244
Finam:BR,2023-08-22T20:00:00+03:00,84.20,84.23,84.19,84.21,99
Finam:BR,2023-08-22T20:01:00+03:00,84.20,84.20,84.18,84.18,84
Finam:BR,2023-08-22T20:02:00+03:00,84.18,84.22,84.17,84.21,423
Finam:BR,2023-08-22T20:03:00+03:00,84.22,84.22,84.17,84.19,63
Finam:BR,2023-08-22T20:04:00+03:00,84.20,84.22,84.20,84.21,61
Finam:BR,2023-08-22T20:05:00+03:00,84.21,84.22,84.19,84.20,67
Finam:BR,2023-08-22T20:06:00+03:00,84.20,84.20,84.15,84.16,311
Finam:BR,2023-08-22T20:07:00+03:00,84.15,84.17,84.13,84.17,279
Finam:BR,2023-08-22T20:08:00+03:00,84.17,84.22,84.17,84.22,58
Finam:BR,2023-08-22T20:09:00+03:00,84.22,84.24,84.21,84.23,133
Finam:BR,2023-08-22T20:10:00+03:00,84.22,84.24,84.20,84.21,60
Finam:BR,2023-08-22T20:11:00+03:00,84.21,84.21,84.12,84.12,47
Finam:BR,2023-08-22T20:12:00+03:00,84.12,84.14,84.11,84.14,70
Finam:BR,2023-08-22T20:13:00+03:00,84.15,84.15,84.13,84.15,210
Finam:BR,2023-08-22T20:14:00+03:00,84.15,84.15,84.13,84.14,48
Finam:BR,2023-08-22T20:15:00+03:00,84.13,84.13,84.05,84.08,868
Finam:BR,2023-08-22T20:16:00+03:00,84.08,84.08,84.05,84.06,113
Finam:BR,2023-08-22T20:17:00+03:00,84.05,84.05,84.02,84.03,125
Finam:BR,2023-08-22T20:18:00+03:00,84.03,84.05,84.00,84.01,312
Finam:BR,2023-08-22T20:19:00+03:00,84.00,84.02,83.96,83.98,956
Finam:BR,2023-08-22T20:20:00+03:00,83.98,84.00,83.95,83.97,920
Finam:BR,2023-08-22T20:21:00+03:00,83.96,83.99,83.96,83.98,157
Finam:BR,2023-08-22T20:22:00+03:00,83.98,84.05,83.97,84.01,194
Finam:BR,2023-08-22T20:23:00+03:00,84.00,84.01,83.97,83.99,237
Finam:BR,2023-08-22T20:24:00+03:00,83.99,84.02,83.98,84.00,231
Finam:BR,2023-08-22T20:25:00+03:00,84.00,84.00,83.98,83.99,136
Finam:BR,2023-08-22T20:26:00+03:00,83.98,84.01,83.97,84.01,205
Finam:BR,2023-08-22T20:27:00+03:00,84.01,84.03,83.98,83.98,109
Finam:BR,2023-08-22T20:28:00+03:00,83.98,84.01,83.97,84.01,78
Finam:BR,2023-08-22T20:29:00+03:00,84.01,84.06,83.99,84.05,139
Finam:BR,2023-08-22T20:30:00+03:00,84.06,84.06,84.02,84.02,218
Finam:BR,2023-08-22T20:31:00+03:00,84.02,84.02,84.00,84.02,168
Finam:BR,2023-08-22T20:32:00+03:00,84.02,84.03,84.01,84.02,99
Finam:BR,2023-08-22T20:33:00+03:00,84.02,84.04,84.01,84.04,136
Finam:BR,2023-08-22T20:34:00+03:00,84.04,84.04,84.00,84.03,126
Finam:BR,2023-08-22T20:35:00+03:00,84.03,84.04,84.01,84.01,140
Finam:BR,2023-08-22T20:36:00+03:00,84.01,84.06,84.01,84.05,94
Finam:BR,2023-08-22T20:37:00+03:00,84.04,84.05,84.03,84.04,204
Finam:BR,2023-08-22T20:38:00+03:00,84.04,84.04,83.97,84.00,152
Finam:BR,2023-08-22T20:39:00+03:00,84.01,84.03,83.99,84.03,73
Finam:BR,2023-08-22T20:40:00+03:00,84.03,84.03,84.01,84.02,138
Finam:BR,2023-08-22T20:41:00+03:00,84.03,84.03,84.00,84.01,85
Finam:BR,2023-08-22T20:42:00+03:00,84.01,84.05,84.01,84.05,100
Finam:BR,2023-08-22T20:43:00+03:00,84.06,84.08,84.06,84.06,66
Finam:BR,2023-08-22T20:44:00+03:00,84.06,84.07,84.05,84.06,118
Finam:BR,2023-08-22T20:45:00+03:00,84.06,84.08,84.04,84.06,129
Finam:BR,2023-08-22T20:46:00+03:00,84.06,84.09,84.05,84.09,148
Finam:BR,2023-08-22T20:47:00+03:00,84.08,84.13,84.07,84.13,159
Finam:BR,2023-08-22T20:48:00+03:00,84.12,84.16,84.12,84.16,355
Finam:BR,2023-08-22T20:49:00+03:00,84.16,84.25,84.16,84.24,897
Finam:BR,2023-08-22T20:50:00+03:00,84.25,84.26,84.19,84.20,303
Finam:BR,2023-08-22T20:51:00+03:00,84.21,84.25,84.20,84.23,167
Finam:BR,2023-08-22T20:52:00+03:00,84.23,84.30,84.23,84.29,214
Finam:BR,2023-08-22T20:53:00+03:00,84.29,84.32,84.27,84.27,174
Finam:BR,2023-08-22T20:54:00+03:00,84.27,84.27,84.19,84.20,461
Finam:BR,2023-08-22T20:55:00+03:00,84.19,84.20,84.10,84.15,746
Finam:BR,2023-08-22T20:56:00+03:00,84.15,84.16,84.12,84.16,158
Finam:BR,2023-08-22T20:57:00+03:00,84.16,84.18,84.13,84.18,230
Finam:BR,2023-08-22T20:58:00+03:00,84.18,84.22,84.17,84.18,197
Finam:BR,2023-08-22T20:59:00+03:00,84.17,84.18,84.12,84.15,217
Finam:BR,2023-08-22T21:00:00+03:00,84.15,84.17,84.11,84.14,322
Finam:BR,2023-08-22T21:01:00+03:00,84.14,84.19,84.12,84.17,489
Finam:BR,2023-08-22T21:02:00+03:00,84.17,84.18,84.11,84.14,309
Finam:BR,2023-08-22T21:03:00+03:00,84.13,84.14,84.10,84.11,304
Finam:BR,2023-08-22T21:04:00+03:00,84.11,84.14,84.06,84.07,161
Finam:BR,2023-08-22T21:05:00+03:00,84.07,84.08,84.04,84.05,261
Finam:BR,2023-08-22T21:06:00+03:00,84.05,84.05,83.93,83.95,971
Finam:BR,2023-08-22T21:07:00+03:00,83.96,83.96,83.90,83.92,986
Finam:BR,2023-08-22T21:08:00+03:00,83.92,83.95,83.90,83.94,474
Finam:BR,2023-08-22T21:09:00+03:00,83.94,83.99,83.91,83.98,237
Finam:BR,2023-08-22T21:10:00+03:00,83.99,84.01,83.97,83.99,388
Finam:BR,2023-08-22T21:11:00+03:00,84.00,84.03,83.96,83.97,186
Finam:BR,2023-08-22T21:12:00+03:00,83.97,83.97,83.94,83.96,197
Finam:BR,2023-08-22T21:13:00+03:00,83.96,83.96,83.94,83.95,117
Finam:BR,2023-08-22T21:14:00+03:00,83.95,83.99,83.95,83.96,217
Finam:BR,2023-08-22T21:15:00+03:00,83.96,83.97,83.93,83.97,228
Finam:BR,2023-08-22T21:16:00+03:00,83.98,83.99,83.96,83.97,252
Finam:BR,2023-08-22T21:17:00+03:00,83.97,83.98,83.95,83.98,533
Finam:BR,2023-08-22T21:18:00+03:00,83.98,84.04,83.98,84.03,773
Finam:BR,2023-08-22T21:19:00+03:00,84.03,84.07,84.03,84.06,1141
Finam:BR,2023-08-22T21:20:00+03:00,84.06,84.07,83.98,83.99,141
Finam:BR,2023-08-22T21:21:00+03:00,83.97,83.98,83.93,83.95,335
Finam:BR,2023-08-22T21:22:00+03:00,83.94,83.94,83.88,83.92,1116
Finam:BR,2023-08-22T21:23:00+03:00,83.92,83.92,83.86,83.88,930
Finam:BR,2023-08-22T21:24:00+03:00,83.88,83.89,83.85,83.85,744
Finam:BR,2023-08-22T21:25:00+03:00,83.86,83.91,83.85,83.91,514
Finam:BR,2023-08-22T21:26:00+03:00,83.90,83.92,83.88,83.92,554
Finam:BR,2023-08-22T21:27:00+03:00,83.91,83.94,83.88,83.89,946
Finam:BR,2023-08-22T21:28:00+03:00,83.89,84.09,83.89,84.04,4812
Finam:BR,2023-08-22T21:29:00+03:00,84.04,84.05,84.00,84.02,4032
Finam:BR,2023-08-22T21:30:00+03:00,84.02,84.02,83.98,84.00,981
Finam:BR,2023-08-22T21:31:00+03:00,83.99,84.07,83.99,84.04,611
Finam:BR,2023-08-22T21:32:00+03:00,84.03,84.04,84.00,84.01,359
Finam:BR,2023-08-22T21:33:00+03:00,84.01,84.02,83.98,84.00,298
Finam:BR,2023-08-22T21:34:00+03:00,83.99,84.00,83.98,83.99,167
Finam:BR,2023-08-22T21:35:00+03:00,83.99,84.01,83.98,83.99,535
Finam:BR,2023-08-22T21:36:00+03:00,83.99,84.00,83.96,83.99,412
Finam:BR,2023-08-22T21:37:00+03:00,84.00,84.00,83.96,83.97,202
Finam:BR,2023-08-22T21:38:00+03:00,83.97,83.98,83.96,83.97,251
Finam:BR,2023-08-22T21:39:00+03:00,83.96,83.97,83.95,83.96,255
Finam:BR,2023-08-22T21:40:00+03:00,83.96,83.97,83.95,83.96,98
Finam:BR,2023-08-22T21:41:00+03:00,83.96,83.98,83.96,83.98,224
Finam:BR,2023-08-22T21:42:00+03:00,83.98,84.00,83.98,83.99,228
Finam:BR,2023-08-22T21:43:00+03:00,83.99,83.99,83.98,83.99,154
Finam:BR,2023-08-22T21:44:00+03:00,83.99,84.01,83.99,84.01,249
Finam:BR,2023-08-22T21:45:00+03:00,84.01,84.02,84.00,84.02,47
Finam:BR,2023-08-22T21:46:00+03:00,84.01,84.01,83.99,84.01,74
Finam:BR,2023-08-22T21:47:00+03:00,84.01,84.02,83.99,84.01,123
Finam:BR,2023-08-22T21:48:00+03:00,84.01,84.01,83.99,84.00,31
Finam:BR,2023-08-22T21:49:00+03:00,84.00,84.01,84.00,84.00,36
Finam:BR,2023-08-22T21:50:00+03:00,84.01,84.02,84.00,84.01,49
Finam:BR,2023-08-22T21:51:00+03:00,84.02,84.03,84.00,84.01,102
Finam:BR,2023-08-22T21:52:00+03:00,84.00,84.00,83.99,84.00,33
Finam:BR,2023-08-22T21:53:00+03:00,83.99,83.99,83.99,83.99,39
Finam:BR,2023-08-22T21:54:00+03:00,83.99,83.99,83.97,83.98,272
Finam:BR,2023-08-22T21:55:00+03:00,83.98,83.99,83.98,83.98,43
Finam:BR,2023-08-22T21:56:00+03:00,83.98,83.99,83.98,83.98,113
Finam:BR,2023-08-22T21:57:00+03:00,83.99,84.00,83.98,84.00,132
Finam:BR,2023-08-22T21:58:00+03:00,83.99,83.99,83.98,83.98,16
Finam:BR,2023-08-22T21:59:00+03:00,83.99,84.00,83.99,84.00,41
Finam:BR,2023-08-22T22:00:00+03:00,83.99,84.01,83.99,84.01,28
Finam:BR,2023-08-22T22:01:00+03:00,84.02,84.05,84.02,84.04,169
Finam:BR,2023-08-22T22:02:00+03:00,84.04,84.06,84.04,84.04,120
Finam:BR,2023-08-22T22:03:00+03:00,84.05,84.05,84.04,84.05,57
Finam:BR,2023-08-22T22:04:00+03:00,84.05,84.05,84.05,84.05,80
Finam:BR,2023-08-22T22:05:00+03:00,84.05,84.05,84.04,84.05,30
Finam:BR,2023-08-22T22:06:00+03:00,84.05,84.06,84.05,84.05,24
Finam:BR,2023-08-22T22:07:00+03:00,84.05,84.05,84.04,84.05,18
Finam:BR,2023-08-22T22:08:00+03:00,84.05,84.05,84.04,84.05,14
Finam:BR,2023-08-22T22:09:00+03:00,84.05,84.06,84.04,84.05,60
Finam:BR,2023-08-22T22:10:00+03:00,84.06,84.06,84.05,84.05,43
Finam:BR,2023-08-22T22:11:00+03:00,84.04,84.05,84.04,84.05,43
Finam:BR,2023-08-22T22:12:00+03:00,84.06,84.07,84.05,84.06,22
Finam:BR,2023-08-22T22:13:00+03:00,84.06,84.07,84.06,84.07,49
Finam:BR,2023-08-22T22:14:00+03:00,84.07,84.09,84.06,84.09,488
Finam:BR,2023-08-22T22:15:00+03:00,84.09,84.09,84.07,84.07,43
Finam:BR,2023-08-22T22:16:00+03:00,84.07,84.07,84.05,84.07,40
Finam:BR,2023-08-22T22:17:00+03:00,84.08,84.08,84.08,84.08,18
Finam:BR,2023-08-22T22:18:00+03:00,84.08,84.08,84.08,84.08,5
Finam:BR,2023-08-22T22:19:00+03:00,84.07,84.07,84.07,84.07,8
Finam:BR,2023-08-22T22:20:00+03:00,84.07,84.07,84.07,84.07,69
Finam:BR,2023-08-22T22:21:00+03:00,84.07,84.08,84.07,84.07,57
Finam:BR,2023-08-22T22:22:00+03:00,84.06,84.07,84.04,84.06,93
Finam:BR,2023-08-22T22:23:00+03:00,84.06,84.06,84.05,84.05,5
Finam:BR,2023-08-22T22:24:00+03:00,84.06,84.06,84.05,84.06,11
Finam:BR,2023-08-22T22:25:00+03:00,84.06,84.08,84.06,84.08,24
Finam:BR,2023-08-22T22:26:00+03:00,84.07,84.07,84.06,84.07,135
Finam:BR,2023-08-22T22:27:00+03:00,84.06,84.06,84.04,84.04,8
Finam:BR,2023-08-22T22:28:00+03:00,84.05,84.06,84.05,84.06,18
Finam:BR,2023-08-22T22:29:00+03:00,84.06,84.06,84.05,84.05,10
Finam:BR,2023-08-22T22:30:00+03:00,84.05,84.06,84.02,84.02,54
Finam:BR,2023-08-22T22:31:00+03:00,84.02,84.02,84.02,84.02,69
Finam:BR,2023-08-22T22:32:00+03:00,84.01,84.02,84.01,84.02,2
Finam:BR,2023-08-22T22:33:00+03:00,84.02,84.02,84.01,84.02,62
Finam:BR,2023-08-22T22:34:00+03:00,84.02,84.03,84.02,84.03,196
Finam:BR,2023-08-22T22:35:00+03:00,84.03,84.04,84.03,84.04,42
Finam:BR,2023-08-22T22:36:00+03:00,84.03,84.04,84.03,84.04,25
Finam:BR,2023-08-22T22:37:00+03:00,84.04,84.05,84.04,84.05,92
Finam:BR,2023-08-22T22:38:00+03:00,84.05,84.05,84.04,84.04,29
Finam:BR,2023-08-22T22:39:00+03:00,84.04,84.05,84.04,84.04,66
Finam:BR,2023-08-22T22:40:00+03:00,84.03,84.03,84.03,84.03,105
Finam:BR,2023-08-22T22:41:00+03:00,84.02,84.03,84.02,84.03,492
Finam:BR,2023-08-22T22:42:00+03:00,84.03,84.03,84.03,84.03,1
Finam:BR,2023-08-22T22:43:00+03:00,84.03,84.05,84.03,84.04,47
Finam:BR,2023-08-22T22:44:00+03:00,84.03,84.03,84.03,84.03,13
Finam:BR,2023-08-22T22:45:00+03:00,84.02,84.07,84.01,84.07,339
Finam:BR,2023-08-22T22:46:00+03:00,84.07,84.09,84.07,84.08,60
Finam:BR,2023-08-22T22:47:00+03:00,84.08,84.08,84.07,84.07,4
Finam:BR,2023-08-22T22:48:00+03:00,84.08,84.08,84.06,84.06,117
Finam:BR,2023-08-22T22:49:00+03:00,84.06,84.07,84.06,84.07,33
Finam:BR,2023-08-22T22:50:00+03:00,84.08,84.08,84.06,84.06,52
Finam:BR,2023-08-22T22:51:00+03:00,84.07,84.09,84.06,84.08,37
Finam:BR,2023-08-22T22:52:00+03:00,84.09,84.10,84.09,84.09,123
Finam:BR,2023-08-22T22:53:00+03:00,84.10,84.12,84.10,84.10,99
Finam:BR,2023-08-22T22:54:00+03:00,84.11,84.11,84.06,84.07,146
Finam:BR,2023-08-22T22:55:00+03:00,84.08,84.10,84.07,84.10,139
Finam:BR,2023-08-22T22:56:00+03:00,84.10,84.10,84.08,84.08,19
Finam:BR,2023-08-22T22:57:00+03:00,84.08,84.10,84.08,84.09,177
Finam:BR,2023-08-22T22:58:00+03:00,84.09,84.09,84.08,84.08,17
Finam:BR,2023-08-22T22:59:00+03:00,84.08,84.09,84.07,84.09,115
Finam:BR,2023-08-22T23:00:00+03:00,84.10,84.10,84.05,84.07,199
Finam:BR,2023-08-22T23:01:00+03:00,84.06,84.08,84.06,84.08,37
Finam:BR,2023-08-22T23:02:00+03:00,84.07,84.07,84.05,84.05,102
Finam:BR,2023-08-22T23:03:00+03:00,84.05,84.05,84.05,84.05,7
Finam:BR,2023-08-22T23:04:00+03:00,84.05,84.05,84.04,84.05,29
Finam:BR,2023-08-22T23:05:00+03:00,84.05,84.06,84.05,84.06,38
Finam:BR,2023-08-22T23:06:00+03:00,84.05,84.06,84.05,84.06,3
Finam:BR,2023-08-22T23:07:00+03:00,84.05,84.05,84.05,84.05,1
Finam:BR,2023-08-22T23:08:00+03:00,84.04,84.04,84.02,84.03,36
Finam:BR,2023-08-22T23:09:00+03:00,84.04,84.05,84.04,84.05,9
Finam:BR,2023-08-22T23:10:00+03:00,84.06,84.06,84.06,84.06,6
Finam:BR,2023-08-22T23:11:00+03:00,84.05,84.05,84.04,84.05,20
Finam:BR,2023-08-22T23:12:00+03:00,84.05,84.05,84.05,84.05,2
Finam:BR,2023-08-22T23:13:00+03:00,84.05,84.05,84.04,84.05,25
Finam:BR,2023-08-22T23:14:00+03:00,84.05,84.07,84.05,84.06,45
Finam:BR,2023-08-22T23:15:00+03:00,84.07,84.07,84.06,84.07,51
Finam:BR,2023-08-22T23:17:00+03:00,84.07,84.09,84.07,84.08,128
Finam:BR,2023-08-22T23:19:00+03:00,84.08,84.08,84.08,84.08,1
Finam:BR,2023-08-22T23:20:00+03:00,84.07,84.08,84.07,84.08,29
Finam:BR,2023-08-22T23:21:00+03:00,84.07,84.09,84.07,84.09,17
Finam:BR,2023-08-22T23:22:00+03:00,84.10,84.10,84.10,84.10,50
Finam:BR,2023-08-22T23:24:00+03:00,84.10,84.11,84.08,84.09,87
Finam:BR,2023-08-22T23:25:00+03:00,84.09,84.09,84.09,84.09,31
Finam:BR,2023-08-22T23:26:00+03:00,84.09,84.09,84.09,84.09,2
Finam:BR,2023-08-22T23:27:00+03:00,84.10,84.10,84.09,84.09,28
Finam:BR,2023-08-22T23:28:00+03:00,84.09,84.09,84.08,84.08,9
Finam:BR,2023-08-22T23:29:00+03:00,84.09,84.09,84.07,84.09,67
Finam:BR,2023-08-22T23:30:00+03:00,84.07,84.07,84.02,84.03,94
Finam:BR,2023-08-22T23:31:00+03:00,84.04,84.05,83.99,84.01,105
Finam:BR,2023-08-22T23:32:00+03:00,84.01,84.01,83.97,83.97,99
Finam:BR,2023-08-22T23:33:00+03:00,83.99,83.99,83.93,83.96,142
Finam:BR,2023-08-22T23:34:00+03:00,83.96,83.97,83.95,83.96,194
Finam:BR,2023-08-22T23:35:00+03:00,83.96,83.96,83.96,83.96,6
Finam:BR,2023-08-22T23:36:00+03:00,83.96,83.96,83.88,83.88,382
Finam:BR,2023-08-22T23:37:00+03:00,83.88,83.88,83.87,83.88,88
Finam:BR,2023-08-22T23:38:00+03:00,83.88,83.89,83.88,83.89,24
Finam:BR,2023-08-22T23:39:00+03:00,83.90,83.90,83.88,83.89,37
Finam:BR,2023-08-22T23:40:00+03:00,83.89,83.90,83.87,83.88,73
Finam:BR,2023-08-22T23:41:00+03:00,83.88,83.88,83.85,83.86,53
Finam:BR,2023-08-22T23:42:00+03:00,83.86,83.88,83.86,83.87,28
Finam:BR,2023-08-22T23:43:00+03:00,83.88,83.91,83.88,83.91,60
Finam:BR,2023-08-22T23:44:00+03:00,83.90,83.93,83.90,83.92,54
Finam:BR,2023-08-22T23:45:00+03:00,83.92,83.92,83.91,83.91,34
Finam:BR,2023-08-22T23:46:00+03:00,83.93,83.93,83.92,83.93,15
Finam:BR,2023-08-22T23:47:00+03:00,83.93,83.94,83.93,83.93,16
Finam:BR,2023-08-22T23:48:00+03:00,83.93,83.94,83.93,83.93,41
Finam:BR,2023-08-22T23:49:00+03:00,83.94,83.95,83.94,83.95,39
Finam:BR,2023-08-22T23:50:00+03:00,83.95,83.97,83.92,83.97,448
Finam:BR,2023-08-22T23:51:00+03:00,83.97,83.97,83.97,83.97,7
Finam:BR,2023-08-22T23:52:00+03:00,83.97,83.98,83.96,83.98,82
Finam:BR,2023-08-22T23:53:00+03:00,83.97,83.97,83.96,83.97,79
Finam:BR,2023-08-22T23:54:00+03:00,83.98,83.98,83.97,83.97,28
Finam:BR,2023-08-22T23:55:00+03:00,83.97,83.97,83.96,83.96,6
Finam:BR,2023-08-22T23:56:00+03:00,83.97,83.97,83.92,83.93,95
Finam:BR,2023-08-22T23:57:00+03:00,83.93,83.93,83.92,83.92,39
Finam:BR,2023-08-22T23:58:00+03:00,83.93,83.93,83.92,83.92,45
Finam:BR,2023-08-22T23:59:00+03:00,83.92,83.94,83.92,83.93,31
