MOEX:YNDX,2020-12-03T10:00:00+03:00,5212.0,5220.0,5208.6,5215.6,1832
MOEX:YNDX,2020-12-03T10:01:00+03:00,5213.6,5221.4,5206.2,5208.6,3159
MOEX:YNDX,2020-12-03T10:02:00+03:00,5208.4,5211.0,5206.0,5211.0,1196
MOEX:YNDX,2020-12-03T10:03:00+03:00,5209.0,5210.2,5201.0,5202.8,1447
MOEX:YNDX,2020-12-03T10:04:00+03:00,5202.8,5202.8,5193.0,5197.4,934
MOEX:YNDX,2020-12-03T10:05:00+03:00,5197.0,5200.0,5193.2,5198.0,1154
MOEX:YNDX,2020-12-03T10:06:00+03:00,5200.0,5205.0,5200.0,5205.0,734
MOEX:YNDX,2020-12-03T10:07:00+03:00,5205.0,5206.4,5202.0,5204.8,751
MOEX:YNDX,2020-12-03T10:08:00+03:00,5205.2,5205.2,5200.0,5202.6,975
MOEX:YNDX,2020-12-03T10:09:00+03:00,5202.6,5205.4,5202.2,5205.4,174
MOEX:YNDX,2020-12-03T10:10:00+03:00,5204.2,5216.6,5204.2,5214.4,3941
MOEX:YNDX,2020-12-03T10:11:00+03:00,5214.2,5219.0,5212.2,5218.0,215
MOEX:YNDX,2020-12-03T10:12:00+03:00,5218.4,5220.0,5214.8,5218.2,7186
MOEX:YNDX,2020-12-03T10:13:00+03:00,5218.2,5220.0,5216.0,5219.6,619
MOEX:YNDX,2020-12-03T10:14:00+03:00,5219.6,5234.0,5216.8,5225.2,4798
MOEX:YNDX,2020-12-03T10:15:00+03:00,5225.2,5234.2,5224.2,5231.0,1650
MOEX:YNDX,2020-12-03T10:16:00+03:00,5231.0,5232.0,5223.6,5227.2,1958
MOEX:YNDX,2020-12-03T10:17:00+03:00,5227.0,5227.6,5219.6,5220.4,725
MOEX:YNDX,2020-12-03T10:18:00+03:00,5220.4,5226.0,5215.0,5215.0,2630
MOEX:YNDX,2020-12-03T10:19:00+03:00,5218.8,5222.6,5215.0,5221.6,2436
MOEX:YNDX,2020-12-03T10:20:00+03:00,5220.2,5226.0,5220.2,5226.0,2708
MOEX:YNDX,2020-12-03T10:21:00+03:00,5225.0,5230.0,5225.0,5230.0,569
MOEX:YNDX,2020-12-03T10:22:00+03:00,5230.0,5232.0,5223.8,5232.0,1216
MOEX:YNDX,2020-12-03T10:23:00+03:00,5232.0,5233.8,5230.0,5232.4,954
MOEX:YNDX,2020-12-03T10:24:00+03:00,5232.4,5232.4,5228.4,5229.2,2579
MOEX:YNDX,2020-12-03T10:25:00+03:00,5229.2,5229.2,5211.4,5220.2,4819
MOEX:YNDX,2020-12-03T10:26:00+03:00,5219.8,5223.0,5219.8,5221.2,108
MOEX:YNDX,2020-12-03T10:27:00+03:00,5221.0,5221.0,5218.6,5218.6,93
MOEX:YNDX,2020-12-03T10:28:00+03:00,5218.4,5227.2,5216.4,5225.4,1385
MOEX:YNDX,2020-12-03T10:29:00+03:00,5225.4,5225.4,5220.0,5220.0,66
MOEX:YNDX,2020-12-03T10:30:00+03:00,5220.0,5220.0,5213.2,5218.0,781
MOEX:YNDX,2020-12-03T10:31:00+03:00,5218.4,5223.6,5218.4,5220.8,275
MOEX:YNDX,2020-12-03T10:32:00+03:00,5220.6,5223.6,5220.0,5220.4,419
MOEX:YNDX,2020-12-03T10:33:00+03:00,5219.6,5222.0,5218.0,5220.4,101
MOEX:YNDX,2020-12-03T10:34:00+03:00,5222.0,5222.0,5218.4,5220.4,357
MOEX:YNDX,2020-12-03T10:35:00+03:00,5220.4,5220.4,5218.4,5220.4,21
MOEX:YNDX,2020-12-03T10:36:00+03:00,5220.0,5220.0,5215.0,5217.0,236
MOEX:YNDX,2020-12-03T10:37:00+03:00,5217.2,5217.2,5214.2,5216.0,357
MOEX:YNDX,2020-12-03T10:38:00+03:00,5215.0,5215.8,5213.8,5213.8,139
MOEX:YNDX,2020-12-03T10:39:00+03:00,5214.0,5214.0,5213.0,5213.6,258
MOEX:YNDX,2020-12-03T10:40:00+03:00,5213.8,5220.4,5213.8,5220.4,2588
MOEX:YNDX,2020-12-03T10:41:00+03:00,5219.0,5220.2,5219.0,5220.0,104
MOEX:YNDX,2020-12-03T10:42:00+03:00,5220.0,5220.0,5216.8,5219.0,135
MOEX:YNDX,2020-12-03T10:43:00+03:00,5217.6,5220.4,5216.2,5220.4,1382
MOEX:YNDX,2020-12-03T10:44:00+03:00,5220.4,5220.4,5220.0,5220.4,355
MOEX:YNDX,2020-12-03T10:45:00+03:00,5220.0,5220.4,5219.0,5219.0,196
MOEX:YNDX,2020-12-03T10:46:00+03:00,5219.0,5219.0,5215.2,5216.6,471
MOEX:YNDX,2020-12-03T10:47:00+03:00,5216.0,5217.0,5215.2,5216.6,49
MOEX:YNDX,2020-12-03T10:48:00+03:00,5216.8,5216.8,5216.0,5216.8,126
MOEX:YNDX,2020-12-03T10:49:00+03:00,5217.0,5220.0,5217.0,5220.0,490
MOEX:YNDX,2020-12-03T10:50:00+03:00,5220.0,5220.4,5217.2,5219.2,167
MOEX:YNDX,2020-12-03T10:51:00+03:00,5219.2,5219.2,5216.6,5216.6,174
MOEX:YNDX,2020-12-03T10:52:00+03:00,5216.2,5218.8,5216.2,5216.2,25
MOEX:YNDX,2020-12-03T10:53:00+03:00,5218.4,5219.2,5216.2,5219.2,356
MOEX:YNDX,2020-12-03T10:54:00+03:00,5220.0,5220.0,5220.0,5220.0,53
MOEX:YNDX,2020-12-03T10:55:00+03:00,5220.0,5220.0,5218.4,5220.0,104
MOEX:YNDX,2020-12-03T10:56:00+03:00,5220.0,5220.0,5218.4,5218.4,86
MOEX:YNDX,2020-12-03T10:57:00+03:00,5218.4,5218.4,5216.4,5218.2,176
MOEX:YNDX,2020-12-03T10:58:00+03:00,5218.2,5223.0,5217.8,5223.0,1488
MOEX:YNDX,2020-12-03T10:59:00+03:00,5224.4,5229.0,5224.0,5229.0,302
MOEX:YNDX,2020-12-03T11:00:00+03:00,5229.0,5239.8,5227.8,5236.4,2208
MOEX:YNDX,2020-12-03T11:01:00+03:00,5239.4,5239.8,5236.0,5236.2,963
MOEX:YNDX,2020-12-03T11:02:00+03:00,5236.2,5236.4,5230.2,5236.0,1680
MOEX:YNDX,2020-12-03T11:03:00+03:00,5235.2,5235.2,5233.6,5234.8,664
MOEX:YNDX,2020-12-03T11:04:00+03:00,5234.8,5235.0,5233.6,5234.6,137
MOEX:YNDX,2020-12-03T11:05:00+03:00,5233.6,5233.6,5229.6,5229.6,889
MOEX:YNDX,2020-12-03T11:06:00+03:00,5226.6,5227.0,5224.4,5225.4,213
MOEX:YNDX,2020-12-03T11:07:00+03:00,5224.4,5225.4,5218.6,5223.4,452
MOEX:YNDX,2020-12-03T11:08:00+03:00,5223.2,5225.0,5223.0,5225.0,462
MOEX:YNDX,2020-12-03T11:09:00+03:00,5225.0,5226.0,5224.0,5225.0,280
MOEX:YNDX,2020-12-03T11:10:00+03:00,5226.0,5236.2,5224.0,5229.6,2781
MOEX:YNDX,2020-12-03T11:11:00+03:00,5229.6,5230.2,5221.0,5222.2,2019
MOEX:YNDX,2020-12-03T11:12:00+03:00,5225.8,5230.0,5225.0,5225.0,471
MOEX:YNDX,2020-12-03T11:13:00+03:00,5227.4,5227.4,5224.6,5226.8,466
MOEX:YNDX,2020-12-03T11:14:00+03:00,5226.8,5227.4,5224.2,5226.2,60
MOEX:YNDX,2020-12-03T11:15:00+03:00,5226.0,5226.2,5225.0,5225.0,123
MOEX:YNDX,2020-12-03T11:16:00+03:00,5226.0,5226.2,5223.4,5225.6,160
MOEX:YNDX,2020-12-03T11:17:00+03:00,5222.8,5224.0,5221.0,5222.4,240
MOEX:YNDX,2020-12-03T11:18:00+03:00,5224.0,5228.4,5223.8,5228.2,328
MOEX:YNDX,2020-12-03T11:19:00+03:00,5227.0,5229.4,5224.0,5226.6,717
MOEX:YNDX,2020-12-03T11:20:00+03:00,5226.6,5226.6,5224.2,5224.2,729
MOEX:YNDX,2020-12-03T11:21:00+03:00,5225.0,5225.0,5223.0,5224.0,360
MOEX:YNDX,2020-12-03T11:22:00+03:00,5224.2,5224.2,5217.4,5220.0,315
MOEX:YNDX,2020-12-03T11:23:00+03:00,5221.4,5224.2,5218.6,5224.0,719
MOEX:YNDX,2020-12-03T11:24:00+03:00,5224.0,5224.0,5223.0,5223.6,44
MOEX:YNDX,2020-12-03T11:25:00+03:00,5224.0,5224.0,5220.0,5223.0,2270
MOEX:YNDX,2020-12-03T11:26:00+03:00,5223.0,5227.0,5223.0,5226.0,770
MOEX:YNDX,2020-12-03T11:27:00+03:00,5224.2,5225.4,5223.8,5224.0,158
MOEX:YNDX,2020-12-03T11:28:00+03:00,5223.8,5223.8,5222.6,5223.8,23
MOEX:YNDX,2020-12-03T11:29:00+03:00,5223.0,5223.8,5221.6,5223.2,49
MOEX:YNDX,2020-12-03T11:30:00+03:00,5222.4,5222.4,5221.0,5221.2,25
MOEX:YNDX,2020-12-03T11:31:00+03:00,5221.2,5221.2,5216.4,5220.6,526
MOEX:YNDX,2020-12-03T11:32:00+03:00,5222.6,5223.6,5222.0,5222.6,257
MOEX:YNDX,2020-12-03T11:33:00+03:00,5222.6,5229.0,5222.6,5227.0,1195
MOEX:YNDX,2020-12-03T11:34:00+03:00,5224.2,5226.2,5223.8,5226.2,176
MOEX:YNDX,2020-12-03T11:35:00+03:00,5228.0,5238.6,5226.8,5238.6,2238
MOEX:YNDX,2020-12-03T11:36:00+03:00,5238.0,5238.0,5232.0,5232.0,756
MOEX:YNDX,2020-12-03T11:37:00+03:00,5232.0,5232.4,5230.0,5230.0,154
MOEX:YNDX,2020-12-03T11:38:00+03:00,5230.0,5235.0,5230.0,5234.8,694
MOEX:YNDX,2020-12-03T11:39:00+03:00,5234.0,5234.6,5229.0,5231.2,406
MOEX:YNDX,2020-12-03T11:40:00+03:00,5231.6,5233.0,5229.6,5233.0,38
MOEX:YNDX,2020-12-03T11:41:00+03:00,5232.8,5234.6,5231.8,5233.0,145
MOEX:YNDX,2020-12-03T11:42:00+03:00,5234.4,5234.6,5232.2,5233.4,152
MOEX:YNDX,2020-12-03T11:43:00+03:00,5233.4,5235.0,5232.2,5234.8,777
MOEX:YNDX,2020-12-03T11:44:00+03:00,5232.2,5233.4,5231.8,5231.8,68
MOEX:YNDX,2020-12-03T11:45:00+03:00,5233.4,5234.8,5231.8,5234.2,281
MOEX:YNDX,2020-12-03T11:46:00+03:00,5234.2,5235.2,5232.2,5235.0,759
MOEX:YNDX,2020-12-03T11:47:00+03:00,5235.0,5245.0,5235.0,5245.0,2441
MOEX:YNDX,2020-12-03T11:48:00+03:00,5243.0,5244.8,5241.0,5241.0,435
MOEX:YNDX,2020-12-03T11:49:00+03:00,5241.0,5241.0,5235.6,5240.4,579
MOEX:YNDX,2020-12-03T11:50:00+03:00,5241.0,5241.0,5237.4,5239.4,150
MOEX:YNDX,2020-12-03T11:51:00+03:00,5239.4,5239.4,5236.4,5236.4,459
MOEX:YNDX,2020-12-03T11:52:00+03:00,5239.0,5239.0,5234.0,5234.0,376
MOEX:YNDX,2020-12-03T11:53:00+03:00,5235.8,5235.8,5230.4,5233.2,154
MOEX:YNDX,2020-12-03T11:54:00+03:00,5231.8,5232.6,5228.8,5231.8,2486
MOEX:YNDX,2020-12-03T11:55:00+03:00,5231.8,5231.8,5228.4,5228.4,99
MOEX:YNDX,2020-12-03T11:56:00+03:00,5231.0,5231.0,5228.2,5228.4,73
MOEX:YNDX,2020-12-03T11:57:00+03:00,5228.8,5228.8,5226.6,5226.6,276
MOEX:YNDX,2020-12-03T11:58:00+03:00,5227.6,5227.6,5225.0,5226.0,102
MOEX:YNDX,2020-12-03T11:59:00+03:00,5226.0,5226.2,5225.2,5226.2,53
MOEX:YNDX,2020-12-03T12:00:00+03:00,5226.2,5233.6,5224.8,5231.6,822
MOEX:YNDX,2020-12-03T12:01:00+03:00,5233.6,5237.0,5232.6,5237.0,176
MOEX:YNDX,2020-12-03T12:02:00+03:00,5237.0,5239.4,5234.8,5237.8,460
MOEX:YNDX,2020-12-03T12:03:00+03:00,5237.2,5241.6,5237.2,5239.4,772
MOEX:YNDX,2020-12-03T12:04:00+03:00,5239.6,5239.6,5239.0,5239.6,243
MOEX:YNDX,2020-12-03T12:05:00+03:00,5238.0,5238.6,5234.6,5234.6,376
MOEX:YNDX,2020-12-03T12:06:00+03:00,5234.6,5234.6,5231.8,5233.0,72
MOEX:YNDX,2020-12-03T12:07:00+03:00,5232.2,5232.8,5231.8,5232.8,108
MOEX:YNDX,2020-12-03T12:08:00+03:00,5232.8,5232.8,5226.4,5226.4,40
MOEX:YNDX,2020-12-03T12:09:00+03:00,5229.4,5229.4,5225.8,5227.0,142
MOEX:YNDX,2020-12-03T12:10:00+03:00,5225.8,5232.0,5221.8,5232.0,1798
MOEX:YNDX,2020-12-03T12:11:00+03:00,5230.8,5232.6,5230.0,5232.6,33
MOEX:YNDX,2020-12-03T12:12:00+03:00,5231.0,5232.6,5231.0,5232.6,4
MOEX:YNDX,2020-12-03T12:13:00+03:00,5232.6,5232.6,5228.4,5228.4,102
MOEX:YNDX,2020-12-03T12:14:00+03:00,5231.4,5231.4,5224.2,5226.8,110
MOEX:YNDX,2020-12-03T12:15:00+03:00,5226.4,5226.4,5217.4,5217.4,1191
MOEX:YNDX,2020-12-03T12:16:00+03:00,5217.6,5226.8,5217.6,5224.8,329
MOEX:YNDX,2020-12-03T12:17:00+03:00,5224.6,5224.6,5222.2,5224.6,98
MOEX:YNDX,2020-12-03T12:18:00+03:00,5222.4,5224.6,5222.4,5224.4,65
MOEX:YNDX,2020-12-03T12:19:00+03:00,5222.4,5222.4,5220.0,5221.4,173
MOEX:YNDX,2020-12-03T12:20:00+03:00,5219.4,5220.8,5218.0,5220.2,9
MOEX:YNDX,2020-12-03T12:21:00+03:00,5219.0,5220.4,5219.0,5219.0,104
MOEX:YNDX,2020-12-03T12:22:00+03:00,5219.0,5219.4,5217.8,5218.8,208
MOEX:YNDX,2020-12-03T12:23:00+03:00,5218.6,5218.6,5216.0,5218.0,233
MOEX:YNDX,2020-12-03T12:24:00+03:00,5216.4,5218.6,5216.0,5218.4,103
MOEX:YNDX,2020-12-03T12:25:00+03:00,5216.4,5218.6,5216.2,5218.6,33
MOEX:YNDX,2020-12-03T12:26:00+03:00,5216.6,5218.2,5208.0,5208.0,2203
MOEX:YNDX,2020-12-03T12:27:00+03:00,5208.0,5210.0,5206.6,5206.6,226
MOEX:YNDX,2020-12-03T12:28:00+03:00,5208.0,5212.0,5206.6,5209.6,431
MOEX:YNDX,2020-12-03T12:29:00+03:00,5209.6,5212.0,5209.0,5212.0,242
MOEX:YNDX,2020-12-03T12:30:00+03:00,5210.4,5211.8,5206.2,5210.0,1587
MOEX:YNDX,2020-12-03T12:31:00+03:00,5208.8,5210.8,5206.0,5206.6,506
MOEX:YNDX,2020-12-03T12:32:00+03:00,5206.8,5209.8,5206.0,5207.0,175
MOEX:YNDX,2020-12-03T12:33:00+03:00,5207.8,5208.8,5205.6,5205.8,351
MOEX:YNDX,2020-12-03T12:34:00+03:00,5207.4,5210.0,5207.4,5207.6,128
MOEX:YNDX,2020-12-03T12:35:00+03:00,5210.0,5214.0,5210.0,5213.8,453
MOEX:YNDX,2020-12-03T12:36:00+03:00,5213.8,5214.0,5211.0,5213.6,567
MOEX:YNDX,2020-12-03T12:37:00+03:00,5213.4,5216.6,5213.4,5216.6,102
MOEX:YNDX,2020-12-03T12:38:00+03:00,5216.6,5216.6,5214.2,5216.6,130
MOEX:YNDX,2020-12-03T12:39:00+03:00,5216.6,5216.6,5211.4,5213.6,164
MOEX:YNDX,2020-12-03T12:40:00+03:00,5213.0,5213.0,5211.4,5212.0,70
MOEX:YNDX,2020-12-03T12:41:00+03:00,5211.4,5211.6,5210.0,5211.6,198
MOEX:YNDX,2020-12-03T12:42:00+03:00,5211.6,5211.6,5210.0,5211.0,94
MOEX:YNDX,2020-12-03T12:43:00+03:00,5210.0,5210.0,5207.0,5207.2,283
MOEX:YNDX,2020-12-03T12:44:00+03:00,5207.2,5207.2,5205.4,5205.4,92
MOEX:YNDX,2020-12-03T12:45:00+03:00,5205.4,5205.4,5204.0,5204.0,815
MOEX:YNDX,2020-12-03T12:46:00+03:00,5204.0,5204.6,5202.2,5204.4,304
MOEX:YNDX,2020-12-03T12:47:00+03:00,5203.0,5210.0,5203.0,5210.0,1034
MOEX:YNDX,2020-12-03T12:48:00+03:00,5210.0,5211.0,5209.4,5211.0,95
MOEX:YNDX,2020-12-03T12:49:00+03:00,5211.0,5212.4,5210.0,5212.4,218
MOEX:YNDX,2020-12-03T12:50:00+03:00,5212.2,5215.8,5212.2,5215.0,86
MOEX:YNDX,2020-12-03T12:51:00+03:00,5213.2,5214.4,5212.2,5213.2,116
MOEX:YNDX,2020-12-03T12:52:00+03:00,5213.2,5214.4,5213.2,5214.4,35
MOEX:YNDX,2020-12-03T12:53:00+03:00,5214.0,5214.2,5211.2,5213.8,293
MOEX:YNDX,2020-12-03T12:54:00+03:00,5212.0,5214.4,5211.8,5211.8,105
MOEX:YNDX,2020-12-03T12:55:00+03:00,5211.8,5211.8,5209.2,5210.4,138
MOEX:YNDX,2020-12-03T12:56:00+03:00,5211.2,5211.2,5210.6,5210.6,12
MOEX:YNDX,2020-12-03T12:57:00+03:00,5211.2,5214.0,5210.4,5214.0,223
MOEX:YNDX,2020-12-03T12:58:00+03:00,5213.6,5213.6,5212.0,5212.4,226
MOEX:YNDX,2020-12-03T12:59:00+03:00,5212.8,5213.0,5211.0,5212.6,195
MOEX:YNDX,2020-12-03T13:00:00+03:00,5212.4,5212.4,5210.8,5210.8,30
MOEX:YNDX,2020-12-03T13:01:00+03:00,5210.8,5215.0,5210.4,5215.0,227
MOEX:YNDX,2020-12-03T13:02:00+03:00,5213.6,5214.8,5213.6,5214.8,28
MOEX:YNDX,2020-12-03T13:03:00+03:00,5214.8,5218.4,5214.8,5218.2,237
MOEX:YNDX,2020-12-03T13:04:00+03:00,5218.0,5218.2,5215.8,5217.2,69
MOEX:YNDX,2020-12-03T13:05:00+03:00,5215.2,5217.0,5215.0,5215.2,37
MOEX:YNDX,2020-12-03T13:06:00+03:00,5217.0,5217.0,5217.0,5217.0,39
MOEX:YNDX,2020-12-03T13:07:00+03:00,5217.0,5217.0,5215.8,5217.0,5
MOEX:YNDX,2020-12-03T13:08:00+03:00,5217.0,5217.2,5217.0,5217.2,185
MOEX:YNDX,2020-12-03T13:09:00+03:00,5217.2,5217.2,5215.8,5215.8,6
MOEX:YNDX,2020-12-03T13:10:00+03:00,5217.0,5217.0,5216.8,5216.8,6
MOEX:YNDX,2020-12-03T13:11:00+03:00,5216.6,5220.0,5216.6,5220.0,331
MOEX:YNDX,2020-12-03T13:12:00+03:00,5220.0,5220.0,5219.2,5220.0,233
MOEX:YNDX,2020-12-03T13:13:00+03:00,5220.0,5223.2,5220.0,5223.2,191
MOEX:YNDX,2020-12-03T13:14:00+03:00,5223.0,5223.0,5221.4,5221.4,34
MOEX:YNDX,2020-12-03T13:15:00+03:00,5222.8,5222.8,5220.8,5220.8,34
MOEX:YNDX,2020-12-03T13:16:00+03:00,5222.6,5222.6,5220.6,5221.4,36
MOEX:YNDX,2020-12-03T13:17:00+03:00,5221.4,5221.4,5218.4,5218.4,45
MOEX:YNDX,2020-12-03T13:18:00+03:00,5220.6,5220.6,5218.6,5219.6,38
MOEX:YNDX,2020-12-03T13:19:00+03:00,5219.6,5225.0,5219.0,5225.0,992
MOEX:YNDX,2020-12-03T13:20:00+03:00,5226.0,5227.4,5225.0,5225.0,542
MOEX:YNDX,2020-12-03T13:21:00+03:00,5227.0,5229.0,5226.0,5226.0,568
MOEX:YNDX,2020-12-03T13:22:00+03:00,5226.8,5227.2,5226.0,5227.0,165
MOEX:YNDX,2020-12-03T13:23:00+03:00,5227.0,5227.2,5227.0,5227.2,174
MOEX:YNDX,2020-12-03T13:24:00+03:00,5227.2,5227.2,5224.6,5224.6,72
MOEX:YNDX,2020-12-03T13:25:00+03:00,5224.6,5225.2,5222.4,5222.4,127
MOEX:YNDX,2020-12-03T13:26:00+03:00,5222.4,5223.4,5222.4,5222.4,23
MOEX:YNDX,2020-12-03T13:27:00+03:00,5223.4,5223.4,5222.0,5222.4,111
MOEX:YNDX,2020-12-03T13:28:00+03:00,5222.4,5222.4,5218.8,5218.8,325
MOEX:YNDX,2020-12-03T13:29:00+03:00,5220.8,5220.8,5217.4,5219.8,17
MOEX:YNDX,2020-12-03T13:30:00+03:00,5219.8,5219.8,5217.4,5217.8,80
MOEX:YNDX,2020-12-03T13:31:00+03:00,5218.6,5218.6,5216.6,5218.2,63
MOEX:YNDX,2020-12-03T13:32:00+03:00,5218.2,5218.4,5217.4,5217.4,261
MOEX:YNDX,2020-12-03T13:33:00+03:00,5217.4,5219.8,5217.0,5219.8,214
MOEX:YNDX,2020-12-03T13:34:00+03:00,5219.8,5220.0,5218.4,5220.0,1018
MOEX:YNDX,2020-12-03T13:35:00+03:00,5219.0,5220.0,5219.0,5219.0,89
MOEX:YNDX,2020-12-03T13:36:00+03:00,5220.0,5220.0,5219.0,5220.0,113
MOEX:YNDX,2020-12-03T13:37:00+03:00,5219.8,5219.8,5219.0,5219.8,4
MOEX:YNDX,2020-12-03T13:38:00+03:00,5219.8,5219.8,5219.0,5219.0,11
MOEX:YNDX,2020-12-03T13:39:00+03:00,5219.8,5219.8,5219.8,5219.8,7
MOEX:YNDX,2020-12-03T13:40:00+03:00,5219.0,5219.8,5219.0,5219.2,4
MOEX:YNDX,2020-12-03T13:41:00+03:00,5219.2,5219.8,5216.0,5216.0,219
MOEX:YNDX,2020-12-03T13:42:00+03:00,5217.8,5217.8,5216.0,5216.0,54
MOEX:YNDX,2020-12-03T13:43:00+03:00,5215.6,5216.8,5210.6,5211.0,459
MOEX:YNDX,2020-12-03T13:44:00+03:00,5210.4,5210.8,5209.0,5209.2,529
MOEX:YNDX,2020-12-03T13:45:00+03:00,5210.0,5212.4,5210.0,5210.6,256
MOEX:YNDX,2020-12-03T13:46:00+03:00,5210.6,5216.0,5210.6,5216.0,838
MOEX:YNDX,2020-12-03T13:47:00+03:00,5216.2,5217.0,5216.2,5216.6,51
MOEX:YNDX,2020-12-03T13:48:00+03:00,5216.6,5216.6,5214.4,5216.6,9
MOEX:YNDX,2020-12-03T13:49:00+03:00,5214.6,5216.6,5214.6,5216.6,3
MOEX:YNDX,2020-12-03T13:50:00+03:00,5214.6,5215.8,5213.8,5215.8,141
MOEX:YNDX,2020-12-03T13:51:00+03:00,5215.6,5215.6,5215.6,5215.6,7
MOEX:YNDX,2020-12-03T13:52:00+03:00,5215.4,5215.6,5213.8,5215.6,49
MOEX:YNDX,2020-12-03T13:53:00+03:00,5214.0,5215.0,5214.0,5215.0,13
MOEX:YNDX,2020-12-03T13:54:00+03:00,5215.0,5215.0,5213.8,5213.8,429
MOEX:YNDX,2020-12-03T13:55:00+03:00,5213.6,5214.0,5213.0,5213.0,35
MOEX:YNDX,2020-12-03T13:56:00+03:00,5213.0,5213.0,5201.6,5204.0,12195
MOEX:YNDX,2020-12-03T13:57:00+03:00,5204.0,5204.0,5201.4,5201.6,194
MOEX:YNDX,2020-12-03T13:58:00+03:00,5202.2,5206.0,5201.4,5206.0,717
MOEX:YNDX,2020-12-03T13:59:00+03:00,5205.4,5205.6,5201.2,5201.2,288
MOEX:YNDX,2020-12-03T14:00:00+03:00,5202.0,5209.6,5202.0,5208.8,418
MOEX:YNDX,2020-12-03T14:01:00+03:00,5208.8,5209.4,5203.6,5207.2,38
MOEX:YNDX,2020-12-03T14:02:00+03:00,5204.2,5207.0,5204.0,5206.4,209
MOEX:YNDX,2020-12-03T14:03:00+03:00,5206.6,5207.6,5205.2,5205.2,6
MOEX:YNDX,2020-12-03T14:04:00+03:00,5207.6,5207.6,5207.0,5207.6,51
MOEX:YNDX,2020-12-03T14:05:00+03:00,5207.6,5207.6,5206.0,5207.6,63
MOEX:YNDX,2020-12-03T14:06:00+03:00,5207.6,5207.6,5203.8,5204.6,148
MOEX:YNDX,2020-12-03T14:07:00+03:00,5203.0,5204.4,5201.0,5203.2,275
MOEX:YNDX,2020-12-03T14:08:00+03:00,5203.4,5205.8,5203.4,5205.8,260
MOEX:YNDX,2020-12-03T14:09:00+03:00,5205.8,5205.8,5205.0,5205.0,27
MOEX:YNDX,2020-12-03T14:10:00+03:00,5205.0,5205.0,5202.2,5203.6,194
MOEX:YNDX,2020-12-03T14:11:00+03:00,5203.6,5203.6,5196.0,5197.0,7872
MOEX:YNDX,2020-12-03T14:12:00+03:00,5197.0,5198.0,5195.2,5198.0,711
MOEX:YNDX,2020-12-03T14:13:00+03:00,5199.0,5203.2,5197.8,5203.2,244
MOEX:YNDX,2020-12-03T14:14:00+03:00,5201.6,5203.0,5201.6,5203.0,4
MOEX:YNDX,2020-12-03T14:15:00+03:00,5203.0,5203.0,5200.6,5200.6,51
MOEX:YNDX,2020-12-03T14:16:00+03:00,5202.4,5202.4,5197.2,5197.2,45
MOEX:YNDX,2020-12-03T14:17:00+03:00,5197.4,5198.8,5197.0,5198.2,45
MOEX:YNDX,2020-12-03T14:18:00+03:00,5198.8,5198.8,5196.4,5198.8,162
MOEX:YNDX,2020-12-03T14:19:00+03:00,5198.0,5198.0,5196.4,5198.0,95
MOEX:YNDX,2020-12-03T14:20:00+03:00,5196.4,5198.0,5196.0,5197.6,210
MOEX:YNDX,2020-12-03T14:21:00+03:00,5197.6,5197.6,5196.0,5196.0,35
MOEX:YNDX,2020-12-03T14:22:00+03:00,5196.6,5198.8,5196.0,5198.8,701
MOEX:YNDX,2020-12-03T14:23:00+03:00,5199.8,5199.8,5197.6,5197.6,35
MOEX:YNDX,2020-12-03T14:24:00+03:00,5197.6,5199.6,5197.0,5199.2,122
MOEX:YNDX,2020-12-03T14:25:00+03:00,5199.4,5202.0,5199.4,5201.8,336
MOEX:YNDX,2020-12-03T14:26:00+03:00,5201.4,5201.4,5197.4,5199.8,140
MOEX:YNDX,2020-12-03T14:27:00+03:00,5199.6,5201.8,5197.6,5201.8,203
MOEX:YNDX,2020-12-03T14:28:00+03:00,5200.0,5204.4,5200.0,5204.4,157
MOEX:YNDX,2020-12-03T14:29:00+03:00,5204.6,5205.0,5203.0,5204.8,24
MOEX:YNDX,2020-12-03T14:30:00+03:00,5204.0,5204.0,5203.0,5204.0,90
MOEX:YNDX,2020-12-03T14:31:00+03:00,5204.0,5207.4,5204.0,5207.0,371
MOEX:YNDX,2020-12-03T14:32:00+03:00,5205.0,5209.0,5205.0,5206.6,177
MOEX:YNDX,2020-12-03T14:33:00+03:00,5206.6,5208.8,5206.2,5206.2,320
MOEX:YNDX,2020-12-03T14:34:00+03:00,5208.2,5208.2,5207.8,5207.8,28
MOEX:YNDX,2020-12-03T14:35:00+03:00,5206.2,5206.2,5202.0,5202.0,228
MOEX:YNDX,2020-12-03T14:36:00+03:00,5202.0,5202.0,5201.2,5202.0,41
MOEX:YNDX,2020-12-03T14:37:00+03:00,5202.0,5203.4,5202.0,5202.0,219
MOEX:YNDX,2020-12-03T14:38:00+03:00,5201.4,5202.8,5201.0,5201.0,86
MOEX:YNDX,2020-12-03T14:39:00+03:00,5202.8,5202.8,5202.8,5202.8,2
MOEX:YNDX,2020-12-03T14:40:00+03:00,5201.0,5201.8,5200.0,5201.8,62
MOEX:YNDX,2020-12-03T14:41:00+03:00,5201.8,5202.4,5201.8,5202.4,175
MOEX:YNDX,2020-12-03T14:42:00+03:00,5204.6,5206.0,5203.0,5206.0,72
MOEX:YNDX,2020-12-03T14:43:00+03:00,5203.2,5205.4,5203.2,5204.2,49
MOEX:YNDX,2020-12-03T14:44:00+03:00,5205.6,5205.6,5203.0,5203.0,55
MOEX:YNDX,2020-12-03T14:45:00+03:00,5203.0,5204.8,5203.0,5204.8,30
MOEX:YNDX,2020-12-03T14:46:00+03:00,5203.6,5204.8,5203.2,5204.8,64
MOEX:YNDX,2020-12-03T14:47:00+03:00,5204.8,5204.8,5203.2,5203.2,21
MOEX:YNDX,2020-12-03T14:48:00+03:00,5203.2,5203.6,5203.2,5203.2,3
MOEX:YNDX,2020-12-03T14:49:00+03:00,5203.6,5205.2,5203.4,5205.2,573
MOEX:YNDX,2020-12-03T14:50:00+03:00,5205.2,5205.2,5205.2,5205.2,7
MOEX:YNDX,2020-12-03T14:51:00+03:00,5205.2,5205.2,5205.2,5205.2,3
MOEX:YNDX,2020-12-03T14:52:00+03:00,5205.0,5205.0,5203.2,5204.8,107
MOEX:YNDX,2020-12-03T14:53:00+03:00,5204.8,5204.8,5204.8,5204.8,3
MOEX:YNDX,2020-12-03T14:54:00+03:00,5204.0,5204.4,5200.0,5201.2,1806
MOEX:YNDX,2020-12-03T14:55:00+03:00,5200.8,5200.8,5199.0,5199.0,147
MOEX:YNDX,2020-12-03T14:56:00+03:00,5199.2,5201.2,5198.0,5201.2,492
MOEX:YNDX,2020-12-03T14:57:00+03:00,5200.0,5201.0,5199.6,5201.0,56
MOEX:YNDX,2020-12-03T14:58:00+03:00,5201.0,5201.0,5199.6,5200.0,33
MOEX:YNDX,2020-12-03T14:59:00+03:00,5200.0,5200.8,5199.6,5200.8,649
MOEX:YNDX,2020-12-03T15:00:00+03:00,5200.0,5201.0,5200.0,5200.6,123
MOEX:YNDX,2020-12-03T15:01:00+03:00,5200.6,5200.6,5200.0,5200.0,9
MOEX:YNDX,2020-12-03T15:02:00+03:00,5200.0,5201.0,5200.0,5201.0,77
MOEX:YNDX,2020-12-03T15:03:00+03:00,5200.0,5201.0,5199.6,5201.0,363
MOEX:YNDX,2020-12-03T15:04:00+03:00,5200.0,5202.0,5200.0,5201.8,312
MOEX:YNDX,2020-12-03T15:05:00+03:00,5201.2,5201.2,5195.6,5199.4,1097
MOEX:YNDX,2020-12-03T15:06:00+03:00,5196.0,5198.0,5191.8,5193.2,1394
MOEX:YNDX,2020-12-03T15:07:00+03:00,5192.0,5193.6,5191.8,5192.4,221
MOEX:YNDX,2020-12-03T15:08:00+03:00,5193.6,5193.6,5189.0,5189.0,1724
MOEX:YNDX,2020-12-03T15:09:00+03:00,5190.0,5190.4,5188.4,5190.0,212
MOEX:YNDX,2020-12-03T15:10:00+03:00,5190.0,5190.0,5186.0,5187.6,458
MOEX:YNDX,2020-12-03T15:11:00+03:00,5186.0,5187.2,5173.2,5173.2,2698
MOEX:YNDX,2020-12-03T15:12:00+03:00,5173.2,5175.6,5168.0,5171.8,4719
MOEX:YNDX,2020-12-03T15:13:00+03:00,5172.4,5175.0,5166.0,5169.4,2450
MOEX:YNDX,2020-12-03T15:14:00+03:00,5172.0,5176.0,5169.6,5175.8,502
MOEX:YNDX,2020-12-03T15:15:00+03:00,5172.6,5172.8,5166.0,5170.6,2161
MOEX:YNDX,2020-12-03T15:16:00+03:00,5171.0,5171.0,5168.0,5169.6,592
MOEX:YNDX,2020-12-03T15:17:00+03:00,5168.0,5170.0,5168.0,5168.2,759
MOEX:YNDX,2020-12-03T15:18:00+03:00,5170.0,5177.4,5168.0,5172.2,3198
MOEX:YNDX,2020-12-03T15:19:00+03:00,5172.2,5172.6,5168.0,5172.2,385
MOEX:YNDX,2020-12-03T15:20:00+03:00,5174.2,5175.0,5171.4,5174.6,141
MOEX:YNDX,2020-12-03T15:21:00+03:00,5171.8,5175.0,5171.8,5173.0,86
MOEX:YNDX,2020-12-03T15:22:00+03:00,5175.0,5175.0,5173.0,5175.0,23
MOEX:YNDX,2020-12-03T15:23:00+03:00,5175.0,5175.6,5173.0,5173.4,299
MOEX:YNDX,2020-12-03T15:24:00+03:00,5173.4,5175.0,5173.4,5173.8,168
MOEX:YNDX,2020-12-03T15:25:00+03:00,5175.8,5175.8,5174.0,5174.2,12
MOEX:YNDX,2020-12-03T15:26:00+03:00,5174.2,5175.8,5171.6,5173.0,763
MOEX:YNDX,2020-12-03T15:27:00+03:00,5173.0,5173.4,5168.4,5169.4,581
MOEX:YNDX,2020-12-03T15:28:00+03:00,5169.0,5169.4,5168.0,5169.0,1852
MOEX:YNDX,2020-12-03T15:29:00+03:00,5169.0,5169.0,5166.6,5167.8,2131
MOEX:YNDX,2020-12-03T15:30:00+03:00,5166.6,5167.8,5164.8,5164.8,675
MOEX:YNDX,2020-12-03T15:31:00+03:00,5164.8,5164.8,5156.8,5156.8,3099
MOEX:YNDX,2020-12-03T15:32:00+03:00,5156.8,5158.2,5155.2,5155.8,1273
MOEX:YNDX,2020-12-03T15:33:00+03:00,5157.8,5158.0,5156.0,5157.8,137
MOEX:YNDX,2020-12-03T15:34:00+03:00,5157.6,5162.8,5156.0,5160.8,778
MOEX:YNDX,2020-12-03T15:35:00+03:00,5162.8,5167.2,5161.4,5166.0,404
MOEX:YNDX,2020-12-03T15:36:00+03:00,5166.8,5167.8,5165.0,5167.6,688
MOEX:YNDX,2020-12-03T15:37:00+03:00,5167.4,5167.4,5161.0,5162.4,1776
MOEX:YNDX,2020-12-03T15:38:00+03:00,5161.0,5162.4,5158.2,5158.2,538
MOEX:YNDX,2020-12-03T15:39:00+03:00,5157.6,5159.0,5156.4,5158.4,366
MOEX:YNDX,2020-12-03T15:40:00+03:00,5157.4,5162.8,5157.2,5162.8,508
MOEX:YNDX,2020-12-03T15:41:00+03:00,5162.8,5164.6,5161.0,5161.4,1668
MOEX:YNDX,2020-12-03T15:42:00+03:00,5163.0,5165.0,5161.6,5165.0,230
MOEX:YNDX,2020-12-03T15:43:00+03:00,5165.0,5167.8,5163.8,5166.2,494
MOEX:YNDX,2020-12-03T15:44:00+03:00,5163.8,5174.0,5163.8,5174.0,904
MOEX:YNDX,2020-12-03T15:45:00+03:00,5173.0,5174.4,5167.8,5170.2,854
MOEX:YNDX,2020-12-03T15:46:00+03:00,5167.8,5171.2,5167.8,5168.0,50
MOEX:YNDX,2020-12-03T15:47:00+03:00,5168.0,5171.4,5168.0,5168.8,285
MOEX:YNDX,2020-12-03T15:48:00+03:00,5170.0,5172.0,5169.4,5170.2,44
MOEX:YNDX,2020-12-03T15:49:00+03:00,5170.2,5172.0,5170.0,5170.0,63
MOEX:YNDX,2020-12-03T15:50:00+03:00,5171.4,5171.4,5167.2,5167.2,391
MOEX:YNDX,2020-12-03T15:51:00+03:00,5167.0,5169.2,5167.0,5167.2,37
MOEX:YNDX,2020-12-03T15:52:00+03:00,5167.4,5171.6,5167.4,5168.0,1006
MOEX:YNDX,2020-12-03T15:53:00+03:00,5168.0,5168.0,5165.0,5165.4,494
MOEX:YNDX,2020-12-03T15:54:00+03:00,5165.4,5167.6,5164.4,5167.6,153
MOEX:YNDX,2020-12-03T15:55:00+03:00,5166.8,5166.8,5165.2,5166.0,55
MOEX:YNDX,2020-12-03T15:56:00+03:00,5166.0,5166.2,5165.6,5166.0,348
MOEX:YNDX,2020-12-03T15:57:00+03:00,5166.0,5166.0,5165.6,5166.0,50
MOEX:YNDX,2020-12-03T15:58:00+03:00,5166.0,5166.0,5165.0,5165.0,49
MOEX:YNDX,2020-12-03T15:59:00+03:00,5166.0,5166.0,5165.0,5165.0,183
MOEX:YNDX,2020-12-03T16:00:00+03:00,5165.0,5165.0,5163.8,5163.8,203
MOEX:YNDX,2020-12-03T16:01:00+03:00,5164.8,5165.0,5163.2,5165.0,662
MOEX:YNDX,2020-12-03T16:02:00+03:00,5165.0,5166.0,5164.0,5165.0,261
MOEX:YNDX,2020-12-03T16:03:00+03:00,5167.6,5167.6,5165.0,5165.2,74
MOEX:YNDX,2020-12-03T16:04:00+03:00,5166.2,5167.8,5166.2,5167.8,36
MOEX:YNDX,2020-12-03T16:05:00+03:00,5166.2,5167.8,5166.2,5167.8,21
MOEX:YNDX,2020-12-03T16:06:00+03:00,5167.8,5169.4,5166.8,5169.4,102
MOEX:YNDX,2020-12-03T16:07:00+03:00,5169.4,5169.6,5168.0,5169.6,100
MOEX:YNDX,2020-12-03T16:08:00+03:00,5169.2,5170.0,5168.4,5168.4,496
MOEX:YNDX,2020-12-03T16:09:00+03:00,5169.4,5169.4,5166.8,5167.0,203
MOEX:YNDX,2020-12-03T16:10:00+03:00,5167.0,5167.2,5166.2,5167.2,125
MOEX:YNDX,2020-12-03T16:11:00+03:00,5166.2,5166.4,5166.0,5166.4,124
MOEX:YNDX,2020-12-03T16:12:00+03:00,5165.4,5168.0,5165.4,5166.6,126
MOEX:YNDX,2020-12-03T16:13:00+03:00,5166.4,5167.2,5164.0,5167.2,445
MOEX:YNDX,2020-12-03T16:14:00+03:00,5167.6,5167.6,5165.6,5165.6,38
MOEX:YNDX,2020-12-03T16:15:00+03:00,5165.6,5167.2,5165.6,5165.8,202
MOEX:YNDX,2020-12-03T16:16:00+03:00,5167.0,5167.0,5165.6,5166.8,379
MOEX:YNDX,2020-12-03T16:17:00+03:00,5165.0,5166.6,5163.8,5164.0,311
MOEX:YNDX,2020-12-03T16:18:00+03:00,5164.8,5165.8,5163.2,5164.0,85
MOEX:YNDX,2020-12-03T16:19:00+03:00,5164.0,5165.0,5163.2,5163.2,56
MOEX:YNDX,2020-12-03T16:20:00+03:00,5163.2,5163.4,5162.4,5163.2,335
MOEX:YNDX,2020-12-03T16:21:00+03:00,5163.2,5163.4,5162.4,5163.4,138
MOEX:YNDX,2020-12-03T16:22:00+03:00,5163.0,5163.4,5162.0,5163.0,218
MOEX:YNDX,2020-12-03T16:23:00+03:00,5163.0,5163.0,5162.0,5162.8,79
MOEX:YNDX,2020-12-03T16:24:00+03:00,5162.8,5163.0,5162.0,5162.0,109
MOEX:YNDX,2020-12-03T16:25:00+03:00,5162.0,5162.8,5162.0,5162.8,170
MOEX:YNDX,2020-12-03T16:26:00+03:00,5162.8,5164.8,5162.0,5164.8,191
MOEX:YNDX,2020-12-03T16:27:00+03:00,5164.8,5168.2,5164.8,5168.2,354
MOEX:YNDX,2020-12-03T16:28:00+03:00,5168.2,5173.4,5168.2,5173.4,1518
MOEX:YNDX,2020-12-03T16:29:00+03:00,5172.0,5178.8,5172.0,5178.8,1087
MOEX:YNDX,2020-12-03T16:30:00+03:00,5178.8,5179.6,5176.2,5178.8,370
MOEX:YNDX,2020-12-03T16:31:00+03:00,5178.2,5179.2,5177.2,5178.8,511
MOEX:YNDX,2020-12-03T16:32:00+03:00,5177.4,5178.8,5177.0,5178.2,152
MOEX:YNDX,2020-12-03T16:33:00+03:00,5177.0,5177.0,5172.0,5172.0,174
MOEX:YNDX,2020-12-03T16:34:00+03:00,5172.0,5174.4,5172.0,5174.0,14
MOEX:YNDX,2020-12-03T16:35:00+03:00,5174.0,5174.0,5172.0,5172.0,34
MOEX:YNDX,2020-12-03T16:36:00+03:00,5172.0,5172.0,5170.4,5170.4,106
MOEX:YNDX,2020-12-03T16:37:00+03:00,5170.2,5171.0,5167.0,5168.4,563
MOEX:YNDX,2020-12-03T16:38:00+03:00,5168.4,5168.4,5166.4,5166.8,323
MOEX:YNDX,2020-12-03T16:39:00+03:00,5167.8,5167.8,5166.4,5166.6,265
MOEX:YNDX,2020-12-03T16:40:00+03:00,5167.0,5169.0,5167.0,5169.0,403
MOEX:YNDX,2020-12-03T16:41:00+03:00,5167.8,5168.2,5165.4,5168.2,409
MOEX:YNDX,2020-12-03T16:42:00+03:00,5168.2,5168.2,5165.8,5165.8,111
MOEX:YNDX,2020-12-03T16:43:00+03:00,5167.6,5167.6,5165.0,5165.0,31
MOEX:YNDX,2020-12-03T16:44:00+03:00,5165.6,5166.0,5164.8,5166.0,117
MOEX:YNDX,2020-12-03T16:45:00+03:00,5166.0,5166.0,5162.8,5162.8,298
MOEX:YNDX,2020-12-03T16:46:00+03:00,5164.8,5164.8,5161.8,5162.0,625
MOEX:YNDX,2020-12-03T16:47:00+03:00,5162.8,5165.0,5162.0,5163.2,261
MOEX:YNDX,2020-12-03T16:48:00+03:00,5163.0,5167.0,5163.0,5164.0,619
MOEX:YNDX,2020-12-03T16:49:00+03:00,5165.6,5165.6,5164.4,5165.6,54
MOEX:YNDX,2020-12-03T16:50:00+03:00,5165.6,5165.6,5163.6,5164.8,170
MOEX:YNDX,2020-12-03T16:51:00+03:00,5163.8,5165.8,5163.6,5165.8,388
MOEX:YNDX,2020-12-03T16:52:00+03:00,5164.2,5167.0,5164.0,5167.0,355
MOEX:YNDX,2020-12-03T16:53:00+03:00,5167.0,5168.2,5167.0,5167.8,224
MOEX:YNDX,2020-12-03T16:54:00+03:00,5168.2,5172.0,5168.2,5170.2,526
MOEX:YNDX,2020-12-03T16:55:00+03:00,5170.2,5171.4,5169.4,5169.4,85
MOEX:YNDX,2020-12-03T16:56:00+03:00,5169.4,5169.8,5168.4,5169.2,137
MOEX:YNDX,2020-12-03T16:57:00+03:00,5169.0,5169.2,5168.4,5169.0,247
MOEX:YNDX,2020-12-03T16:58:00+03:00,5168.6,5170.6,5168.6,5169.2,6
MOEX:YNDX,2020-12-03T16:59:00+03:00,5170.6,5174.4,5170.6,5174.0,130
MOEX:YNDX,2020-12-03T17:00:00+03:00,5172.2,5176.4,5171.2,5176.2,420
MOEX:YNDX,2020-12-03T17:01:00+03:00,5175.6,5175.6,5173.0,5175.6,14
MOEX:YNDX,2020-12-03T17:02:00+03:00,5173.2,5177.0,5173.2,5177.0,464
MOEX:YNDX,2020-12-03T17:03:00+03:00,5173.8,5175.2,5170.8,5173.4,179
MOEX:YNDX,2020-12-03T17:04:00+03:00,5173.0,5173.4,5170.0,5171.6,22
MOEX:YNDX,2020-12-03T17:05:00+03:00,5171.6,5171.8,5171.6,5171.6,44
MOEX:YNDX,2020-12-03T17:06:00+03:00,5171.8,5175.4,5171.6,5175.0,537
MOEX:YNDX,2020-12-03T17:07:00+03:00,5175.0,5175.0,5175.0,5175.0,5
MOEX:YNDX,2020-12-03T17:08:00+03:00,5175.0,5176.4,5174.6,5174.6,681
MOEX:YNDX,2020-12-03T17:09:00+03:00,5176.2,5177.0,5175.0,5177.0,1293
MOEX:YNDX,2020-12-03T17:10:00+03:00,5177.0,5182.6,5177.0,5182.0,952
MOEX:YNDX,2020-12-03T17:11:00+03:00,5182.6,5184.0,5180.0,5184.0,783
MOEX:YNDX,2020-12-03T17:12:00+03:00,5184.0,5184.4,5181.6,5184.2,486
MOEX:YNDX,2020-12-03T17:13:00+03:00,5184.0,5188.8,5183.0,5186.8,604
MOEX:YNDX,2020-12-03T17:14:00+03:00,5188.6,5188.6,5181.8,5184.2,530
MOEX:YNDX,2020-12-03T17:15:00+03:00,5184.0,5184.0,5176.8,5180.6,524
MOEX:YNDX,2020-12-03T17:16:00+03:00,5179.8,5179.8,5176.4,5178.0,301
MOEX:YNDX,2020-12-03T17:17:00+03:00,5178.0,5178.0,5176.2,5176.4,275
MOEX:YNDX,2020-12-03T17:18:00+03:00,5176.2,5177.0,5173.6,5176.4,240
MOEX:YNDX,2020-12-03T17:19:00+03:00,5173.8,5178.0,5173.6,5178.0,266
MOEX:YNDX,2020-12-03T17:20:00+03:00,5178.0,5181.0,5178.0,5181.0,323
MOEX:YNDX,2020-12-03T17:21:00+03:00,5181.0,5181.2,5177.8,5177.8,496
MOEX:YNDX,2020-12-03T17:22:00+03:00,5178.8,5179.0,5177.6,5179.0,117
MOEX:YNDX,2020-12-03T17:23:00+03:00,5177.8,5179.0,5176.4,5177.2,336
MOEX:YNDX,2020-12-03T17:24:00+03:00,5176.4,5177.2,5175.2,5176.4,57
MOEX:YNDX,2020-12-03T17:25:00+03:00,5175.2,5175.2,5174.0,5174.0,38
MOEX:YNDX,2020-12-03T17:26:00+03:00,5174.8,5174.8,5174.8,5174.8,114
MOEX:YNDX,2020-12-03T17:27:00+03:00,5174.8,5176.6,5174.8,5174.8,415
MOEX:YNDX,2020-12-03T17:28:00+03:00,5174.8,5176.6,5174.8,5175.2,222
MOEX:YNDX,2020-12-03T17:29:00+03:00,5176.0,5176.0,5170.2,5170.2,433
MOEX:YNDX,2020-12-03T17:30:00+03:00,5170.8,5176.4,5170.8,5176.4,525
MOEX:YNDX,2020-12-03T17:31:00+03:00,5176.4,5176.4,5160.0,5160.0,4666
MOEX:YNDX,2020-12-03T17:32:00+03:00,5161.0,5162.6,5152.4,5155.6,4916
MOEX:YNDX,2020-12-03T17:33:00+03:00,5153.4,5156.6,5147.6,5151.6,10459
MOEX:YNDX,2020-12-03T17:34:00+03:00,5152.8,5155.2,5149.6,5151.4,1062
MOEX:YNDX,2020-12-03T17:35:00+03:00,5151.0,5151.0,5136.2,5138.8,28809
MOEX:YNDX,2020-12-03T17:36:00+03:00,5140.0,5145.8,5138.8,5144.2,1399
MOEX:YNDX,2020-12-03T17:37:00+03:00,5145.0,5156.8,5145.0,5156.6,645
MOEX:YNDX,2020-12-03T17:38:00+03:00,5156.2,5159.6,5145.6,5147.4,2796
MOEX:YNDX,2020-12-03T17:39:00+03:00,5147.4,5151.0,5140.0,5147.0,2781
MOEX:YNDX,2020-12-03T17:40:00+03:00,5147.0,5157.6,5145.8,5154.2,1876
MOEX:YNDX,2020-12-03T17:41:00+03:00,5157.2,5163.0,5154.6,5159.8,2147
MOEX:YNDX,2020-12-03T17:42:00+03:00,5162.6,5163.8,5151.2,5155.0,2409
MOEX:YNDX,2020-12-03T17:43:00+03:00,5159.6,5159.6,5157.4,5158.8,384
MOEX:YNDX,2020-12-03T17:44:00+03:00,5159.6,5160.6,5154.2,5160.0,4882
MOEX:YNDX,2020-12-03T17:45:00+03:00,5159.8,5162.4,5157.2,5157.8,1084
MOEX:YNDX,2020-12-03T17:46:00+03:00,5159.8,5161.4,5158.0,5158.8,636
MOEX:YNDX,2020-12-03T17:47:00+03:00,5158.8,5160.8,5154.0,5154.0,1504
MOEX:YNDX,2020-12-03T17:48:00+03:00,5155.0,5156.8,5151.0,5151.0,1301
MOEX:YNDX,2020-12-03T17:49:00+03:00,5153.4,5156.0,5151.8,5152.2,1699
MOEX:YNDX,2020-12-03T17:50:00+03:00,5152.8,5163.2,5152.8,5162.2,1746
MOEX:YNDX,2020-12-03T17:51:00+03:00,5162.8,5165.0,5161.2,5164.8,323
MOEX:YNDX,2020-12-03T17:52:00+03:00,5162.8,5165.0,5161.8,5163.2,615
MOEX:YNDX,2020-12-03T17:53:00+03:00,5165.0,5165.8,5156.0,5160.6,2838
MOEX:YNDX,2020-12-03T17:54:00+03:00,5163.2,5163.4,5159.2,5159.2,989
MOEX:YNDX,2020-12-03T17:55:00+03:00,5159.6,5159.6,5155.0,5155.2,1795
MOEX:YNDX,2020-12-03T17:56:00+03:00,5155.0,5159.4,5155.0,5159.4,61
MOEX:YNDX,2020-12-03T17:57:00+03:00,5160.0,5160.2,5155.0,5155.0,1663
MOEX:YNDX,2020-12-03T17:58:00+03:00,5157.8,5161.6,5155.0,5156.0,2102
MOEX:YNDX,2020-12-03T17:59:00+03:00,5157.8,5162.6,5156.0,5162.6,269
MOEX:YNDX,2020-12-03T18:00:00+03:00,5162.4,5165.4,5160.8,5164.6,1605
MOEX:YNDX,2020-12-03T18:01:00+03:00,5164.4,5164.4,5159.2,5159.2,3176
MOEX:YNDX,2020-12-03T18:02:00+03:00,5160.2,5167.0,5160.2,5166.4,1093
MOEX:YNDX,2020-12-03T18:03:00+03:00,5166.2,5171.4,5166.0,5168.8,480
MOEX:YNDX,2020-12-03T18:04:00+03:00,5168.8,5170.6,5163.2,5165.0,1598
MOEX:YNDX,2020-12-03T18:05:00+03:00,5163.2,5172.2,5163.2,5165.8,3910
MOEX:YNDX,2020-12-03T18:06:00+03:00,5167.0,5169.6,5165.0,5167.6,1587
MOEX:YNDX,2020-12-03T18:07:00+03:00,5167.6,5172.6,5167.6,5170.4,153
MOEX:YNDX,2020-12-03T18:08:00+03:00,5170.4,5174.8,5170.4,5174.8,653
MOEX:YNDX,2020-12-03T18:09:00+03:00,5174.8,5177.4,5174.8,5175.2,1287
MOEX:YNDX,2020-12-03T18:10:00+03:00,5176.4,5177.0,5172.0,5172.0,978
MOEX:YNDX,2020-12-03T18:11:00+03:00,5173.8,5173.8,5171.0,5171.0,2549
MOEX:YNDX,2020-12-03T18:12:00+03:00,5171.4,5171.4,5169.2,5170.0,688
MOEX:YNDX,2020-12-03T18:13:00+03:00,5170.4,5170.8,5169.2,5170.0,39
MOEX:YNDX,2020-12-03T18:14:00+03:00,5170.0,5171.6,5169.4,5170.0,324
MOEX:YNDX,2020-12-03T18:15:00+03:00,5170.4,5172.4,5170.0,5172.4,2755
MOEX:YNDX,2020-12-03T18:16:00+03:00,5172.0,5174.0,5171.2,5171.2,1772
MOEX:YNDX,2020-12-03T18:17:00+03:00,5173.2,5174.0,5171.2,5173.8,932
MOEX:YNDX,2020-12-03T18:18:00+03:00,5173.2,5174.0,5172.0,5173.6,2544
MOEX:YNDX,2020-12-03T18:19:00+03:00,5174.0,5175.0,5171.0,5171.0,5534
MOEX:YNDX,2020-12-03T18:20:00+03:00,5171.0,5175.0,5171.0,5175.0,746
MOEX:YNDX,2020-12-03T18:21:00+03:00,5173.8,5177.0,5173.8,5175.2,1412
MOEX:YNDX,2020-12-03T18:22:00+03:00,5175.2,5178.6,5175.2,5178.0,542
MOEX:YNDX,2020-12-03T18:23:00+03:00,5179.4,5181.4,5178.2,5181.2,1061
MOEX:YNDX,2020-12-03T18:24:00+03:00,5181.2,5184.0,5180.6,5180.8,1182
MOEX:YNDX,2020-12-03T18:25:00+03:00,5182.6,5183.0,5175.0,5175.0,2163
MOEX:YNDX,2020-12-03T18:26:00+03:00,5177.8,5177.8,5175.0,5175.0,908
MOEX:YNDX,2020-12-03T18:27:00+03:00,5176.0,5176.0,5174.6,5174.6,453
MOEX:YNDX,2020-12-03T18:28:00+03:00,5174.2,5175.0,5171.6,5174.2,1320
MOEX:YNDX,2020-12-03T18:29:00+03:00,5174.0,5174.2,5172.0,5174.0,153
MOEX:YNDX,2020-12-03T18:30:00+03:00,5172.0,5174.0,5172.0,5172.2,760
MOEX:YNDX,2020-12-03T18:31:00+03:00,5172.2,5174.2,5172.2,5174.2,40
MOEX:YNDX,2020-12-03T18:32:00+03:00,5172.6,5174.2,5172.4,5172.8,135
MOEX:YNDX,2020-12-03T18:33:00+03:00,5173.0,5174.8,5172.2,5172.2,1821
MOEX:YNDX,2020-12-03T18:34:00+03:00,5173.6,5174.2,5171.0,5172.4,5865
MOEX:YNDX,2020-12-03T18:35:00+03:00,5173.2,5173.6,5171.0,5171.0,1705
MOEX:YNDX,2020-12-03T18:36:00+03:00,5172.6,5172.8,5171.0,5171.0,1612
MOEX:YNDX,2020-12-03T18:37:00+03:00,5171.0,5173.4,5171.0,5171.0,2719
MOEX:YNDX,2020-12-03T18:38:00+03:00,5172.6,5172.6,5171.0,5171.8,4405
MOEX:YNDX,2020-12-03T18:39:00+03:00,5171.8,5172.6,5156.2,5161.2,14253
MOEX:YNDX,2020-12-03T18:45:00+03:00,5175.0,5175.0,5175.0,5175.0,45566
MOEX:YNDX,2020-12-03T18:46:00+03:00,5175.0,5175.0,5175.0,5175.0,1
MOEX:YNDX,2020-12-03T18:48:00+03:00,5175.0,5175.0,5175.0,5175.0,103
MOEX:YNDX,2020-12-03T18:49:00+03:00,5175.0,5175.0,5175.0,5175.0,48
MOEX:YNDX,2020-12-03T19:04:00+03:00,5167.6,5167.6,5167.6,5167.6,21
MOEX:YNDX,2020-12-03T19:05:00+03:00,5165.6,5165.6,5154.8,5160.0,476
MOEX:YNDX,2020-12-03T19:06:00+03:00,5160.0,5168.4,5160.0,5166.4,1052
MOEX:YNDX,2020-12-03T19:07:00+03:00,5166.6,5167.0,5161.8,5162.6,344
MOEX:YNDX,2020-12-03T19:08:00+03:00,5166.0,5166.0,5162.4,5165.6,631
MOEX:YNDX,2020-12-03T19:09:00+03:00,5165.6,5165.6,5160.8,5161.0,3088
MOEX:YNDX,2020-12-03T19:10:00+03:00,5161.0,5161.6,5151.2,5157.2,4161
MOEX:YNDX,2020-12-03T19:11:00+03:00,5157.2,5160.2,5155.0,5156.2,365
MOEX:YNDX,2020-12-03T19:12:00+03:00,5159.0,5159.2,5155.6,5156.6,142
MOEX:YNDX,2020-12-03T19:13:00+03:00,5158.4,5161.2,5157.2,5157.2,231
MOEX:YNDX,2020-12-03T19:14:00+03:00,5157.2,5158.6,5150.0,5153.4,2394
MOEX:YNDX,2020-12-03T19:15:00+03:00,5154.0,5157.0,5152.8,5155.2,344
MOEX:YNDX,2020-12-03T19:16:00+03:00,5155.2,5158.6,5151.4,5157.6,400
MOEX:YNDX,2020-12-03T19:17:00+03:00,5155.8,5158.2,5155.2,5158.2,323
MOEX:YNDX,2020-12-03T19:18:00+03:00,5158.6,5162.4,5158.6,5162.2,659
MOEX:YNDX,2020-12-03T19:19:00+03:00,5159.8,5160.6,5156.8,5160.2,280
MOEX:YNDX,2020-12-03T19:20:00+03:00,5160.2,5160.2,5157.4,5160.2,95
MOEX:YNDX,2020-12-03T19:21:00+03:00,5160.2,5160.8,5157.4,5159.6,622
MOEX:YNDX,2020-12-03T19:22:00+03:00,5159.6,5163.4,5157.6,5163.4,744
MOEX:YNDX,2020-12-03T19:23:00+03:00,5159.8,5162.4,5159.6,5160.0,56
MOEX:YNDX,2020-12-03T19:24:00+03:00,5160.0,5165.0,5160.0,5165.0,9
MOEX:YNDX,2020-12-03T19:25:00+03:00,5164.8,5164.8,5162.8,5162.8,20
MOEX:YNDX,2020-12-03T19:26:00+03:00,5162.8,5169.4,5157.4,5160.6,3121
MOEX:YNDX,2020-12-03T19:27:00+03:00,5160.8,5160.8,5157.2,5157.2,279
MOEX:YNDX,2020-12-03T19:28:00+03:00,5159.2,5160.0,5156.2,5157.2,1166
MOEX:YNDX,2020-12-03T19:29:00+03:00,5156.8,5157.8,5153.2,5156.0,734
MOEX:YNDX,2020-12-03T19:30:00+03:00,5154.6,5155.8,5151.2,5154.4,332
MOEX:YNDX,2020-12-03T19:31:00+03:00,5154.4,5157.6,5151.4,5154.8,634
MOEX:YNDX,2020-12-03T19:32:00+03:00,5155.0,5157.8,5154.0,5155.0,652
MOEX:YNDX,2020-12-03T19:33:00+03:00,5157.4,5157.4,5151.0,5152.6,1494
MOEX:YNDX,2020-12-03T19:34:00+03:00,5152.8,5155.0,5152.2,5154.4,33
MOEX:YNDX,2020-12-03T19:35:00+03:00,5153.8,5153.8,5151.0,5152.8,143
MOEX:YNDX,2020-12-03T19:36:00+03:00,5150.6,5153.0,5150.0,5150.0,135
MOEX:YNDX,2020-12-03T19:37:00+03:00,5152.8,5153.2,5150.0,5153.0,1106
MOEX:YNDX,2020-12-03T19:38:00+03:00,5153.0,5153.8,5150.0,5153.0,130
MOEX:YNDX,2020-12-03T19:39:00+03:00,5152.8,5152.8,5150.0,5151.0,894
MOEX:YNDX,2020-12-03T19:40:00+03:00,5150.0,5152.2,5150.0,5150.6,421
MOEX:YNDX,2020-12-03T19:41:00+03:00,5150.2,5153.0,5150.0,5153.0,18
MOEX:YNDX,2020-12-03T19:42:00+03:00,5152.0,5152.8,5150.0,5152.8,84
MOEX:YNDX,2020-12-03T19:43:00+03:00,5150.6,5152.6,5150.0,5152.6,64
MOEX:YNDX,2020-12-03T19:44:00+03:00,5150.6,5153.0,5149.0,5149.6,1481
MOEX:YNDX,2020-12-03T19:45:00+03:00,5149.8,5153.0,5148.0,5152.2,404
MOEX:YNDX,2020-12-03T19:46:00+03:00,5150.6,5153.8,5150.4,5150.8,69
MOEX:YNDX,2020-12-03T19:47:00+03:00,5150.8,5152.8,5150.8,5150.8,53
MOEX:YNDX,2020-12-03T19:48:00+03:00,5152.8,5152.8,5150.8,5152.6,78
MOEX:YNDX,2020-12-03T19:49:00+03:00,5150.8,5150.8,5150.2,5150.8,25
MOEX:YNDX,2020-12-03T19:50:00+03:00,5150.8,5151.2,5150.0,5150.0,184
MOEX:YNDX,2020-12-03T19:51:00+03:00,5150.0,5152.4,5150.0,5151.8,300
MOEX:YNDX,2020-12-03T19:52:00+03:00,5151.6,5152.6,5150.4,5150.8,487
MOEX:YNDX,2020-12-03T19:53:00+03:00,5152.4,5153.8,5151.0,5151.0,483
MOEX:YNDX,2020-12-03T19:54:00+03:00,5153.0,5153.8,5150.0,5150.2,372
MOEX:YNDX,2020-12-03T19:55:00+03:00,5150.4,5158.8,5150.4,5156.2,1243
MOEX:YNDX,2020-12-03T19:56:00+03:00,5156.6,5159.6,5156.6,5158.2,88
MOEX:YNDX,2020-12-03T19:57:00+03:00,5158.8,5170.0,5158.8,5162.6,1003
MOEX:YNDX,2020-12-03T19:58:00+03:00,5164.4,5164.8,5160.8,5162.8,40
MOEX:YNDX,2020-12-03T19:59:00+03:00,5160.6,5163.0,5160.6,5161.4,213
MOEX:YNDX,2020-12-03T20:00:00+03:00,5163.0,5165.6,5161.8,5165.4,367
MOEX:YNDX,2020-12-03T20:01:00+03:00,5163.4,5165.6,5163.0,5165.2,262
MOEX:YNDX,2020-12-03T20:02:00+03:00,5165.2,5165.2,5163.2,5165.2,37
MOEX:YNDX,2020-12-03T20:03:00+03:00,5165.2,5166.8,5161.6,5161.6,782
MOEX:YNDX,2020-12-03T20:04:00+03:00,5162.6,5163.0,5161.2,5162.4,57
MOEX:YNDX,2020-12-03T20:05:00+03:00,5161.0,5163.4,5160.4,5161.2,268
MOEX:YNDX,2020-12-03T20:06:00+03:00,5161.0,5163.0,5158.6,5163.0,123
MOEX:YNDX,2020-12-03T20:07:00+03:00,5159.8,5163.0,5158.4,5163.0,19
MOEX:YNDX,2020-12-03T20:08:00+03:00,5163.0,5163.0,5161.0,5161.0,44
MOEX:YNDX,2020-12-03T20:09:00+03:00,5163.0,5163.0,5161.0,5162.8,18
MOEX:YNDX,2020-12-03T20:10:00+03:00,5162.2,5162.2,5158.0,5160.2,46
MOEX:YNDX,2020-12-03T20:11:00+03:00,5162.4,5162.8,5160.0,5161.0,62
MOEX:YNDX,2020-12-03T20:12:00+03:00,5161.0,5161.0,5158.8,5158.8,36
MOEX:YNDX,2020-12-03T20:13:00+03:00,5159.0,5159.0,5159.0,5159.0,4
MOEX:YNDX,2020-12-03T20:14:00+03:00,5160.0,5161.0,5158.8,5161.0,11
MOEX:YNDX,2020-12-03T20:15:00+03:00,5161.0,5163.4,5161.0,5163.4,115
MOEX:YNDX,2020-12-03T20:16:00+03:00,5164.8,5165.6,5164.8,5165.6,8
MOEX:YNDX,2020-12-03T20:17:00+03:00,5163.4,5165.6,5163.0,5165.0,19
MOEX:YNDX,2020-12-03T20:18:00+03:00,5163.4,5163.8,5160.0,5163.8,417
MOEX:YNDX,2020-12-03T20:19:00+03:00,5164.2,5165.0,5164.0,5165.0,36
MOEX:YNDX,2020-12-03T20:20:00+03:00,5163.2,5165.0,5163.2,5163.4,40
MOEX:YNDX,2020-12-03T20:21:00+03:00,5163.4,5165.0,5162.8,5162.8,57
MOEX:YNDX,2020-12-03T20:22:00+03:00,5163.0,5164.0,5163.0,5164.0,48
MOEX:YNDX,2020-12-03T20:23:00+03:00,5162.6,5164.0,5162.0,5164.0,21
MOEX:YNDX,2020-12-03T20:24:00+03:00,5162.0,5164.0,5162.0,5162.0,15
MOEX:YNDX,2020-12-03T20:25:00+03:00,5162.0,5162.0,5162.0,5162.0,20
MOEX:YNDX,2020-12-03T20:26:00+03:00,5163.4,5164.0,5162.0,5164.0,47
MOEX:YNDX,2020-12-03T20:27:00+03:00,5163.4,5163.4,5163.4,5163.4,20
MOEX:YNDX,2020-12-03T20:28:00+03:00,5163.4,5163.8,5163.4,5163.6,18
MOEX:YNDX,2020-12-03T20:29:00+03:00,5163.4,5164.0,5163.4,5164.0,68
MOEX:YNDX,2020-12-03T20:30:00+03:00,5163.8,5170.0,5163.8,5170.0,2669
MOEX:YNDX,2020-12-03T20:31:00+03:00,5167.6,5174.0,5167.4,5173.6,158
MOEX:YNDX,2020-12-03T20:32:00+03:00,5172.4,5173.4,5169.0,5169.0,67
MOEX:YNDX,2020-12-03T20:33:00+03:00,5168.2,5171.2,5168.0,5168.8,11
MOEX:YNDX,2020-12-03T20:34:00+03:00,5171.0,5172.6,5170.0,5172.4,145
MOEX:YNDX,2020-12-03T20:35:00+03:00,5172.2,5173.2,5168.4,5173.2,150
MOEX:YNDX,2020-12-03T20:36:00+03:00,5173.0,5173.0,5166.6,5166.6,219
MOEX:YNDX,2020-12-03T20:37:00+03:00,5169.2,5169.2,5164.6,5165.6,84
MOEX:YNDX,2020-12-03T20:38:00+03:00,5168.4,5168.4,5165.4,5165.6,35
MOEX:YNDX,2020-12-03T20:39:00+03:00,5168.4,5168.6,5165.8,5165.8,13
MOEX:YNDX,2020-12-03T20:40:00+03:00,5168.0,5168.8,5166.0,5168.6,20
MOEX:YNDX,2020-12-03T20:41:00+03:00,5168.4,5168.6,5168.4,5168.6,15
MOEX:YNDX,2020-12-03T20:42:00+03:00,5168.6,5168.6,5165.8,5167.6,11
MOEX:YNDX,2020-12-03T20:43:00+03:00,5166.0,5166.0,5165.2,5165.2,19
MOEX:YNDX,2020-12-03T20:44:00+03:00,5167.4,5167.4,5166.8,5167.2,8
MOEX:YNDX,2020-12-03T20:45:00+03:00,5166.0,5167.2,5164.6,5167.2,14
MOEX:YNDX,2020-12-03T20:46:00+03:00,5165.0,5167.8,5164.6,5165.0,113
MOEX:YNDX,2020-12-03T20:47:00+03:00,5167.0,5168.4,5164.2,5168.4,38
MOEX:YNDX,2020-12-03T20:48:00+03:00,5167.2,5167.2,5167.2,5167.2,1
MOEX:YNDX,2020-12-03T20:49:00+03:00,5169.6,5171.4,5169.4,5171.4,70
MOEX:YNDX,2020-12-03T20:50:00+03:00,5171.2,5171.2,5169.4,5169.4,30
MOEX:YNDX,2020-12-03T20:51:00+03:00,5169.4,5169.4,5168.2,5169.4,22
MOEX:YNDX,2020-12-03T20:52:00+03:00,5165.6,5166.0,5165.6,5166.0,20
MOEX:YNDX,2020-12-03T20:53:00+03:00,5165.0,5166.0,5165.0,5166.0,16
MOEX:YNDX,2020-12-03T20:54:00+03:00,5168.8,5168.8,5168.8,5168.8,1
MOEX:YNDX,2020-12-03T20:55:00+03:00,5168.6,5168.6,5164.8,5166.0,165
MOEX:YNDX,2020-12-03T20:56:00+03:00,5166.2,5168.4,5166.0,5166.0,7
MOEX:YNDX,2020-12-03T20:57:00+03:00,5167.8,5167.8,5165.6,5166.0,4
MOEX:YNDX,2020-12-03T20:58:00+03:00,5165.8,5168.0,5165.6,5165.8,32
MOEX:YNDX,2020-12-03T20:59:00+03:00,5165.8,5167.2,5164.0,5164.0,218
MOEX:YNDX,2020-12-03T21:00:00+03:00,5164.0,5164.8,5162.0,5163.6,175
MOEX:YNDX,2020-12-03T21:01:00+03:00,5165.4,5166.6,5163.0,5166.2,58
MOEX:YNDX,2020-12-03T21:02:00+03:00,5166.0,5166.0,5165.0,5165.0,7
MOEX:YNDX,2020-12-03T21:03:00+03:00,5165.0,5165.0,5165.0,5165.0,25
MOEX:YNDX,2020-12-03T21:04:00+03:00,5164.8,5165.0,5162.0,5164.4,131
MOEX:YNDX,2020-12-03T21:05:00+03:00,5162.0,5162.0,5157.4,5160.4,468
MOEX:YNDX,2020-12-03T21:06:00+03:00,5157.4,5158.6,5157.2,5158.6,13
MOEX:YNDX,2020-12-03T21:07:00+03:00,5157.2,5159.4,5157.2,5157.2,58
MOEX:YNDX,2020-12-03T21:08:00+03:00,5159.4,5159.4,5151.2,5156.0,1334
MOEX:YNDX,2020-12-03T21:09:00+03:00,5156.2,5158.4,5153.8,5158.4,885
MOEX:YNDX,2020-12-03T21:10:00+03:00,5158.0,5159.8,5156.8,5159.8,301
MOEX:YNDX,2020-12-03T21:11:00+03:00,5158.0,5160.6,5157.4,5160.0,93
MOEX:YNDX,2020-12-03T21:12:00+03:00,5161.4,5161.4,5157.4,5160.2,82
MOEX:YNDX,2020-12-03T21:13:00+03:00,5157.6,5160.2,5157.6,5160.2,8
MOEX:YNDX,2020-12-03T21:14:00+03:00,5160.2,5160.8,5160.0,5160.6,9
MOEX:YNDX,2020-12-03T21:15:00+03:00,5160.8,5161.0,5160.8,5160.8,7
MOEX:YNDX,2020-12-03T21:16:00+03:00,5163.0,5163.4,5160.8,5160.8,326
MOEX:YNDX,2020-12-03T21:17:00+03:00,5161.8,5163.6,5161.4,5161.4,8
MOEX:YNDX,2020-12-03T21:18:00+03:00,5161.4,5161.4,5161.2,5161.4,12
MOEX:YNDX,2020-12-03T21:19:00+03:00,5163.2,5163.2,5161.0,5161.0,15
MOEX:YNDX,2020-12-03T21:20:00+03:00,5163.0,5163.0,5160.2,5162.8,5
MOEX:YNDX,2020-12-03T21:21:00+03:00,5163.0,5163.6,5161.2,5163.6,23
MOEX:YNDX,2020-12-03T21:22:00+03:00,5161.4,5163.0,5158.4,5161.6,278
MOEX:YNDX,2020-12-03T21:23:00+03:00,5161.4,5162.4,5159.2,5159.2,114
MOEX:YNDX,2020-12-03T21:24:00+03:00,5161.4,5162.4,5158.2,5162.4,16
MOEX:YNDX,2020-12-03T21:25:00+03:00,5162.4,5162.8,5158.6,5162.8,26
MOEX:YNDX,2020-12-03T21:26:00+03:00,5163.6,5168.2,5163.6,5168.2,56
MOEX:YNDX,2020-12-03T21:27:00+03:00,5166.6,5168.2,5166.6,5168.2,13
MOEX:YNDX,2020-12-03T21:28:00+03:00,5168.2,5168.2,5163.0,5164.0,49
MOEX:YNDX,2020-12-03T21:29:00+03:00,5163.8,5165.8,5162.0,5165.2,257
MOEX:YNDX,2020-12-03T21:30:00+03:00,5164.2,5165.2,5162.2,5165.2,33
MOEX:YNDX,2020-12-03T21:31:00+03:00,5162.6,5164.2,5160.2,5164.2,274
MOEX:YNDX,2020-12-03T21:32:00+03:00,5159.4,5159.4,5159.4,5159.4,1
MOEX:YNDX,2020-12-03T21:33:00+03:00,5159.4,5160.0,5157.0,5160.0,109
MOEX:YNDX,2020-12-03T21:34:00+03:00,5158.2,5161.0,5156.4,5159.0,121
MOEX:YNDX,2020-12-03T21:35:00+03:00,5159.4,5159.4,5155.8,5156.2,47
MOEX:YNDX,2020-12-03T21:36:00+03:00,5155.8,5155.8,5153.0,5154.0,1332
MOEX:YNDX,2020-12-03T21:37:00+03:00,5154.0,5154.0,5145.0,5147.0,3268
MOEX:YNDX,2020-12-03T21:38:00+03:00,5146.6,5149.0,5145.0,5147.0,805
MOEX:YNDX,2020-12-03T21:39:00+03:00,5148.8,5149.4,5144.0,5147.2,1312
MOEX:YNDX,2020-12-03T21:40:00+03:00,5146.6,5146.8,5143.8,5146.8,46
MOEX:YNDX,2020-12-03T21:41:00+03:00,5146.2,5148.2,5145.0,5148.2,183
MOEX:YNDX,2020-12-03T21:42:00+03:00,5148.2,5148.2,5143.4,5146.0,380
MOEX:YNDX,2020-12-03T21:43:00+03:00,5146.6,5150.2,5146.6,5150.0,277
MOEX:YNDX,2020-12-03T21:44:00+03:00,5151.4,5154.6,5151.4,5152.8,76
MOEX:YNDX,2020-12-03T21:45:00+03:00,5150.0,5152.8,5150.0,5150.6,6
MOEX:YNDX,2020-12-03T21:46:00+03:00,5152.8,5152.8,5150.0,5150.0,12
MOEX:YNDX,2020-12-03T21:47:00+03:00,5152.4,5153.8,5150.0,5150.0,472
MOEX:YNDX,2020-12-03T21:48:00+03:00,5152.0,5153.2,5150.0,5151.6,20
MOEX:YNDX,2020-12-03T21:49:00+03:00,5152.6,5154.0,5152.6,5154.0,173
MOEX:YNDX,2020-12-03T21:50:00+03:00,5154.4,5154.4,5152.0,5152.4,15
MOEX:YNDX,2020-12-03T21:51:00+03:00,5152.4,5158.8,5152.4,5154.2,389
MOEX:YNDX,2020-12-03T21:52:00+03:00,5153.6,5159.4,5153.2,5159.4,118
MOEX:YNDX,2020-12-03T21:53:00+03:00,5159.4,5165.6,5159.4,5160.8,845
MOEX:YNDX,2020-12-03T21:54:00+03:00,5160.6,5160.6,5159.4,5159.4,44
MOEX:YNDX,2020-12-03T21:55:00+03:00,5156.8,5156.8,5156.8,5156.8,5
MOEX:YNDX,2020-12-03T21:56:00+03:00,5159.2,5159.2,5155.2,5155.2,132
MOEX:YNDX,2020-12-03T21:57:00+03:00,5158.2,5158.2,5155.2,5155.2,191
MOEX:YNDX,2020-12-03T21:58:00+03:00,5155.4,5156.4,5155.2,5156.4,23
MOEX:YNDX,2020-12-03T21:59:00+03:00,5155.4,5158.0,5155.2,5155.4,144
MOEX:YNDX,2020-12-03T22:00:00+03:00,5156.0,5159.8,5156.0,5158.0,48
MOEX:YNDX,2020-12-03T22:01:00+03:00,5159.0,5162.0,5159.0,5162.0,59
MOEX:YNDX,2020-12-03T22:02:00+03:00,5162.0,5162.0,5160.2,5160.2,34
MOEX:YNDX,2020-12-03T22:03:00+03:00,5160.2,5162.0,5160.0,5162.0,11
MOEX:YNDX,2020-12-03T22:04:00+03:00,5160.2,5162.0,5159.4,5159.4,15
MOEX:YNDX,2020-12-03T22:05:00+03:00,5162.0,5162.0,5162.0,5162.0,100
MOEX:YNDX,2020-12-03T22:06:00+03:00,5160.8,5165.0,5160.4,5164.8,340
MOEX:YNDX,2020-12-03T22:07:00+03:00,5161.4,5163.6,5161.4,5163.6,15
MOEX:YNDX,2020-12-03T22:08:00+03:00,5161.2,5163.6,5160.8,5163.6,26
MOEX:YNDX,2020-12-03T22:09:00+03:00,5161.4,5163.4,5161.4,5163.4,11
MOEX:YNDX,2020-12-03T22:10:00+03:00,5163.2,5163.6,5161.4,5163.2,91
MOEX:YNDX,2020-12-03T22:11:00+03:00,5163.2,5163.2,5160.0,5162.8,54
MOEX:YNDX,2020-12-03T22:12:00+03:00,5160.6,5163.2,5160.6,5160.8,104
MOEX:YNDX,2020-12-03T22:13:00+03:00,5160.4,5162.6,5160.0,5160.0,74
MOEX:YNDX,2020-12-03T22:14:00+03:00,5162.6,5162.6,5160.0,5160.0,5
MOEX:YNDX,2020-12-03T22:15:00+03:00,5162.4,5162.4,5160.0,5161.8,19
MOEX:YNDX,2020-12-03T22:16:00+03:00,5162.0,5162.4,5159.8,5159.8,222
MOEX:YNDX,2020-12-03T22:17:00+03:00,5160.6,5162.8,5160.0,5162.8,152
MOEX:YNDX,2020-12-03T22:18:00+03:00,5163.0,5163.0,5163.0,5163.0,33
MOEX:YNDX,2020-12-03T22:19:00+03:00,5161.2,5161.4,5161.2,5161.4,3
MOEX:YNDX,2020-12-03T22:20:00+03:00,5161.4,5161.4,5159.8,5159.8,41
MOEX:YNDX,2020-12-03T22:21:00+03:00,5162.4,5162.4,5160.2,5162.4,54
MOEX:YNDX,2020-12-03T22:22:00+03:00,5160.8,5163.0,5160.4,5160.4,185
MOEX:YNDX,2020-12-03T22:23:00+03:00,5162.0,5162.4,5160.0,5162.4,9
MOEX:YNDX,2020-12-03T22:24:00+03:00,5162.2,5162.4,5160.0,5160.0,4
MOEX:YNDX,2020-12-03T22:26:00+03:00,5160.0,5161.6,5160.0,5161.6,3
MOEX:YNDX,2020-12-03T22:27:00+03:00,5160.0,5163.0,5160.0,5163.0,196
MOEX:YNDX,2020-12-03T22:28:00+03:00,5163.0,5163.0,5162.8,5162.8,11
MOEX:YNDX,2020-12-03T22:29:00+03:00,5160.2,5162.0,5159.4,5162.0,123
MOEX:YNDX,2020-12-03T22:30:00+03:00,5160.6,5163.0,5160.6,5163.0,207
MOEX:YNDX,2020-12-03T22:31:00+03:00,5163.0,5170.0,5163.0,5168.8,1717
MOEX:YNDX,2020-12-03T22:32:00+03:00,5169.0,5169.0,5165.8,5165.8,48
MOEX:YNDX,2020-12-03T22:33:00+03:00,5165.6,5168.2,5165.6,5168.2,6
MOEX:YNDX,2020-12-03T22:34:00+03:00,5168.8,5169.4,5168.8,5169.4,16
MOEX:YNDX,2020-12-03T22:35:00+03:00,5169.2,5169.4,5169.0,5169.4,100
MOEX:YNDX,2020-12-03T22:36:00+03:00,5169.0,5169.2,5166.2,5166.2,16
MOEX:YNDX,2020-12-03T22:37:00+03:00,5166.6,5168.8,5166.2,5168.8,34
MOEX:YNDX,2020-12-03T22:38:00+03:00,5169.6,5169.6,5168.2,5168.2,178
MOEX:YNDX,2020-12-03T22:39:00+03:00,5167.0,5168.2,5166.8,5168.2,115
MOEX:YNDX,2020-12-03T22:40:00+03:00,5167.2,5168.2,5166.6,5167.0,316
MOEX:YNDX,2020-12-03T22:41:00+03:00,5167.2,5168.8,5167.2,5168.8,72
MOEX:YNDX,2020-12-03T22:42:00+03:00,5168.8,5168.8,5168.2,5168.2,134
MOEX:YNDX,2020-12-03T22:43:00+03:00,5168.2,5174.4,5168.2,5170.0,1494
MOEX:YNDX,2020-12-03T22:44:00+03:00,5174.4,5174.4,5170.4,5170.4,204
MOEX:YNDX,2020-12-03T22:45:00+03:00,5170.4,5173.0,5170.0,5170.0,18
MOEX:YNDX,2020-12-03T22:46:00+03:00,5170.0,5171.8,5170.0,5171.8,16
MOEX:YNDX,2020-12-03T22:47:00+03:00,5172.0,5174.0,5172.0,5174.0,21
MOEX:YNDX,2020-12-03T22:48:00+03:00,5174.0,5174.0,5172.4,5174.0,23
MOEX:YNDX,2020-12-03T22:49:00+03:00,5174.0,5174.0,5172.2,5172.2,18
MOEX:YNDX,2020-12-03T22:50:00+03:00,5172.0,5172.2,5172.0,5172.2,9
MOEX:YNDX,2020-12-03T22:51:00+03:00,5173.2,5174.0,5173.2,5174.0,7
MOEX:YNDX,2020-12-03T22:52:00+03:00,5173.4,5173.4,5172.0,5172.0,42
MOEX:YNDX,2020-12-03T22:53:00+03:00,5172.0,5174.0,5171.6,5174.0,122
MOEX:YNDX,2020-12-03T22:54:00+03:00,5174.0,5174.0,5172.8,5172.8,133
MOEX:YNDX,2020-12-03T22:55:00+03:00,5173.0,5173.6,5171.0,5173.2,88
MOEX:YNDX,2020-12-03T22:56:00+03:00,5173.2,5173.2,5170.6,5173.2,4
MOEX:YNDX,2020-12-03T22:57:00+03:00,5172.8,5173.2,5171.0,5171.0,13
MOEX:YNDX,2020-12-03T22:58:00+03:00,5173.6,5173.6,5171.8,5172.6,4
MOEX:YNDX,2020-12-03T22:59:00+03:00,5174.0,5174.0,5172.4,5174.0,15
MOEX:YNDX,2020-12-03T23:00:00+03:00,5174.0,5174.6,5173.8,5174.6,259
MOEX:YNDX,2020-12-03T23:01:00+03:00,5173.0,5175.0,5173.0,5174.8,55
MOEX:YNDX,2020-12-03T23:02:00+03:00,5174.0,5174.0,5174.0,5174.0,6
MOEX:YNDX,2020-12-03T23:03:00+03:00,5174.8,5174.8,5174.6,5174.6,6
MOEX:YNDX,2020-12-03T23:04:00+03:00,5174.6,5177.8,5173.2,5174.8,391
MOEX:YNDX,2020-12-03T23:05:00+03:00,5175.6,5178.0,5174.4,5178.0,79
MOEX:YNDX,2020-12-03T23:06:00+03:00,5178.0,5178.0,5177.0,5177.2,66
MOEX:YNDX,2020-12-03T23:07:00+03:00,5176.2,5176.4,5176.2,5176.4,87
MOEX:YNDX,2020-12-03T23:08:00+03:00,5176.8,5177.8,5176.0,5176.0,84
MOEX:YNDX,2020-12-03T23:09:00+03:00,5176.6,5178.0,5176.6,5176.6,41
MOEX:YNDX,2020-12-03T23:10:00+03:00,5178.0,5178.0,5178.0,5178.0,4
MOEX:YNDX,2020-12-03T23:11:00+03:00,5176.2,5177.8,5176.2,5177.4,102
MOEX:YNDX,2020-12-03T23:12:00+03:00,5176.0,5177.2,5176.0,5176.0,17
MOEX:YNDX,2020-12-03T23:13:00+03:00,5176.0,5176.0,5175.4,5175.4,43
MOEX:YNDX,2020-12-03T23:14:00+03:00,5175.0,5175.0,5174.4,5174.4,9
MOEX:YNDX,2020-12-03T23:15:00+03:00,5174.4,5175.2,5174.4,5175.2,24
MOEX:YNDX,2020-12-03T23:16:00+03:00,5175.4,5175.4,5173.0,5173.0,32
MOEX:YNDX,2020-12-03T23:17:00+03:00,5173.8,5175.0,5173.0,5173.0,53
MOEX:YNDX,2020-12-03T23:18:00+03:00,5174.8,5175.2,5174.0,5175.2,57
MOEX:YNDX,2020-12-03T23:19:00+03:00,5175.0,5175.2,5172.2,5172.2,225
MOEX:YNDX,2020-12-03T23:20:00+03:00,5175.0,5175.0,5175.0,5175.0,2
MOEX:YNDX,2020-12-03T23:21:00+03:00,5174.8,5175.4,5172.6,5175.0,84
MOEX:YNDX,2020-12-03T23:22:00+03:00,5175.0,5175.0,5175.0,5175.0,1
MOEX:YNDX,2020-12-03T23:23:00+03:00,5172.8,5174.8,5170.4,5174.8,372
MOEX:YNDX,2020-12-03T23:24:00+03:00,5174.8,5174.8,5172.0,5172.0,6
MOEX:YNDX,2020-12-03T23:25:00+03:00,5174.2,5174.2,5174.0,5174.2,23
MOEX:YNDX,2020-12-03T23:26:00+03:00,5174.2,5175.0,5171.0,5174.2,62
MOEX:YNDX,2020-12-03T23:27:00+03:00,5173.4,5175.0,5173.0,5173.2,33
MOEX:YNDX,2020-12-03T23:28:00+03:00,5173.2,5175.0,5172.8,5172.8,113
MOEX:YNDX,2020-12-03T23:29:00+03:00,5172.4,5173.2,5170.8,5170.8,21
MOEX:YNDX,2020-12-03T23:30:00+03:00,5172.8,5172.8,5172.8,5172.8,1
MOEX:YNDX,2020-12-03T23:31:00+03:00,5172.0,5172.8,5170.6,5172.8,42
MOEX:YNDX,2020-12-03T23:32:00+03:00,5173.4,5175.0,5172.0,5175.0,15
MOEX:YNDX,2020-12-03T23:33:00+03:00,5175.0,5175.0,5172.6,5175.0,23
MOEX:YNDX,2020-12-03T23:34:00+03:00,5175.0,5176.0,5173.0,5173.0,115
MOEX:YNDX,2020-12-03T23:35:00+03:00,5176.0,5176.0,5176.0,5176.0,5
MOEX:YNDX,2020-12-03T23:36:00+03:00,5172.8,5177.0,5172.8,5177.0,60
MOEX:YNDX,2020-12-03T23:37:00+03:00,5177.0,5177.0,5172.2,5176.6,244
MOEX:YNDX,2020-12-03T23:38:00+03:00,5176.6,5181.6,5176.6,5180.0,475
MOEX:YNDX,2020-12-03T23:39:00+03:00,5178.8,5180.0,5178.2,5178.2,298
MOEX:YNDX,2020-12-03T23:40:00+03:00,5176.0,5176.0,5172.8,5172.8,241
MOEX:YNDX,2020-12-03T23:41:00+03:00,5178.2,5178.2,5171.2,5171.2,138
MOEX:YNDX,2020-12-03T23:42:00+03:00,5171.4,5171.4,5159.4,5166.0,1388
MOEX:YNDX,2020-12-03T23:43:00+03:00,5166.0,5174.8,5165.0,5170.8,327
MOEX:YNDX,2020-12-03T23:44:00+03:00,5175.2,5178.0,5170.8,5177.6,1014
MOEX:YNDX,2020-12-03T23:45:00+03:00,5176.6,5180.0,5176.6,5178.8,514
MOEX:YNDX,2020-12-03T23:46:00+03:00,5178.8,5185.4,5177.4,5179.2,2343
MOEX:YNDX,2020-12-03T23:47:00+03:00,5185.0,5185.0,5170.0,5173.2,289
MOEX:YNDX,2020-12-03T23:48:00+03:00,5173.8,5173.8,5169.6,5169.6,168
MOEX:YNDX,2020-12-03T23:49:00+03:00,5170.0,5170.0,5166.0,5166.0,485
