MOEX:PLZL,2020-08-18T10:00:00+03:00,18338.5,18439.5,18301.0,18439.5,3738
MOEX:PLZL,2020-08-18T10:01:00+03:00,18433.0,18493.5,18412.5,18493.0,4283
MOEX:PLZL,2020-08-18T10:02:00+03:00,18492.5,18548.0,18485.0,18528.5,4191
MOEX:PLZL,2020-08-18T10:03:00+03:00,18522.5,18536.0,18473.5,18510.0,3723
MOEX:PLZL,2020-08-18T10:04:00+03:00,18510.0,18519.0,18475.5,18490.0,2975
MOEX:PLZL,2020-08-18T10:05:00+03:00,18484.5,18499.5,18430.0,18449.0,2198
MOEX:PLZL,2020-08-18T10:06:00+03:00,18433.5,18473.0,18433.5,18451.0,1275
MOEX:PLZL,2020-08-18T10:07:00+03:00,18443.0,18473.0,18443.0,18471.5,878
MOEX:PLZL,2020-08-18T10:08:00+03:00,18472.0,18490.0,18462.0,18482.0,646
MOEX:PLZL,2020-08-18T10:09:00+03:00,18490.0,18570.0,18483.5,18564.5,3006
MOEX:PLZL,2020-08-18T10:10:00+03:00,18560.0,18659.0,18560.0,18636.5,3396
MOEX:PLZL,2020-08-18T10:11:00+03:00,18647.5,18650.0,18553.0,18575.5,3379
MOEX:PLZL,2020-08-18T10:12:00+03:00,18561.0,18613.5,18559.5,18594.5,1299
MOEX:PLZL,2020-08-18T10:13:00+03:00,18576.5,18593.5,18524.5,18547.5,2226
MOEX:PLZL,2020-08-18T10:14:00+03:00,18548.5,18567.5,18533.5,18558.0,1367
MOEX:PLZL,2020-08-18T10:15:00+03:00,18555.0,18558.0,18530.0,18540.0,1012
MOEX:PLZL,2020-08-18T10:16:00+03:00,18540.0,18542.0,18517.5,18519.0,966
MOEX:PLZL,2020-08-18T10:17:00+03:00,18519.5,18530.0,18503.5,18507.5,545
MOEX:PLZL,2020-08-18T10:18:00+03:00,18517.5,18528.5,18502.0,18505.0,362
MOEX:PLZL,2020-08-18T10:19:00+03:00,18510.0,18516.5,18480.0,18490.0,1166
MOEX:PLZL,2020-08-18T10:20:00+03:00,18490.0,18521.5,18470.0,18521.5,1078
MOEX:PLZL,2020-08-18T10:21:00+03:00,18512.0,18550.0,18512.0,18543.5,546
MOEX:PLZL,2020-08-18T10:22:00+03:00,18547.0,18570.0,18546.0,18567.5,954
MOEX:PLZL,2020-08-18T10:23:00+03:00,18560.5,18561.5,18530.0,18546.0,426
MOEX:PLZL,2020-08-18T10:24:00+03:00,18546.5,18565.0,18529.0,18558.0,552
MOEX:PLZL,2020-08-18T10:25:00+03:00,18558.0,18587.5,18551.5,18551.5,1288
MOEX:PLZL,2020-08-18T10:26:00+03:00,18568.5,18600.0,18553.5,18588.0,2854
MOEX:PLZL,2020-08-18T10:27:00+03:00,18591.0,18591.0,18552.5,18573.0,949
MOEX:PLZL,2020-08-18T10:28:00+03:00,18573.0,18579.0,18545.0,18557.0,751
MOEX:PLZL,2020-08-18T10:29:00+03:00,18559.5,18565.5,18530.0,18540.0,304
MOEX:PLZL,2020-08-18T10:30:00+03:00,18532.5,18546.0,18510.5,18519.5,798
MOEX:PLZL,2020-08-18T10:31:00+03:00,18521.0,18535.0,18519.0,18530.0,147
MOEX:PLZL,2020-08-18T10:32:00+03:00,18530.0,18550.0,18519.0,18550.0,273
MOEX:PLZL,2020-08-18T10:33:00+03:00,18540.0,18564.5,18535.0,18553.0,469
MOEX:PLZL,2020-08-18T10:34:00+03:00,18552.5,18575.0,18552.5,18575.0,413
MOEX:PLZL,2020-08-18T10:35:00+03:00,18575.0,18589.5,18540.0,18540.0,642
MOEX:PLZL,2020-08-18T10:36:00+03:00,18540.5,18551.5,18520.0,18525.5,502
MOEX:PLZL,2020-08-18T10:37:00+03:00,18533.5,18538.5,18503.0,18525.0,836
MOEX:PLZL,2020-08-18T10:38:00+03:00,18533.0,18558.0,18530.5,18553.0,138
MOEX:PLZL,2020-08-18T10:39:00+03:00,18555.0,18558.0,18533.5,18542.0,185
MOEX:PLZL,2020-08-18T10:40:00+03:00,18542.0,18543.0,18325.0,18365.0,8696
MOEX:PLZL,2020-08-18T10:41:00+03:00,18364.0,18422.5,18349.5,18402.5,1411
MOEX:PLZL,2020-08-18T10:42:00+03:00,18401.0,18415.0,18301.0,18350.0,2870
MOEX:PLZL,2020-08-18T10:43:00+03:00,18349.5,18352.0,18250.5,18352.0,3468
MOEX:PLZL,2020-08-18T10:44:00+03:00,18353.0,18398.0,18335.5,18398.0,1023
MOEX:PLZL,2020-08-18T10:45:00+03:00,18396.5,18446.5,18390.0,18441.5,798
MOEX:PLZL,2020-08-18T10:46:00+03:00,18430.5,18459.0,18425.0,18430.5,970
MOEX:PLZL,2020-08-18T10:47:00+03:00,18454.0,18457.0,18430.5,18448.5,443
MOEX:PLZL,2020-08-18T10:48:00+03:00,18453.5,18455.0,18360.5,18378.5,1640
MOEX:PLZL,2020-08-18T10:49:00+03:00,18363.5,18413.0,18360.0,18411.5,599
MOEX:PLZL,2020-08-18T10:50:00+03:00,18400.0,18427.0,18400.0,18427.0,315
MOEX:PLZL,2020-08-18T10:51:00+03:00,18427.0,18430.0,18320.0,18332.0,1447
MOEX:PLZL,2020-08-18T10:52:00+03:00,18343.0,18348.5,18270.0,18295.0,2109
MOEX:PLZL,2020-08-18T10:53:00+03:00,18295.0,18322.5,18282.5,18320.0,494
MOEX:PLZL,2020-08-18T10:54:00+03:00,18308.0,18335.5,18302.0,18321.0,345
MOEX:PLZL,2020-08-18T10:55:00+03:00,18333.0,18335.0,18285.0,18295.0,716
MOEX:PLZL,2020-08-18T10:56:00+03:00,18286.5,18297.0,18263.0,18273.5,795
MOEX:PLZL,2020-08-18T10:57:00+03:00,18270.0,18274.5,18217.0,18217.0,2416
MOEX:PLZL,2020-08-18T10:58:00+03:00,18217.0,18233.0,18161.5,18170.0,2313
MOEX:PLZL,2020-08-18T10:59:00+03:00,18165.5,18248.0,18161.5,18244.0,1506
MOEX:PLZL,2020-08-18T11:00:00+03:00,18223.0,18240.5,18180.0,18192.0,946
MOEX:PLZL,2020-08-18T11:01:00+03:00,18194.5,18284.0,18183.5,18260.5,1316
MOEX:PLZL,2020-08-18T11:02:00+03:00,18275.0,18297.0,18248.5,18260.0,1073
MOEX:PLZL,2020-08-18T11:03:00+03:00,18260.0,18260.0,18240.0,18255.5,169
MOEX:PLZL,2020-08-18T11:04:00+03:00,18255.0,18294.0,18250.0,18294.0,155
MOEX:PLZL,2020-08-18T11:05:00+03:00,18294.0,18336.0,18288.0,18335.5,665
MOEX:PLZL,2020-08-18T11:06:00+03:00,18336.5,18356.5,18326.0,18352.5,994
MOEX:PLZL,2020-08-18T11:07:00+03:00,18352.5,18358.5,18301.0,18304.5,994
MOEX:PLZL,2020-08-18T11:08:00+03:00,18317.0,18337.0,18301.0,18327.5,235
MOEX:PLZL,2020-08-18T11:09:00+03:00,18339.0,18340.0,18313.5,18330.0,198
MOEX:PLZL,2020-08-18T11:10:00+03:00,18331.5,18335.5,18304.5,18317.0,155
MOEX:PLZL,2020-08-18T11:11:00+03:00,18307.0,18317.0,18271.5,18272.0,334
MOEX:PLZL,2020-08-18T11:12:00+03:00,18272.0,18293.0,18271.5,18285.5,175
MOEX:PLZL,2020-08-18T11:13:00+03:00,18285.5,18287.5,18260.5,18270.0,372
MOEX:PLZL,2020-08-18T11:14:00+03:00,18270.5,18288.0,18257.5,18270.0,448
MOEX:PLZL,2020-08-18T11:15:00+03:00,18271.0,18288.0,18271.0,18272.0,162
MOEX:PLZL,2020-08-18T11:16:00+03:00,18274.0,18274.0,18240.0,18250.0,316
MOEX:PLZL,2020-08-18T11:17:00+03:00,18250.0,18254.5,18233.5,18250.0,233
MOEX:PLZL,2020-08-18T11:18:00+03:00,18255.0,18267.0,18240.0,18257.0,153
MOEX:PLZL,2020-08-18T11:19:00+03:00,18250.0,18269.0,18230.0,18269.0,1057
MOEX:PLZL,2020-08-18T11:20:00+03:00,18269.5,18281.0,18254.0,18276.5,346
MOEX:PLZL,2020-08-18T11:21:00+03:00,18281.5,18300.0,18281.5,18299.0,262
MOEX:PLZL,2020-08-18T11:22:00+03:00,18299.0,18307.0,18285.0,18297.5,142
MOEX:PLZL,2020-08-18T11:23:00+03:00,18284.5,18298.5,18221.0,18234.0,1569
MOEX:PLZL,2020-08-18T11:24:00+03:00,18240.5,18240.5,18206.0,18239.5,515
MOEX:PLZL,2020-08-18T11:25:00+03:00,18241.0,18246.0,18220.5,18222.0,363
MOEX:PLZL,2020-08-18T11:26:00+03:00,18223.0,18236.5,18220.5,18229.5,62
MOEX:PLZL,2020-08-18T11:27:00+03:00,18222.5,18237.0,18215.0,18230.5,339
MOEX:PLZL,2020-08-18T11:28:00+03:00,18217.0,18220.0,18173.0,18189.5,2467
MOEX:PLZL,2020-08-18T11:29:00+03:00,18188.5,18191.5,18162.0,18188.0,1105
MOEX:PLZL,2020-08-18T11:30:00+03:00,18185.0,18217.5,18180.0,18200.0,457
MOEX:PLZL,2020-08-18T11:31:00+03:00,18200.0,18211.0,18192.0,18202.5,220
MOEX:PLZL,2020-08-18T11:32:00+03:00,18214.5,18226.0,18206.0,18210.0,133
MOEX:PLZL,2020-08-18T11:33:00+03:00,18202.5,18214.5,18180.0,18192.0,308
MOEX:PLZL,2020-08-18T11:34:00+03:00,18192.0,18192.0,18156.0,18156.0,502
MOEX:PLZL,2020-08-18T11:35:00+03:00,18158.5,18187.0,18156.0,18173.0,429
MOEX:PLZL,2020-08-18T11:36:00+03:00,18161.5,18172.0,18112.5,18113.5,2139
MOEX:PLZL,2020-08-18T11:37:00+03:00,18127.5,18149.0,18105.5,18132.0,931
MOEX:PLZL,2020-08-18T11:38:00+03:00,18115.0,18129.5,18106.0,18118.0,1539
MOEX:PLZL,2020-08-18T11:39:00+03:00,18110.5,18150.0,18110.0,18133.5,719
MOEX:PLZL,2020-08-18T11:40:00+03:00,18134.5,18134.5,18106.0,18115.5,579
MOEX:PLZL,2020-08-18T11:41:00+03:00,18115.5,18118.0,18102.0,18109.5,561
MOEX:PLZL,2020-08-18T11:42:00+03:00,18110.0,18123.5,18101.0,18110.0,1171
MOEX:PLZL,2020-08-18T11:43:00+03:00,18110.5,18152.0,18110.0,18152.0,931
MOEX:PLZL,2020-08-18T11:44:00+03:00,18142.5,18189.5,18139.0,18170.0,786
MOEX:PLZL,2020-08-18T11:45:00+03:00,18174.0,18185.0,18160.0,18161.0,432
MOEX:PLZL,2020-08-18T11:46:00+03:00,18174.0,18174.0,18150.0,18150.5,114
MOEX:PLZL,2020-08-18T11:47:00+03:00,18160.0,18163.0,18143.0,18153.5,236
MOEX:PLZL,2020-08-18T11:48:00+03:00,18153.5,18178.0,18146.5,18164.0,310
MOEX:PLZL,2020-08-18T11:49:00+03:00,18154.5,18154.5,18132.0,18141.5,210
MOEX:PLZL,2020-08-18T11:50:00+03:00,18142.0,18144.5,18131.0,18139.0,105
MOEX:PLZL,2020-08-18T11:51:00+03:00,18140.0,18166.0,18140.0,18151.5,274
MOEX:PLZL,2020-08-18T11:52:00+03:00,18148.0,18161.5,18147.5,18154.5,75
MOEX:PLZL,2020-08-18T11:53:00+03:00,18153.0,18155.0,18140.0,18140.0,268
MOEX:PLZL,2020-08-18T11:54:00+03:00,18140.0,18168.5,18140.0,18166.0,556
MOEX:PLZL,2020-08-18T11:55:00+03:00,18157.0,18166.5,18153.5,18166.5,169
MOEX:PLZL,2020-08-18T11:56:00+03:00,18160.0,18165.5,18160.0,18160.0,142
MOEX:PLZL,2020-08-18T11:57:00+03:00,18159.0,18194.0,18155.0,18187.5,484
MOEX:PLZL,2020-08-18T11:58:00+03:00,18173.0,18194.0,18173.0,18182.0,180
MOEX:PLZL,2020-08-18T11:59:00+03:00,18189.5,18196.0,18182.0,18196.0,227
MOEX:PLZL,2020-08-18T12:00:00+03:00,18190.0,18209.0,18185.0,18209.0,349
MOEX:PLZL,2020-08-18T12:01:00+03:00,18209.0,18220.0,18158.5,18179.0,1183
MOEX:PLZL,2020-08-18T12:02:00+03:00,18170.5,18180.5,18152.0,18180.5,173
MOEX:PLZL,2020-08-18T12:03:00+03:00,18180.5,18192.0,18173.0,18187.5,99
MOEX:PLZL,2020-08-18T12:04:00+03:00,18187.5,18187.5,18170.0,18170.0,66
MOEX:PLZL,2020-08-18T12:05:00+03:00,18164.0,18164.0,18131.0,18138.5,432
MOEX:PLZL,2020-08-18T12:06:00+03:00,18132.0,18153.0,18130.5,18148.0,257
MOEX:PLZL,2020-08-18T12:07:00+03:00,18153.0,18157.5,18148.0,18156.0,69
MOEX:PLZL,2020-08-18T12:08:00+03:00,18156.0,18160.0,18155.0,18157.0,97
MOEX:PLZL,2020-08-18T12:09:00+03:00,18160.0,18163.0,18152.0,18163.0,143
MOEX:PLZL,2020-08-18T12:10:00+03:00,18163.0,18177.0,18163.0,18177.0,261
MOEX:PLZL,2020-08-18T12:11:00+03:00,18177.0,18177.0,18156.0,18156.5,183
MOEX:PLZL,2020-08-18T12:12:00+03:00,18156.0,18161.5,18152.0,18155.0,248
MOEX:PLZL,2020-08-18T12:13:00+03:00,18155.0,18162.0,18117.5,18129.0,2543
MOEX:PLZL,2020-08-18T12:14:00+03:00,18129.0,18143.0,18128.0,18143.0,317
MOEX:PLZL,2020-08-18T12:15:00+03:00,18143.0,18150.0,18112.0,18114.5,1078
MOEX:PLZL,2020-08-18T12:16:00+03:00,18112.0,18134.5,18112.0,18125.0,188
MOEX:PLZL,2020-08-18T12:17:00+03:00,18130.0,18137.0,18120.5,18121.5,111
MOEX:PLZL,2020-08-18T12:18:00+03:00,18132.0,18132.0,18111.5,18111.5,329
MOEX:PLZL,2020-08-18T12:19:00+03:00,18116.0,18119.5,18111.5,18112.5,146
MOEX:PLZL,2020-08-18T12:20:00+03:00,18112.5,18141.0,18111.0,18124.5,816
MOEX:PLZL,2020-08-18T12:21:00+03:00,18122.0,18132.0,18121.0,18121.5,325
MOEX:PLZL,2020-08-18T12:22:00+03:00,18129.0,18131.0,18121.5,18129.0,182
MOEX:PLZL,2020-08-18T12:23:00+03:00,18124.5,18138.0,18124.5,18135.0,162
MOEX:PLZL,2020-08-18T12:24:00+03:00,18135.0,18135.0,18100.5,18103.0,2201
MOEX:PLZL,2020-08-18T12:25:00+03:00,18103.0,18103.0,18031.0,18039.5,3941
MOEX:PLZL,2020-08-18T12:26:00+03:00,18031.0,18058.0,18031.0,18041.0,818
MOEX:PLZL,2020-08-18T12:27:00+03:00,18050.0,18054.0,18015.5,18040.5,1008
MOEX:PLZL,2020-08-18T12:28:00+03:00,18042.0,18053.0,18034.0,18045.0,243
MOEX:PLZL,2020-08-18T12:29:00+03:00,18045.0,18046.0,18011.0,18011.0,677
MOEX:PLZL,2020-08-18T12:30:00+03:00,18012.0,18020.0,17944.0,17946.0,3238
MOEX:PLZL,2020-08-18T12:31:00+03:00,17948.0,17972.0,17926.0,17935.0,1232
MOEX:PLZL,2020-08-18T12:32:00+03:00,17929.0,17941.0,17904.0,17920.0,2563
MOEX:PLZL,2020-08-18T12:33:00+03:00,17920.0,18008.0,17913.0,17992.0,1782
MOEX:PLZL,2020-08-18T12:34:00+03:00,17991.0,18009.0,17970.0,17975.0,530
MOEX:PLZL,2020-08-18T12:35:00+03:00,17974.5,18020.5,17962.0,18000.0,583
MOEX:PLZL,2020-08-18T12:36:00+03:00,18000.0,18046.5,18000.0,18019.0,646
MOEX:PLZL,2020-08-18T12:37:00+03:00,18019.0,18038.0,18008.0,18021.5,328
MOEX:PLZL,2020-08-18T12:38:00+03:00,18035.0,18035.5,18017.0,18032.0,578
MOEX:PLZL,2020-08-18T12:39:00+03:00,18030.5,18031.0,18018.5,18029.0,120
MOEX:PLZL,2020-08-18T12:40:00+03:00,18029.0,18047.0,18027.5,18041.5,408
MOEX:PLZL,2020-08-18T12:41:00+03:00,18040.0,18040.0,18011.0,18011.0,302
MOEX:PLZL,2020-08-18T12:42:00+03:00,18024.5,18024.5,18003.0,18003.0,111
MOEX:PLZL,2020-08-18T12:43:00+03:00,18003.5,18022.0,18001.0,18022.0,280
MOEX:PLZL,2020-08-18T12:44:00+03:00,18024.0,18024.0,18013.0,18019.5,73
MOEX:PLZL,2020-08-18T12:45:00+03:00,18022.5,18022.5,18010.0,18012.0,217
MOEX:PLZL,2020-08-18T12:46:00+03:00,18011.0,18013.0,18001.0,18001.0,93
MOEX:PLZL,2020-08-18T12:47:00+03:00,18000.5,18009.0,17955.0,17955.0,896
MOEX:PLZL,2020-08-18T12:48:00+03:00,17961.0,17985.5,17950.0,17980.0,578
MOEX:PLZL,2020-08-18T12:49:00+03:00,17975.0,18005.0,17952.5,18004.5,317
MOEX:PLZL,2020-08-18T12:50:00+03:00,18004.5,18005.0,17969.0,17976.0,229
MOEX:PLZL,2020-08-18T12:51:00+03:00,17994.5,18020.0,17980.0,18020.0,242
MOEX:PLZL,2020-08-18T12:52:00+03:00,18021.0,18038.0,18014.0,18028.5,302
MOEX:PLZL,2020-08-18T12:53:00+03:00,18035.0,18035.5,18018.5,18033.0,230
MOEX:PLZL,2020-08-18T12:54:00+03:00,18033.5,18033.5,18018.5,18022.5,54
MOEX:PLZL,2020-08-18T12:55:00+03:00,18022.5,18028.0,18003.0,18012.5,104
MOEX:PLZL,2020-08-18T12:56:00+03:00,18005.0,18020.5,18000.5,18020.5,156
MOEX:PLZL,2020-08-18T12:57:00+03:00,18018.5,18018.5,18005.0,18016.5,110
MOEX:PLZL,2020-08-18T12:58:00+03:00,18015.0,18028.0,18005.0,18027.5,177
MOEX:PLZL,2020-08-18T12:59:00+03:00,18028.0,18040.0,18024.0,18030.0,242
MOEX:PLZL,2020-08-18T13:00:00+03:00,18028.0,18079.5,18024.5,18076.5,667
MOEX:PLZL,2020-08-18T13:01:00+03:00,18076.5,18076.5,18055.5,18070.0,89
MOEX:PLZL,2020-08-18T13:02:00+03:00,18068.0,18068.0,18041.0,18042.0,205
MOEX:PLZL,2020-08-18T13:03:00+03:00,18049.0,18051.5,18040.0,18045.5,252
MOEX:PLZL,2020-08-18T13:04:00+03:00,18048.0,18052.0,18045.5,18048.0,86
MOEX:PLZL,2020-08-18T13:05:00+03:00,18052.0,18072.0,18051.0,18072.0,229
MOEX:PLZL,2020-08-18T13:06:00+03:00,18072.0,18096.0,18070.0,18075.5,529
MOEX:PLZL,2020-08-18T13:07:00+03:00,18075.0,18108.5,18075.0,18108.5,570
MOEX:PLZL,2020-08-18T13:08:00+03:00,18100.0,18118.5,18100.0,18118.5,148
MOEX:PLZL,2020-08-18T13:09:00+03:00,18118.0,18162.0,18118.0,18162.0,1762
MOEX:PLZL,2020-08-18T13:10:00+03:00,18162.0,18163.0,18123.0,18129.5,1183
MOEX:PLZL,2020-08-18T13:11:00+03:00,18123.0,18136.0,18114.0,18126.0,395
MOEX:PLZL,2020-08-18T13:12:00+03:00,18128.5,18164.0,18120.0,18164.0,521
MOEX:PLZL,2020-08-18T13:13:00+03:00,18164.0,18165.0,18136.5,18146.0,445
MOEX:PLZL,2020-08-18T13:14:00+03:00,18145.0,18160.0,18125.5,18160.0,438
MOEX:PLZL,2020-08-18T13:15:00+03:00,18150.0,18150.0,18103.0,18126.0,600
MOEX:PLZL,2020-08-18T13:16:00+03:00,18139.5,18159.0,18139.5,18157.5,677
MOEX:PLZL,2020-08-18T13:17:00+03:00,18156.5,18157.0,18146.5,18147.5,85
MOEX:PLZL,2020-08-18T13:18:00+03:00,18147.5,18157.0,18147.5,18157.0,237
MOEX:PLZL,2020-08-18T13:19:00+03:00,18155.5,18156.0,18149.0,18155.5,98
MOEX:PLZL,2020-08-18T13:20:00+03:00,18155.5,18213.0,18155.0,18199.0,1906
MOEX:PLZL,2020-08-18T13:21:00+03:00,18192.5,18206.5,18156.0,18206.5,572
MOEX:PLZL,2020-08-18T13:22:00+03:00,18195.0,18205.5,18176.0,18179.0,439
MOEX:PLZL,2020-08-18T13:23:00+03:00,18179.0,18205.0,18179.0,18200.0,232
MOEX:PLZL,2020-08-18T13:24:00+03:00,18193.5,18199.0,18180.0,18180.0,135
MOEX:PLZL,2020-08-18T13:25:00+03:00,18180.0,18186.0,18166.0,18181.0,917
MOEX:PLZL,2020-08-18T13:26:00+03:00,18181.0,18181.0,18166.5,18172.5,43
MOEX:PLZL,2020-08-18T13:27:00+03:00,18163.5,18181.0,18161.5,18179.0,375
MOEX:PLZL,2020-08-18T13:28:00+03:00,18179.0,18193.0,18174.5,18189.5,179
MOEX:PLZL,2020-08-18T13:29:00+03:00,18189.5,18196.0,18189.5,18196.0,177
MOEX:PLZL,2020-08-18T13:30:00+03:00,18196.0,18202.0,18195.0,18202.0,124
MOEX:PLZL,2020-08-18T13:31:00+03:00,18196.5,18199.5,18184.0,18193.0,200
MOEX:PLZL,2020-08-18T13:32:00+03:00,18188.5,18191.0,18177.5,18189.5,80
MOEX:PLZL,2020-08-18T13:33:00+03:00,18190.0,18190.0,18184.0,18186.0,421
MOEX:PLZL,2020-08-18T13:34:00+03:00,18184.5,18213.0,18184.5,18204.5,382
MOEX:PLZL,2020-08-18T13:35:00+03:00,18212.0,18230.0,18205.0,18225.0,342
MOEX:PLZL,2020-08-18T13:36:00+03:00,18230.0,18245.5,18225.0,18244.0,309
MOEX:PLZL,2020-08-18T13:37:00+03:00,18231.0,18243.0,18209.0,18220.0,282
MOEX:PLZL,2020-08-18T13:38:00+03:00,18222.5,18225.0,18204.0,18204.0,139
MOEX:PLZL,2020-08-18T13:39:00+03:00,18213.0,18227.5,18213.0,18225.0,387
MOEX:PLZL,2020-08-18T13:40:00+03:00,18221.5,18236.0,18221.5,18235.5,101
MOEX:PLZL,2020-08-18T13:41:00+03:00,18235.0,18235.0,18226.5,18235.0,22
MOEX:PLZL,2020-08-18T13:42:00+03:00,18234.0,18234.0,18220.5,18225.0,315
MOEX:PLZL,2020-08-18T13:43:00+03:00,18227.5,18233.0,18226.5,18227.5,88
MOEX:PLZL,2020-08-18T13:44:00+03:00,18228.5,18228.5,18206.5,18210.0,576
MOEX:PLZL,2020-08-18T13:45:00+03:00,18214.0,18222.5,18184.0,18221.5,819
MOEX:PLZL,2020-08-18T13:46:00+03:00,18225.0,18225.0,18209.5,18218.0,235
MOEX:PLZL,2020-08-18T13:47:00+03:00,18216.5,18216.5,18201.0,18201.0,50
MOEX:PLZL,2020-08-18T13:48:00+03:00,18200.5,18208.0,18200.5,18207.0,95
MOEX:PLZL,2020-08-18T13:49:00+03:00,18209.0,18209.0,18206.5,18208.0,54
MOEX:PLZL,2020-08-18T13:50:00+03:00,18208.0,18209.0,18206.0,18207.0,101
MOEX:PLZL,2020-08-18T13:51:00+03:00,18206.0,18206.0,18199.5,18200.0,122
MOEX:PLZL,2020-08-18T13:52:00+03:00,18202.0,18202.0,18198.5,18198.5,84
MOEX:PLZL,2020-08-18T13:53:00+03:00,18200.0,18210.5,18199.5,18210.5,127
MOEX:PLZL,2020-08-18T13:54:00+03:00,18202.0,18210.5,18202.0,18210.0,23
MOEX:PLZL,2020-08-18T13:55:00+03:00,18202.0,18208.0,18202.0,18206.0,17
MOEX:PLZL,2020-08-18T13:56:00+03:00,18206.0,18206.0,18197.0,18199.5,157
MOEX:PLZL,2020-08-18T13:57:00+03:00,18199.5,18225.0,18190.0,18225.0,413
MOEX:PLZL,2020-08-18T13:58:00+03:00,18225.0,18232.0,18224.5,18231.0,261
MOEX:PLZL,2020-08-18T13:59:00+03:00,18225.0,18225.0,18221.0,18222.0,69
MOEX:PLZL,2020-08-18T14:00:00+03:00,18211.5,18219.5,18211.5,18219.0,109
MOEX:PLZL,2020-08-18T14:01:00+03:00,18220.0,18222.0,18219.0,18219.5,68
MOEX:PLZL,2020-08-18T14:02:00+03:00,18220.0,18228.0,18219.0,18227.5,72
MOEX:PLZL,2020-08-18T14:03:00+03:00,18227.0,18227.0,18209.0,18209.0,15
MOEX:PLZL,2020-08-18T14:04:00+03:00,18207.0,18215.0,18190.5,18191.0,134
MOEX:PLZL,2020-08-18T14:05:00+03:00,18191.0,18228.0,18184.0,18187.0,994
MOEX:PLZL,2020-08-18T14:06:00+03:00,18190.0,18215.5,18190.0,18200.5,346
MOEX:PLZL,2020-08-18T14:07:00+03:00,18209.5,18210.5,18198.0,18199.0,70
MOEX:PLZL,2020-08-18T14:08:00+03:00,18199.0,18200.0,18199.0,18199.0,73
MOEX:PLZL,2020-08-18T14:09:00+03:00,18199.0,18200.0,18198.5,18198.5,20
MOEX:PLZL,2020-08-18T14:10:00+03:00,18199.0,18217.0,18199.0,18217.0,402
MOEX:PLZL,2020-08-18T14:11:00+03:00,18217.5,18225.5,18210.5,18210.5,253
MOEX:PLZL,2020-08-18T14:12:00+03:00,18200.0,18200.0,18198.0,18200.0,35
MOEX:PLZL,2020-08-18T14:13:00+03:00,18199.0,18208.5,18193.0,18206.5,431
MOEX:PLZL,2020-08-18T14:14:00+03:00,18205.0,18205.0,18201.5,18203.0,38
MOEX:PLZL,2020-08-18T14:15:00+03:00,18203.0,18220.0,18203.0,18214.0,651
MOEX:PLZL,2020-08-18T14:16:00+03:00,18215.5,18222.0,18215.5,18222.0,134
MOEX:PLZL,2020-08-18T14:17:00+03:00,18223.0,18223.0,18223.0,18223.0,20
MOEX:PLZL,2020-08-18T14:18:00+03:00,18225.0,18225.0,18222.0,18222.0,134
MOEX:PLZL,2020-08-18T14:19:00+03:00,18223.0,18223.0,18219.0,18222.0,41
MOEX:PLZL,2020-08-18T14:20:00+03:00,18219.0,18220.0,18216.5,18216.5,63
MOEX:PLZL,2020-08-18T14:21:00+03:00,18217.0,18217.0,18208.0,18208.0,63
MOEX:PLZL,2020-08-18T14:22:00+03:00,18208.0,18208.0,18202.0,18206.5,165
MOEX:PLZL,2020-08-18T14:23:00+03:00,18202.0,18202.0,18193.0,18193.0,163
MOEX:PLZL,2020-08-18T14:24:00+03:00,18193.0,18214.5,18190.0,18211.0,276
MOEX:PLZL,2020-08-18T14:25:00+03:00,18211.0,18213.0,18197.5,18198.0,76
MOEX:PLZL,2020-08-18T14:26:00+03:00,18198.0,18201.0,18193.0,18201.0,34
MOEX:PLZL,2020-08-18T14:27:00+03:00,18194.0,18198.0,18194.0,18198.0,64
MOEX:PLZL,2020-08-18T14:28:00+03:00,18196.0,18200.0,18193.0,18193.0,245
MOEX:PLZL,2020-08-18T14:29:00+03:00,18193.0,18223.0,18184.0,18201.5,1984
MOEX:PLZL,2020-08-18T14:30:00+03:00,18202.0,18210.5,18202.0,18208.0,63
MOEX:PLZL,2020-08-18T14:31:00+03:00,18202.0,18207.5,18198.0,18198.0,32
MOEX:PLZL,2020-08-18T14:32:00+03:00,18195.5,18223.0,18195.5,18211.0,547
MOEX:PLZL,2020-08-18T14:33:00+03:00,18211.0,18211.0,18211.0,18211.0,27
MOEX:PLZL,2020-08-18T14:34:00+03:00,18211.0,18213.5,18211.0,18213.5,44
MOEX:PLZL,2020-08-18T14:35:00+03:00,18205.5,18205.5,18200.0,18200.0,19
MOEX:PLZL,2020-08-18T14:36:00+03:00,18198.0,18219.0,18197.0,18217.5,442
MOEX:PLZL,2020-08-18T14:37:00+03:00,18217.5,18217.5,18201.0,18217.0,111
MOEX:PLZL,2020-08-18T14:38:00+03:00,18212.0,18217.0,18209.5,18217.0,59
MOEX:PLZL,2020-08-18T14:39:00+03:00,18217.0,18217.0,18216.5,18216.5,15
MOEX:PLZL,2020-08-18T14:40:00+03:00,18216.5,18270.0,18215.0,18268.0,4254
MOEX:PLZL,2020-08-18T14:41:00+03:00,18256.0,18269.5,18252.0,18252.0,282
MOEX:PLZL,2020-08-18T14:42:00+03:00,18255.0,18262.5,18235.5,18235.5,739
MOEX:PLZL,2020-08-18T14:43:00+03:00,18236.5,18259.0,18236.5,18259.0,127
MOEX:PLZL,2020-08-18T14:44:00+03:00,18248.5,18259.0,18248.5,18259.0,66
MOEX:PLZL,2020-08-18T14:45:00+03:00,18259.0,18299.5,18259.0,18299.0,886
MOEX:PLZL,2020-08-18T14:46:00+03:00,18283.5,18297.0,18268.0,18270.0,243
MOEX:PLZL,2020-08-18T14:47:00+03:00,18285.0,18285.0,18258.0,18259.0,249
MOEX:PLZL,2020-08-18T14:48:00+03:00,18261.0,18269.0,18261.0,18269.0,57
MOEX:PLZL,2020-08-18T14:49:00+03:00,18269.0,18269.0,18251.5,18263.0,426
MOEX:PLZL,2020-08-18T14:50:00+03:00,18263.0,18278.0,18263.0,18265.0,319
MOEX:PLZL,2020-08-18T14:51:00+03:00,18265.0,18275.0,18264.0,18275.0,313
MOEX:PLZL,2020-08-18T14:52:00+03:00,18273.0,18273.5,18268.0,18273.5,6
MOEX:PLZL,2020-08-18T14:53:00+03:00,18273.0,18285.0,18268.0,18285.0,533
MOEX:PLZL,2020-08-18T14:54:00+03:00,18285.0,18286.0,18280.5,18285.5,26
MOEX:PLZL,2020-08-18T14:55:00+03:00,18284.0,18358.5,18275.0,18350.0,2754
MOEX:PLZL,2020-08-18T14:56:00+03:00,18349.0,18358.5,18322.5,18349.0,687
MOEX:PLZL,2020-08-18T14:57:00+03:00,18350.0,18357.0,18320.0,18331.5,523
MOEX:PLZL,2020-08-18T14:58:00+03:00,18331.5,18334.5,18318.0,18334.5,187
MOEX:PLZL,2020-08-18T14:59:00+03:00,18329.0,18337.0,18320.5,18324.0,257
MOEX:PLZL,2020-08-18T15:00:00+03:00,18332.5,18334.0,18300.5,18301.5,87
MOEX:PLZL,2020-08-18T15:01:00+03:00,18302.5,18303.0,18274.5,18285.0,201
MOEX:PLZL,2020-08-18T15:02:00+03:00,18292.5,18292.5,18274.5,18288.5,108
MOEX:PLZL,2020-08-18T15:03:00+03:00,18280.0,18288.0,18280.0,18280.5,10
MOEX:PLZL,2020-08-18T15:04:00+03:00,18280.5,18283.5,18266.5,18270.0,217
MOEX:PLZL,2020-08-18T15:05:00+03:00,18266.5,18275.0,18260.0,18261.0,122
MOEX:PLZL,2020-08-18T15:06:00+03:00,18260.0,18261.0,18234.5,18235.5,383
MOEX:PLZL,2020-08-18T15:07:00+03:00,18236.0,18246.0,18212.0,18239.0,274
MOEX:PLZL,2020-08-18T15:08:00+03:00,18245.0,18247.5,18234.5,18240.0,209
MOEX:PLZL,2020-08-18T15:09:00+03:00,18240.0,18242.5,18226.0,18235.0,95
MOEX:PLZL,2020-08-18T15:10:00+03:00,18226.0,18233.0,18220.5,18233.0,59
MOEX:PLZL,2020-08-18T15:11:00+03:00,18233.0,18233.0,18212.5,18212.5,130
MOEX:PLZL,2020-08-18T15:12:00+03:00,18212.5,18233.0,18212.0,18221.5,123
MOEX:PLZL,2020-08-18T15:13:00+03:00,18233.0,18245.5,18233.0,18236.5,166
MOEX:PLZL,2020-08-18T15:14:00+03:00,18245.5,18254.5,18236.0,18250.5,363
MOEX:PLZL,2020-08-18T15:15:00+03:00,18250.0,18250.0,18239.5,18247.0,176
MOEX:PLZL,2020-08-18T15:16:00+03:00,18250.0,18250.5,18240.5,18248.0,41
MOEX:PLZL,2020-08-18T15:18:00+03:00,18246.0,18280.0,18246.0,18280.0,483
MOEX:PLZL,2020-08-18T15:19:00+03:00,18275.0,18292.0,18256.0,18288.5,407
MOEX:PLZL,2020-08-18T15:20:00+03:00,18284.0,18284.0,18258.0,18268.0,247
MOEX:PLZL,2020-08-18T15:21:00+03:00,18261.0,18262.5,18258.0,18262.5,77
MOEX:PLZL,2020-08-18T15:22:00+03:00,18258.5,18265.5,18254.5,18254.5,138
MOEX:PLZL,2020-08-18T15:23:00+03:00,18263.5,18264.0,18240.0,18251.0,84
MOEX:PLZL,2020-08-18T15:24:00+03:00,18250.0,18257.0,18249.5,18257.0,113
MOEX:PLZL,2020-08-18T15:25:00+03:00,18256.0,18257.0,18251.5,18251.5,110
MOEX:PLZL,2020-08-18T15:26:00+03:00,18252.5,18253.0,18240.0,18253.0,113
MOEX:PLZL,2020-08-18T15:27:00+03:00,18244.0,18249.5,18233.0,18242.0,313
MOEX:PLZL,2020-08-18T15:28:00+03:00,18232.0,18250.0,18232.0,18237.5,95
MOEX:PLZL,2020-08-18T15:29:00+03:00,18240.0,18256.5,18236.0,18256.5,287
MOEX:PLZL,2020-08-18T15:30:00+03:00,18256.0,18263.0,18240.5,18249.0,489
MOEX:PLZL,2020-08-18T15:31:00+03:00,18249.0,18250.0,18240.0,18246.0,115
MOEX:PLZL,2020-08-18T15:32:00+03:00,18244.5,18244.5,18210.0,18212.0,1108
MOEX:PLZL,2020-08-18T15:33:00+03:00,18210.0,18227.5,18200.5,18211.0,196
MOEX:PLZL,2020-08-18T15:34:00+03:00,18214.0,18214.0,18184.0,18194.0,531
MOEX:PLZL,2020-08-18T15:35:00+03:00,18207.5,18211.0,18184.0,18184.5,122
MOEX:PLZL,2020-08-18T15:36:00+03:00,18185.5,18204.0,18180.0,18180.0,1044
MOEX:PLZL,2020-08-18T15:37:00+03:00,18184.5,18203.5,18180.0,18200.5,250
MOEX:PLZL,2020-08-18T15:38:00+03:00,18202.0,18214.5,18200.0,18212.0,195
MOEX:PLZL,2020-08-18T15:39:00+03:00,18206.0,18245.0,18206.0,18233.0,232
MOEX:PLZL,2020-08-18T15:40:00+03:00,18242.5,18250.5,18211.0,18213.0,246
MOEX:PLZL,2020-08-18T15:41:00+03:00,18213.5,18234.5,18210.5,18222.5,361
MOEX:PLZL,2020-08-18T15:42:00+03:00,18235.0,18235.0,18230.0,18230.5,120
MOEX:PLZL,2020-08-18T15:43:00+03:00,18230.5,18230.5,18200.5,18200.5,491
MOEX:PLZL,2020-08-18T15:44:00+03:00,18208.0,18211.0,18204.0,18211.0,50
MOEX:PLZL,2020-08-18T15:45:00+03:00,18210.0,18229.0,18210.0,18226.5,222
MOEX:PLZL,2020-08-18T15:46:00+03:00,18226.0,18242.0,18220.5,18242.0,263
MOEX:PLZL,2020-08-18T15:47:00+03:00,18242.0,18245.0,18226.0,18231.5,366
MOEX:PLZL,2020-08-18T15:48:00+03:00,18231.5,18231.5,18230.0,18230.0,167
MOEX:PLZL,2020-08-18T15:49:00+03:00,18226.0,18226.0,18215.0,18220.0,541
MOEX:PLZL,2020-08-18T15:50:00+03:00,18212.0,18218.0,18202.0,18212.5,315
MOEX:PLZL,2020-08-18T15:51:00+03:00,18214.0,18215.0,18211.5,18215.0,51
MOEX:PLZL,2020-08-18T15:52:00+03:00,18214.0,18223.0,18212.0,18212.0,192
MOEX:PLZL,2020-08-18T15:53:00+03:00,18211.5,18213.0,18200.5,18206.0,60
MOEX:PLZL,2020-08-18T15:54:00+03:00,18205.5,18210.0,18180.0,18180.0,1477
MOEX:PLZL,2020-08-18T15:55:00+03:00,18187.5,18200.0,18187.5,18199.0,182
MOEX:PLZL,2020-08-18T15:56:00+03:00,18208.5,18208.5,18196.5,18208.5,67
MOEX:PLZL,2020-08-18T15:57:00+03:00,18210.0,18215.0,18200.0,18200.0,111
MOEX:PLZL,2020-08-18T15:58:00+03:00,18200.0,18204.5,18197.5,18204.0,129
MOEX:PLZL,2020-08-18T15:59:00+03:00,18204.0,18204.0,18175.5,18175.5,1094
MOEX:PLZL,2020-08-18T16:00:00+03:00,18175.0,18200.5,18170.0,18184.0,189
MOEX:PLZL,2020-08-18T16:01:00+03:00,18185.5,18207.0,18185.5,18202.0,112
MOEX:PLZL,2020-08-18T16:02:00+03:00,18202.0,18211.0,18190.5,18200.0,109
MOEX:PLZL,2020-08-18T16:03:00+03:00,18200.0,18200.0,18180.0,18191.0,117
MOEX:PLZL,2020-08-18T16:04:00+03:00,18195.0,18200.5,18190.0,18198.0,139
MOEX:PLZL,2020-08-18T16:05:00+03:00,18193.0,18197.0,18191.0,18196.0,87
MOEX:PLZL,2020-08-18T16:06:00+03:00,18191.0,18192.0,18185.0,18191.0,100
MOEX:PLZL,2020-08-18T16:07:00+03:00,18185.0,18192.0,18180.0,18180.5,83
MOEX:PLZL,2020-08-18T16:08:00+03:00,18189.0,18189.0,18175.0,18175.0,137
MOEX:PLZL,2020-08-18T16:09:00+03:00,18173.0,18178.0,18153.5,18159.0,766
MOEX:PLZL,2020-08-18T16:10:00+03:00,18159.0,18163.0,18150.5,18163.0,343
MOEX:PLZL,2020-08-18T16:11:00+03:00,18158.0,18165.0,18123.0,18123.5,458
MOEX:PLZL,2020-08-18T16:12:00+03:00,18131.5,18132.0,18085.5,18087.0,861
MOEX:PLZL,2020-08-18T16:13:00+03:00,18089.5,18100.0,18055.0,18075.5,1235
MOEX:PLZL,2020-08-18T16:14:00+03:00,18092.0,18139.5,18078.0,18139.5,569
MOEX:PLZL,2020-08-18T16:15:00+03:00,18139.0,18139.0,18120.0,18139.0,330
MOEX:PLZL,2020-08-18T16:16:00+03:00,18139.5,18187.0,18139.0,18186.5,681
MOEX:PLZL,2020-08-18T16:17:00+03:00,18172.5,18215.0,18172.5,18199.0,1148
MOEX:PLZL,2020-08-18T16:18:00+03:00,18199.0,18200.0,18190.0,18190.5,271
MOEX:PLZL,2020-08-18T16:19:00+03:00,18190.5,18190.5,18173.5,18173.5,117
MOEX:PLZL,2020-08-18T16:20:00+03:00,18179.5,18185.0,18173.0,18183.5,108
MOEX:PLZL,2020-08-18T16:21:00+03:00,18182.0,18223.5,18172.0,18223.5,427
MOEX:PLZL,2020-08-18T16:22:00+03:00,18223.5,18225.0,18190.5,18212.0,659
MOEX:PLZL,2020-08-18T16:23:00+03:00,18212.0,18235.0,18212.0,18232.5,593
MOEX:PLZL,2020-08-18T16:24:00+03:00,18230.5,18242.5,18200.0,18212.5,584
MOEX:PLZL,2020-08-18T16:25:00+03:00,18208.0,18228.5,18208.0,18226.5,158
MOEX:PLZL,2020-08-18T16:26:00+03:00,18229.0,18270.0,18229.0,18265.0,494
MOEX:PLZL,2020-08-18T16:27:00+03:00,18262.0,18262.0,18237.5,18248.5,69
MOEX:PLZL,2020-08-18T16:28:00+03:00,18236.5,18246.0,18235.0,18245.5,162
MOEX:PLZL,2020-08-18T16:29:00+03:00,18245.0,18262.0,18245.0,18251.0,416
MOEX:PLZL,2020-08-18T16:30:00+03:00,18251.0,18255.0,18247.0,18255.0,182
MOEX:PLZL,2020-08-18T16:31:00+03:00,18254.0,18300.0,18254.0,18289.0,792
MOEX:PLZL,2020-08-18T16:32:00+03:00,18299.0,18299.0,18269.0,18288.0,209
MOEX:PLZL,2020-08-18T16:33:00+03:00,18280.0,18285.0,18260.5,18271.0,214
MOEX:PLZL,2020-08-18T16:34:00+03:00,18261.5,18265.0,18255.0,18256.0,110
MOEX:PLZL,2020-08-18T16:35:00+03:00,18255.0,18268.0,18210.0,18268.0,601
MOEX:PLZL,2020-08-18T16:36:00+03:00,18250.5,18265.0,18250.5,18256.5,91
MOEX:PLZL,2020-08-18T16:37:00+03:00,18256.5,18283.5,18256.5,18283.5,433
MOEX:PLZL,2020-08-18T16:38:00+03:00,18271.5,18288.0,18271.5,18287.0,203
MOEX:PLZL,2020-08-18T16:39:00+03:00,18277.5,18281.5,18263.0,18273.5,110
MOEX:PLZL,2020-08-18T16:40:00+03:00,18265.5,18270.0,18252.0,18252.0,117
MOEX:PLZL,2020-08-18T16:41:00+03:00,18252.0,18254.5,18249.0,18249.0,160
MOEX:PLZL,2020-08-18T16:42:00+03:00,18249.0,18250.0,18224.0,18235.0,75
MOEX:PLZL,2020-08-18T16:43:00+03:00,18235.0,18235.0,18218.0,18218.0,130
MOEX:PLZL,2020-08-18T16:44:00+03:00,18226.0,18226.5,18205.5,18205.5,165
MOEX:PLZL,2020-08-18T16:45:00+03:00,18205.5,18214.0,18202.0,18214.0,274
MOEX:PLZL,2020-08-18T16:46:00+03:00,18205.5,18224.5,18205.5,18214.5,116
MOEX:PLZL,2020-08-18T16:47:00+03:00,18215.0,18240.5,18215.0,18240.5,112
MOEX:PLZL,2020-08-18T16:48:00+03:00,18242.0,18250.0,18239.5,18246.0,697
MOEX:PLZL,2020-08-18T16:49:00+03:00,18244.0,18244.0,18230.0,18231.5,145
MOEX:PLZL,2020-08-18T16:50:00+03:00,18239.5,18239.5,18228.0,18228.0,79
MOEX:PLZL,2020-08-18T16:51:00+03:00,18228.5,18228.5,18207.5,18208.5,169
MOEX:PLZL,2020-08-18T16:52:00+03:00,18210.0,18214.5,18204.0,18214.5,102
MOEX:PLZL,2020-08-18T16:53:00+03:00,18214.5,18228.0,18214.5,18228.0,44
MOEX:PLZL,2020-08-18T16:54:00+03:00,18218.0,18218.0,18204.0,18216.0,168
MOEX:PLZL,2020-08-18T16:55:00+03:00,18216.0,18225.0,18216.0,18216.0,158
MOEX:PLZL,2020-08-18T16:56:00+03:00,18216.0,18216.0,18200.5,18200.5,174
MOEX:PLZL,2020-08-18T16:57:00+03:00,18200.0,18200.0,18170.0,18181.0,409
MOEX:PLZL,2020-08-18T16:58:00+03:00,18182.0,18198.0,18165.0,18168.5,339
MOEX:PLZL,2020-08-18T16:59:00+03:00,18168.5,18169.5,18150.0,18153.0,285
MOEX:PLZL,2020-08-18T17:00:00+03:00,18152.0,18172.0,18150.5,18170.5,501
MOEX:PLZL,2020-08-18T17:01:00+03:00,18170.5,18205.0,18170.5,18195.0,465
MOEX:PLZL,2020-08-18T17:02:00+03:00,18186.0,18192.5,18179.5,18185.0,60
MOEX:PLZL,2020-08-18T17:03:00+03:00,18186.0,18196.0,18186.0,18189.0,81
MOEX:PLZL,2020-08-18T17:04:00+03:00,18192.0,18196.0,18177.5,18182.0,120
MOEX:PLZL,2020-08-18T17:05:00+03:00,18181.0,18188.0,18170.0,18170.0,119
MOEX:PLZL,2020-08-18T17:06:00+03:00,18170.0,18170.0,18125.5,18126.5,590
MOEX:PLZL,2020-08-18T17:07:00+03:00,18126.5,18126.5,18078.0,18078.5,1383
MOEX:PLZL,2020-08-18T17:08:00+03:00,18078.5,18133.0,18069.5,18099.5,881
MOEX:PLZL,2020-08-18T17:09:00+03:00,18097.0,18097.0,18037.0,18040.0,1296
MOEX:PLZL,2020-08-18T17:10:00+03:00,18037.0,18080.5,18028.5,18061.5,1026
MOEX:PLZL,2020-08-18T17:11:00+03:00,18074.0,18074.0,18041.5,18050.0,386
MOEX:PLZL,2020-08-18T17:12:00+03:00,18052.5,18053.0,18000.0,18009.0,862
MOEX:PLZL,2020-08-18T17:13:00+03:00,18014.5,18052.0,18000.0,18035.5,925
MOEX:PLZL,2020-08-18T17:14:00+03:00,18019.5,18061.0,18007.5,18061.0,919
MOEX:PLZL,2020-08-18T17:15:00+03:00,18073.0,18101.0,18072.0,18098.5,491
MOEX:PLZL,2020-08-18T17:16:00+03:00,18098.0,18101.5,18087.0,18099.5,208
MOEX:PLZL,2020-08-18T17:17:00+03:00,18089.5,18098.5,18060.0,18060.0,198
MOEX:PLZL,2020-08-18T17:18:00+03:00,18069.0,18069.5,18060.5,18062.0,127
MOEX:PLZL,2020-08-18T17:19:00+03:00,18064.5,18064.5,18000.0,18000.0,1083
MOEX:PLZL,2020-08-18T17:20:00+03:00,18000.0,18013.5,17959.5,17983.0,1405
MOEX:PLZL,2020-08-18T17:21:00+03:00,17979.0,18026.5,17978.0,18022.5,718
MOEX:PLZL,2020-08-18T17:22:00+03:00,18011.0,18045.5,18010.0,18045.5,499
MOEX:PLZL,2020-08-18T17:23:00+03:00,18045.5,18045.5,17990.0,17998.5,878
MOEX:PLZL,2020-08-18T17:24:00+03:00,17998.5,17998.5,17957.0,17966.0,364
MOEX:PLZL,2020-08-18T17:25:00+03:00,17964.0,18026.5,17964.0,17983.5,1522
MOEX:PLZL,2020-08-18T17:26:00+03:00,17986.5,17998.0,17970.0,17996.5,754
MOEX:PLZL,2020-08-18T17:27:00+03:00,17988.5,17990.5,17960.0,17960.0,583
MOEX:PLZL,2020-08-18T17:28:00+03:00,17960.0,17968.5,17890.0,17890.0,2897
MOEX:PLZL,2020-08-18T17:29:00+03:00,17890.0,17931.0,17887.0,17900.0,1502
MOEX:PLZL,2020-08-18T17:30:00+03:00,17899.0,17900.0,17887.0,17900.0,569
MOEX:PLZL,2020-08-18T17:31:00+03:00,17892.5,17899.0,17887.0,17888.0,944
MOEX:PLZL,2020-08-18T17:32:00+03:00,17893.0,17941.5,17887.0,17907.0,1811
MOEX:PLZL,2020-08-18T17:33:00+03:00,17906.5,17970.0,17901.0,17970.0,1607
MOEX:PLZL,2020-08-18T17:34:00+03:00,17964.5,18047.5,17964.5,18010.0,1176
MOEX:PLZL,2020-08-18T17:35:00+03:00,18015.5,18029.5,17978.5,18027.5,1427
MOEX:PLZL,2020-08-18T17:36:00+03:00,18030.0,18074.0,18029.0,18040.0,576
MOEX:PLZL,2020-08-18T17:37:00+03:00,18035.5,18043.0,18000.5,18022.0,464
MOEX:PLZL,2020-08-18T17:38:00+03:00,18020.5,18045.0,18019.5,18019.5,538
MOEX:PLZL,2020-08-18T17:39:00+03:00,18020.5,18029.0,17999.0,18014.0,334
MOEX:PLZL,2020-08-18T17:40:00+03:00,18015.0,18029.0,18013.0,18021.5,390
MOEX:PLZL,2020-08-18T17:41:00+03:00,18025.0,18089.0,18020.0,18089.0,589
MOEX:PLZL,2020-08-18T17:42:00+03:00,18086.0,18093.5,18062.0,18070.0,469
MOEX:PLZL,2020-08-18T17:43:00+03:00,18070.0,18076.5,18055.0,18075.0,370
MOEX:PLZL,2020-08-18T17:44:00+03:00,18068.0,18075.0,18055.0,18057.0,158
MOEX:PLZL,2020-08-18T17:45:00+03:00,18067.5,18099.5,18055.5,18099.5,304
MOEX:PLZL,2020-08-18T17:46:00+03:00,18099.0,18099.5,18086.5,18098.0,273
MOEX:PLZL,2020-08-18T17:47:00+03:00,18098.0,18119.0,18087.0,18119.0,541
MOEX:PLZL,2020-08-18T17:48:00+03:00,18106.0,18106.0,18091.5,18103.0,220
MOEX:PLZL,2020-08-18T17:49:00+03:00,18103.5,18103.5,18089.0,18089.0,242
MOEX:PLZL,2020-08-18T17:50:00+03:00,18094.0,18097.5,18093.0,18097.5,100
MOEX:PLZL,2020-08-18T17:51:00+03:00,18095.5,18095.5,18081.5,18090.5,316
MOEX:PLZL,2020-08-18T17:52:00+03:00,18092.0,18100.0,18090.5,18099.5,264
MOEX:PLZL,2020-08-18T17:53:00+03:00,18096.0,18098.5,18050.5,18050.5,791
MOEX:PLZL,2020-08-18T17:54:00+03:00,18050.5,18067.0,18043.5,18067.0,210
MOEX:PLZL,2020-08-18T17:55:00+03:00,18064.0,18080.0,18060.5,18068.0,159
MOEX:PLZL,2020-08-18T17:56:00+03:00,18074.0,18074.0,18050.5,18050.5,772
MOEX:PLZL,2020-08-18T17:57:00+03:00,18051.5,18051.5,17971.5,17976.5,1267
MOEX:PLZL,2020-08-18T17:58:00+03:00,17976.5,18012.5,17970.0,18000.0,433
MOEX:PLZL,2020-08-18T17:59:00+03:00,18011.0,18040.0,18000.0,18012.0,481
MOEX:PLZL,2020-08-18T18:00:00+03:00,18008.0,18015.5,18008.0,18008.0,128
MOEX:PLZL,2020-08-18T18:01:00+03:00,18008.0,18027.5,18005.0,18027.5,165
MOEX:PLZL,2020-08-18T18:02:00+03:00,18018.0,18055.5,18014.5,18055.5,785
MOEX:PLZL,2020-08-18T18:03:00+03:00,18053.5,18053.5,18029.5,18049.0,103
MOEX:PLZL,2020-08-18T18:04:00+03:00,18043.0,18048.0,18032.0,18032.0,167
MOEX:PLZL,2020-08-18T18:05:00+03:00,18029.0,18048.0,18029.0,18048.0,219
MOEX:PLZL,2020-08-18T18:06:00+03:00,18048.0,18054.0,18047.0,18051.0,121
MOEX:PLZL,2020-08-18T18:07:00+03:00,18051.0,18080.0,18049.0,18067.5,469
MOEX:PLZL,2020-08-18T18:08:00+03:00,18067.5,18075.5,18067.0,18067.0,261
MOEX:PLZL,2020-08-18T18:09:00+03:00,18072.0,18076.0,18067.0,18067.0,388
MOEX:PLZL,2020-08-18T18:10:00+03:00,18074.0,18074.0,18061.0,18061.0,130
MOEX:PLZL,2020-08-18T18:11:00+03:00,18071.5,18071.5,18058.0,18066.0,164
MOEX:PLZL,2020-08-18T18:12:00+03:00,18062.0,18068.0,18060.0,18068.0,196
MOEX:PLZL,2020-08-18T18:13:00+03:00,18067.0,18084.0,18064.5,18084.0,258
MOEX:PLZL,2020-08-18T18:14:00+03:00,18080.0,18084.0,18076.0,18079.0,174
MOEX:PLZL,2020-08-18T18:15:00+03:00,18082.0,18089.0,18080.0,18089.0,286
MOEX:PLZL,2020-08-18T18:16:00+03:00,18081.0,18086.0,18080.0,18080.0,632
MOEX:PLZL,2020-08-18T18:17:00+03:00,18080.5,18140.5,18080.0,18140.5,6809
MOEX:PLZL,2020-08-18T18:18:00+03:00,18140.0,18140.0,18121.0,18135.0,101
MOEX:PLZL,2020-08-18T18:19:00+03:00,18123.0,18134.0,18120.0,18120.0,128
MOEX:PLZL,2020-08-18T18:20:00+03:00,18133.0,18133.0,18102.5,18119.5,208
MOEX:PLZL,2020-08-18T18:21:00+03:00,18112.0,18112.0,18082.0,18091.5,528
MOEX:PLZL,2020-08-18T18:22:00+03:00,18091.5,18091.5,18067.0,18078.5,548
MOEX:PLZL,2020-08-18T18:23:00+03:00,18077.5,18090.0,18069.5,18081.0,143
MOEX:PLZL,2020-08-18T18:24:00+03:00,18090.0,18103.0,18089.0,18100.5,189
MOEX:PLZL,2020-08-18T18:25:00+03:00,18100.5,18111.0,18100.5,18105.0,57
MOEX:PLZL,2020-08-18T18:26:00+03:00,18111.0,18132.0,18111.0,18121.5,342
MOEX:PLZL,2020-08-18T18:27:00+03:00,18120.0,18158.5,18100.0,18135.0,1615
MOEX:PLZL,2020-08-18T18:28:00+03:00,18132.0,18133.0,18106.0,18119.0,188
MOEX:PLZL,2020-08-18T18:29:00+03:00,18108.5,18133.0,18108.5,18130.0,300
MOEX:PLZL,2020-08-18T18:30:00+03:00,18118.5,18128.0,18108.0,18128.0,165
MOEX:PLZL,2020-08-18T18:31:00+03:00,18110.5,18110.5,18109.0,18110.0,14
MOEX:PLZL,2020-08-18T18:32:00+03:00,18112.0,18112.0,18101.5,18109.0,227
MOEX:PLZL,2020-08-18T18:33:00+03:00,18108.0,18112.5,18102.0,18108.0,584
MOEX:PLZL,2020-08-18T18:34:00+03:00,18108.0,18108.0,18071.0,18097.0,660
MOEX:PLZL,2020-08-18T18:35:00+03:00,18097.0,18097.0,18000.0,18016.0,2935
MOEX:PLZL,2020-08-18T18:36:00+03:00,18022.5,18030.0,18000.0,18007.5,424
MOEX:PLZL,2020-08-18T18:37:00+03:00,18026.5,18045.0,18007.5,18030.5,320
MOEX:PLZL,2020-08-18T18:38:00+03:00,18043.5,18043.5,18003.0,18023.0,255
MOEX:PLZL,2020-08-18T18:39:00+03:00,18003.0,18042.0,17989.0,18000.0,878
MOEX:PLZL,2020-08-18T18:45:00+03:00,17940.0,17940.0,17940.0,17940.0,9531
MOEX:PLZL,2020-08-18T18:46:00+03:00,17940.0,17940.0,17940.0,17940.0,150
MOEX:PLZL,2020-08-18T18:47:00+03:00,17940.0,17940.0,17940.0,17940.0,30
MOEX:PLZL,2020-08-18T18:48:00+03:00,17940.0,17940.0,17940.0,17940.0,300
MOEX:PLZL,2020-08-18T18:49:00+03:00,17940.0,17940.0,17940.0,17940.0,4
MOEX:PLZL,2020-08-18T19:04:00+03:00,18010.0,18010.0,18010.0,18010.0,54
MOEX:PLZL,2020-08-18T19:05:00+03:00,18010.0,18050.0,18005.0,18048.0,350
MOEX:PLZL,2020-08-18T19:06:00+03:00,18039.0,18047.0,17952.5,18018.5,539
MOEX:PLZL,2020-08-18T19:07:00+03:00,18017.5,18021.5,18002.0,18012.0,33
MOEX:PLZL,2020-08-18T19:08:00+03:00,18021.0,18021.0,18000.0,18021.0,92
MOEX:PLZL,2020-08-18T19:09:00+03:00,18012.0,18031.5,18003.0,18003.0,95
MOEX:PLZL,2020-08-18T19:10:00+03:00,18024.0,18069.5,18024.0,18055.0,306
MOEX:PLZL,2020-08-18T19:11:00+03:00,18043.5,18055.5,18036.0,18052.0,56
MOEX:PLZL,2020-08-18T19:12:00+03:00,18051.5,18053.0,18043.5,18053.0,55
MOEX:PLZL,2020-08-18T19:13:00+03:00,18059.5,18059.5,18045.0,18050.0,74
MOEX:PLZL,2020-08-18T19:14:00+03:00,18045.0,18060.0,18038.5,18060.0,122
MOEX:PLZL,2020-08-18T19:15:00+03:00,18060.0,18060.0,18050.5,18059.0,121
MOEX:PLZL,2020-08-18T19:16:00+03:00,18057.5,18060.0,18055.0,18060.0,39
MOEX:PLZL,2020-08-18T19:17:00+03:00,18055.0,18059.5,18050.5,18059.5,14
MOEX:PLZL,2020-08-18T19:18:00+03:00,18052.0,18060.0,18049.0,18058.0,22
MOEX:PLZL,2020-08-18T19:19:00+03:00,18059.0,18065.0,18052.0,18065.0,82
MOEX:PLZL,2020-08-18T19:20:00+03:00,18065.0,18070.0,18060.0,18070.0,91
MOEX:PLZL,2020-08-18T19:21:00+03:00,18060.5,18070.0,18051.0,18058.0,71
MOEX:PLZL,2020-08-18T19:22:00+03:00,18067.5,18070.0,18062.0,18070.0,74
MOEX:PLZL,2020-08-18T19:23:00+03:00,18070.0,18080.0,18070.0,18078.0,178
MOEX:PLZL,2020-08-18T19:24:00+03:00,18084.0,18095.0,18079.0,18094.0,278
MOEX:PLZL,2020-08-18T19:25:00+03:00,18094.0,18106.0,18078.0,18101.0,378
MOEX:PLZL,2020-08-18T19:26:00+03:00,18100.5,18101.5,18069.5,18071.5,75
MOEX:PLZL,2020-08-18T19:27:00+03:00,18079.5,18087.0,18060.5,18068.0,126
MOEX:PLZL,2020-08-18T19:28:00+03:00,18068.0,18086.0,18065.5,18083.0,90
MOEX:PLZL,2020-08-18T19:29:00+03:00,18074.5,18093.0,18070.0,18073.5,46
MOEX:PLZL,2020-08-18T19:30:00+03:00,18089.5,18100.0,18075.0,18097.0,133
MOEX:PLZL,2020-08-18T19:31:00+03:00,18097.0,18100.0,18090.5,18100.0,71
MOEX:PLZL,2020-08-18T19:32:00+03:00,18100.0,18106.0,18099.0,18106.0,96
MOEX:PLZL,2020-08-18T19:33:00+03:00,18104.0,18115.0,18094.0,18115.0,76
MOEX:PLZL,2020-08-18T19:34:00+03:00,18118.0,18119.5,18102.5,18118.5,59
MOEX:PLZL,2020-08-18T19:35:00+03:00,18118.5,18119.0,18101.0,18101.0,81
MOEX:PLZL,2020-08-18T19:36:00+03:00,18101.0,18109.5,18083.5,18087.0,168
MOEX:PLZL,2020-08-18T19:37:00+03:00,18090.0,18095.0,18061.0,18069.5,337
MOEX:PLZL,2020-08-18T19:38:00+03:00,18070.5,18080.0,18067.5,18078.0,22
MOEX:PLZL,2020-08-18T19:39:00+03:00,18079.5,18098.0,18079.5,18098.0,51
MOEX:PLZL,2020-08-18T19:40:00+03:00,18095.0,18100.0,18088.5,18097.0,32
MOEX:PLZL,2020-08-18T19:41:00+03:00,18092.5,18094.0,18063.0,18068.0,141
MOEX:PLZL,2020-08-18T19:42:00+03:00,18082.0,18089.0,18082.0,18088.0,63
MOEX:PLZL,2020-08-18T19:43:00+03:00,18089.0,18089.0,18068.5,18068.5,94
MOEX:PLZL,2020-08-18T19:44:00+03:00,18072.0,18078.0,18068.0,18071.0,18
MOEX:PLZL,2020-08-18T19:45:00+03:00,18070.0,18070.0,18065.5,18065.5,51
MOEX:PLZL,2020-08-18T19:47:00+03:00,18071.0,18082.5,18071.0,18082.5,15
MOEX:PLZL,2020-08-18T19:48:00+03:00,18080.0,18081.0,18071.0,18071.0,30
MOEX:PLZL,2020-08-18T19:49:00+03:00,18079.0,18079.0,18079.0,18079.0,1
MOEX:PLZL,2020-08-18T19:50:00+03:00,18079.5,18082.5,18072.0,18072.0,31
MOEX:PLZL,2020-08-18T19:51:00+03:00,18082.0,18082.0,18071.5,18071.5,7
MOEX:PLZL,2020-08-18T19:52:00+03:00,18071.5,18076.0,18071.0,18071.0,15
MOEX:PLZL,2020-08-18T19:53:00+03:00,18071.0,18071.0,18036.0,18048.5,470
MOEX:PLZL,2020-08-18T19:54:00+03:00,18057.0,18064.5,18039.5,18046.5,87
MOEX:PLZL,2020-08-18T19:55:00+03:00,18047.5,18047.5,18039.0,18039.0,22
MOEX:PLZL,2020-08-18T19:56:00+03:00,18041.5,18047.5,18041.5,18047.5,16
MOEX:PLZL,2020-08-18T19:57:00+03:00,18047.5,18053.5,18039.0,18039.0,31
MOEX:PLZL,2020-08-18T19:58:00+03:00,18040.0,18058.5,18040.0,18058.5,31
MOEX:PLZL,2020-08-18T19:59:00+03:00,18058.0,18058.0,18057.0,18057.0,6
MOEX:PLZL,2020-08-18T20:00:00+03:00,18053.0,18056.0,17989.5,18024.0,646
MOEX:PLZL,2020-08-18T20:01:00+03:00,18004.0,18017.0,17987.0,18017.0,390
MOEX:PLZL,2020-08-18T20:02:00+03:00,18006.5,18014.0,17996.5,18001.0,60
MOEX:PLZL,2020-08-18T20:03:00+03:00,18000.5,18040.0,18000.5,18037.0,147
MOEX:PLZL,2020-08-18T20:04:00+03:00,18033.0,18033.0,18018.5,18018.5,11
MOEX:PLZL,2020-08-18T20:05:00+03:00,18018.0,18018.5,18000.0,18001.0,44
MOEX:PLZL,2020-08-18T20:06:00+03:00,18008.5,18024.5,18008.5,18022.0,13
MOEX:PLZL,2020-08-18T20:07:00+03:00,18033.5,18054.5,18032.0,18032.0,78
MOEX:PLZL,2020-08-18T20:08:00+03:00,18034.5,18039.0,18028.0,18034.5,33
MOEX:PLZL,2020-08-18T20:09:00+03:00,18040.0,18040.5,18032.5,18032.5,3
MOEX:PLZL,2020-08-18T20:10:00+03:00,18044.5,18050.0,18030.0,18047.0,9
MOEX:PLZL,2020-08-18T20:11:00+03:00,18045.0,18045.5,18042.5,18043.0,4
MOEX:PLZL,2020-08-18T20:12:00+03:00,18031.5,18043.0,18031.5,18043.0,4
MOEX:PLZL,2020-08-18T20:13:00+03:00,18043.0,18043.0,18031.0,18031.0,10
MOEX:PLZL,2020-08-18T20:14:00+03:00,18042.0,18044.0,18042.0,18044.0,10
MOEX:PLZL,2020-08-18T20:15:00+03:00,18033.0,18033.5,18031.0,18031.0,8
MOEX:PLZL,2020-08-18T20:16:00+03:00,18032.0,18041.5,18031.0,18040.5,17
MOEX:PLZL,2020-08-18T20:17:00+03:00,18039.0,18039.0,18031.0,18031.0,3
MOEX:PLZL,2020-08-18T20:18:00+03:00,18030.5,18030.5,18030.5,18030.5,4
MOEX:PLZL,2020-08-18T20:19:00+03:00,18030.5,18030.5,18020.0,18022.5,72
MOEX:PLZL,2020-08-18T20:20:00+03:00,18015.5,18015.5,18015.0,18015.0,8
MOEX:PLZL,2020-08-18T20:21:00+03:00,18015.0,18015.0,18010.0,18010.0,36
MOEX:PLZL,2020-08-18T20:22:00+03:00,18013.5,18013.5,18001.0,18012.5,35
MOEX:PLZL,2020-08-18T20:23:00+03:00,18002.5,18002.5,17978.0,17988.5,208
MOEX:PLZL,2020-08-18T20:24:00+03:00,17975.0,17986.0,17970.0,17986.0,61
MOEX:PLZL,2020-08-18T20:25:00+03:00,17986.0,17987.5,17951.0,17967.0,449
MOEX:PLZL,2020-08-18T20:26:00+03:00,17957.5,17972.5,17951.0,17970.5,143
MOEX:PLZL,2020-08-18T20:27:00+03:00,17969.0,17997.5,17969.0,17981.5,80
MOEX:PLZL,2020-08-18T20:28:00+03:00,17982.0,17994.0,17982.0,17993.5,17
MOEX:PLZL,2020-08-18T20:29:00+03:00,17992.0,17994.0,17990.5,17993.0,79
MOEX:PLZL,2020-08-18T20:30:00+03:00,17990.0,17990.0,17980.0,17980.0,82
MOEX:PLZL,2020-08-18T20:31:00+03:00,17988.0,17988.0,17970.0,17970.5,59
MOEX:PLZL,2020-08-18T20:32:00+03:00,17983.5,17987.0,17970.0,17987.0,28
MOEX:PLZL,2020-08-18T20:33:00+03:00,17983.5,17983.5,17974.0,17974.0,37
MOEX:PLZL,2020-08-18T20:34:00+03:00,17983.5,17983.5,17980.0,17983.5,59
MOEX:PLZL,2020-08-18T20:35:00+03:00,17990.0,17995.0,17990.0,17995.0,13
MOEX:PLZL,2020-08-18T20:36:00+03:00,17995.0,18005.0,17995.0,18005.0,23
MOEX:PLZL,2020-08-18T20:37:00+03:00,18010.0,18020.0,18004.5,18020.0,25
MOEX:PLZL,2020-08-18T20:38:00+03:00,18018.0,18018.0,18008.0,18008.0,8
MOEX:PLZL,2020-08-18T20:39:00+03:00,18005.0,18012.0,18000.0,18000.0,19
MOEX:PLZL,2020-08-18T20:40:00+03:00,18007.5,18010.0,18007.5,18010.0,12
MOEX:PLZL,2020-08-18T20:41:00+03:00,18010.0,18030.5,18010.0,18030.0,507
MOEX:PLZL,2020-08-18T20:42:00+03:00,18030.5,18030.5,18018.5,18018.5,17
MOEX:PLZL,2020-08-18T20:43:00+03:00,18019.0,18029.0,18018.5,18019.0,34
MOEX:PLZL,2020-08-18T20:44:00+03:00,18018.5,18024.0,18018.0,18024.0,29
MOEX:PLZL,2020-08-18T20:45:00+03:00,18012.5,18012.5,18007.5,18007.5,42
MOEX:PLZL,2020-08-18T20:46:00+03:00,18018.0,18019.0,18008.5,18019.0,34
MOEX:PLZL,2020-08-18T20:47:00+03:00,18019.0,18024.5,18018.0,18024.5,10
MOEX:PLZL,2020-08-18T20:48:00+03:00,18023.5,18023.5,18023.5,18023.5,3
MOEX:PLZL,2020-08-18T20:49:00+03:00,18028.0,18028.5,18016.5,18016.5,7
MOEX:PLZL,2020-08-18T20:51:00+03:00,18027.5,18027.5,18027.5,18027.5,24
MOEX:PLZL,2020-08-18T20:52:00+03:00,18027.5,18027.5,18020.5,18021.0,13
MOEX:PLZL,2020-08-18T20:53:00+03:00,18017.0,18021.0,18016.0,18021.0,16
MOEX:PLZL,2020-08-18T20:54:00+03:00,18021.0,18027.5,18021.0,18027.5,10
MOEX:PLZL,2020-08-18T20:55:00+03:00,18027.5,18029.5,18021.5,18028.0,24
MOEX:PLZL,2020-08-18T20:56:00+03:00,18028.5,18029.5,18028.5,18029.5,36
MOEX:PLZL,2020-08-18T20:57:00+03:00,18029.5,18038.0,18029.5,18038.0,148
MOEX:PLZL,2020-08-18T20:58:00+03:00,18033.0,18042.0,18033.0,18041.5,15
MOEX:PLZL,2020-08-18T20:59:00+03:00,18042.0,18042.0,18025.0,18025.0,10
MOEX:PLZL,2020-08-18T21:00:00+03:00,18025.5,18025.5,18025.5,18025.5,2
MOEX:PLZL,2020-08-18T21:01:00+03:00,18025.5,18043.0,18025.0,18035.0,24
MOEX:PLZL,2020-08-18T21:02:00+03:00,18038.5,18039.5,18038.0,18038.5,30
MOEX:PLZL,2020-08-18T21:03:00+03:00,18038.0,18042.0,18030.0,18040.5,135
MOEX:PLZL,2020-08-18T21:04:00+03:00,18041.5,18041.5,18041.5,18041.5,4
MOEX:PLZL,2020-08-18T21:05:00+03:00,18035.0,18041.5,18035.0,18041.5,3
MOEX:PLZL,2020-08-18T21:06:00+03:00,18035.0,18035.0,18035.0,18035.0,22
MOEX:PLZL,2020-08-18T21:07:00+03:00,18040.0,18040.0,18040.0,18040.0,1
MOEX:PLZL,2020-08-18T21:08:00+03:00,18041.0,18041.5,18040.0,18041.5,13
MOEX:PLZL,2020-08-18T21:09:00+03:00,18035.5,18044.5,18030.0,18035.0,75
MOEX:PLZL,2020-08-18T21:10:00+03:00,18035.0,18035.0,18035.0,18035.0,3
MOEX:PLZL,2020-08-18T21:11:00+03:00,18029.5,18029.5,18012.0,18027.0,236
MOEX:PLZL,2020-08-18T21:12:00+03:00,18026.0,18026.0,18026.0,18026.0,2
MOEX:PLZL,2020-08-18T21:13:00+03:00,18023.0,18023.0,18008.5,18008.5,84
MOEX:PLZL,2020-08-18T21:14:00+03:00,18009.5,18020.5,18009.0,18020.5,19
MOEX:PLZL,2020-08-18T21:15:00+03:00,18005.5,18024.0,18005.5,18023.0,18
MOEX:PLZL,2020-08-18T21:16:00+03:00,18026.0,18033.5,18021.5,18033.5,32
MOEX:PLZL,2020-08-18T21:17:00+03:00,18033.0,18033.0,18033.0,18033.0,1
MOEX:PLZL,2020-08-18T21:18:00+03:00,18029.5,18029.5,18000.0,18000.0,153
MOEX:PLZL,2020-08-18T21:19:00+03:00,18000.5,18010.5,18000.0,18010.5,61
MOEX:PLZL,2020-08-18T21:20:00+03:00,18012.0,18018.5,18000.0,18018.5,77
MOEX:PLZL,2020-08-18T21:21:00+03:00,18014.0,18014.5,18013.0,18014.5,3
MOEX:PLZL,2020-08-18T21:22:00+03:00,18013.0,18017.5,18013.0,18017.5,16
MOEX:PLZL,2020-08-18T21:23:00+03:00,18017.0,18017.5,18017.0,18017.5,5
MOEX:PLZL,2020-08-18T21:24:00+03:00,18017.5,18018.5,18017.5,18018.5,13
MOEX:PLZL,2020-08-18T21:25:00+03:00,18018.0,18019.0,18018.0,18019.0,7
MOEX:PLZL,2020-08-18T21:27:00+03:00,18012.5,18019.0,18012.5,18019.0,27
MOEX:PLZL,2020-08-18T21:28:00+03:00,18019.0,18019.0,18019.0,18019.0,9
MOEX:PLZL,2020-08-18T21:29:00+03:00,18019.0,18043.5,18019.0,18031.0,196
MOEX:PLZL,2020-08-18T21:30:00+03:00,18031.0,18041.5,18018.5,18041.5,17
MOEX:PLZL,2020-08-18T21:31:00+03:00,18037.0,18040.0,18036.0,18040.0,23
MOEX:PLZL,2020-08-18T21:32:00+03:00,18033.0,18040.5,18024.0,18040.0,52
MOEX:PLZL,2020-08-18T21:33:00+03:00,18039.0,18046.0,18039.0,18046.0,45
MOEX:PLZL,2020-08-18T21:34:00+03:00,18046.5,18048.0,18043.5,18048.0,30
MOEX:PLZL,2020-08-18T21:35:00+03:00,18039.0,18050.0,18037.0,18050.0,69
MOEX:PLZL,2020-08-18T21:36:00+03:00,18050.0,18059.5,18050.0,18059.5,58
MOEX:PLZL,2020-08-18T21:37:00+03:00,18057.5,18068.5,18057.5,18068.5,22
MOEX:PLZL,2020-08-18T21:38:00+03:00,18060.0,18064.0,18042.5,18064.0,120
MOEX:PLZL,2020-08-18T21:39:00+03:00,18061.5,18061.5,18040.0,18040.0,123
MOEX:PLZL,2020-08-18T21:40:00+03:00,18040.0,18047.5,18039.0,18047.5,3
MOEX:PLZL,2020-08-18T21:41:00+03:00,18048.0,18050.0,18048.0,18050.0,5
MOEX:PLZL,2020-08-18T21:42:00+03:00,18042.0,18042.0,18041.5,18041.5,3
MOEX:PLZL,2020-08-18T21:43:00+03:00,18052.0,18053.0,18050.0,18050.0,8
MOEX:PLZL,2020-08-18T21:44:00+03:00,18045.0,18045.0,18045.0,18045.0,1
MOEX:PLZL,2020-08-18T21:45:00+03:00,18050.0,18055.5,18050.0,18053.5,4
MOEX:PLZL,2020-08-18T21:46:00+03:00,18053.0,18053.0,18050.0,18051.0,35
MOEX:PLZL,2020-08-18T21:47:00+03:00,18042.5,18050.5,18020.0,18037.0,112
MOEX:PLZL,2020-08-18T21:48:00+03:00,18037.0,18037.0,18010.0,18032.0,47
MOEX:PLZL,2020-08-18T21:49:00+03:00,18034.0,18034.0,18010.0,18010.0,43
MOEX:PLZL,2020-08-18T21:50:00+03:00,18021.0,18021.0,18005.5,18019.5,58
MOEX:PLZL,2020-08-18T21:51:00+03:00,18019.0,18020.5,18019.0,18020.5,4
MOEX:PLZL,2020-08-18T21:52:00+03:00,18020.0,18020.0,18007.0,18015.5,25
MOEX:PLZL,2020-08-18T21:53:00+03:00,18007.0,18010.0,18000.5,18010.0,72
MOEX:PLZL,2020-08-18T21:54:00+03:00,18008.0,18019.5,18008.0,18019.5,24
MOEX:PLZL,2020-08-18T21:55:00+03:00,18010.5,18017.5,18000.5,18000.5,128
MOEX:PLZL,2020-08-18T21:56:00+03:00,18000.5,18000.5,17980.0,17993.0,259
MOEX:PLZL,2020-08-18T21:57:00+03:00,17994.0,18009.5,17990.0,18009.5,86
MOEX:PLZL,2020-08-18T21:58:00+03:00,18010.5,18022.5,18005.5,18019.0,88
MOEX:PLZL,2020-08-18T21:59:00+03:00,18010.0,18018.5,18008.0,18015.0,21
MOEX:PLZL,2020-08-18T22:00:00+03:00,18021.0,18021.5,18001.5,18001.5,23
MOEX:PLZL,2020-08-18T22:01:00+03:00,18016.5,18016.5,18016.5,18016.5,1
MOEX:PLZL,2020-08-18T22:02:00+03:00,18009.0,18019.5,18000.0,18000.0,68
MOEX:PLZL,2020-08-18T22:03:00+03:00,18006.0,18008.5,18000.0,18008.5,18
MOEX:PLZL,2020-08-18T22:04:00+03:00,18015.5,18020.5,18000.0,18000.0,23
MOEX:PLZL,2020-08-18T22:05:00+03:00,18009.5,18019.5,18009.5,18019.5,50
MOEX:PLZL,2020-08-18T22:06:00+03:00,18020.5,18024.0,18020.5,18024.0,8
MOEX:PLZL,2020-08-18T22:07:00+03:00,18024.0,18024.5,18024.0,18024.5,3
MOEX:PLZL,2020-08-18T22:08:00+03:00,18015.0,18015.0,18009.0,18009.0,11
MOEX:PLZL,2020-08-18T22:09:00+03:00,18022.5,18022.5,18008.5,18018.0,14
MOEX:PLZL,2020-08-18T22:10:00+03:00,18010.0,18023.0,18010.0,18023.0,2
MOEX:PLZL,2020-08-18T22:11:00+03:00,18023.0,18023.0,18023.0,18023.0,11
MOEX:PLZL,2020-08-18T22:12:00+03:00,18023.5,18023.5,18023.5,18023.5,2
MOEX:PLZL,2020-08-18T22:13:00+03:00,18024.5,18037.5,18024.5,18037.5,23
MOEX:PLZL,2020-08-18T22:14:00+03:00,18036.0,18040.0,18036.0,18040.0,12
MOEX:PLZL,2020-08-18T22:15:00+03:00,18040.0,18040.0,18036.5,18037.0,4
MOEX:PLZL,2020-08-18T22:16:00+03:00,18038.5,18044.0,18030.0,18043.0,37
MOEX:PLZL,2020-08-18T22:17:00+03:00,18039.0,18041.5,18031.0,18035.5,10
MOEX:PLZL,2020-08-18T22:18:00+03:00,18041.0,18041.0,18037.0,18037.0,2
MOEX:PLZL,2020-08-18T22:19:00+03:00,18037.0,18037.0,18034.5,18036.0,5
MOEX:PLZL,2020-08-18T22:20:00+03:00,18039.0,18039.0,18031.0,18031.0,7
MOEX:PLZL,2020-08-18T22:21:00+03:00,18030.0,18033.5,18028.0,18029.0,7
MOEX:PLZL,2020-08-18T22:22:00+03:00,18025.0,18028.0,18025.0,18028.0,2
MOEX:PLZL,2020-08-18T22:23:00+03:00,18033.0,18042.5,18033.0,18042.5,51
MOEX:PLZL,2020-08-18T22:24:00+03:00,18038.5,18038.5,18038.5,18038.5,1
MOEX:PLZL,2020-08-18T22:25:00+03:00,18038.0,18038.5,18010.0,18010.0,106
MOEX:PLZL,2020-08-18T22:26:00+03:00,18012.0,18012.0,18000.5,18011.5,116
MOEX:PLZL,2020-08-18T22:27:00+03:00,18015.5,18022.5,18002.0,18022.5,83
MOEX:PLZL,2020-08-18T22:29:00+03:00,18020.5,18020.5,18020.5,18020.5,1
MOEX:PLZL,2020-08-18T22:30:00+03:00,18021.0,18021.0,18017.5,18020.0,4
MOEX:PLZL,2020-08-18T22:31:00+03:00,18021.0,18024.0,18021.0,18024.0,7
MOEX:PLZL,2020-08-18T22:33:00+03:00,18017.5,18024.0,18017.5,18024.0,2
MOEX:PLZL,2020-08-18T22:35:00+03:00,18021.0,18024.0,18005.0,18024.0,81
MOEX:PLZL,2020-08-18T22:36:00+03:00,18023.0,18023.0,18000.0,18019.5,62
MOEX:PLZL,2020-08-18T22:37:00+03:00,18019.0,18019.0,18019.0,18019.0,6
MOEX:PLZL,2020-08-18T22:38:00+03:00,18020.5,18020.5,18000.0,18000.0,185
MOEX:PLZL,2020-08-18T22:39:00+03:00,18009.5,18009.5,17980.0,17981.0,194
MOEX:PLZL,2020-08-18T22:40:00+03:00,17994.0,17999.0,17979.0,17979.0,112
MOEX:PLZL,2020-08-18T22:41:00+03:00,17980.0,17992.5,17975.5,17992.5,18
MOEX:PLZL,2020-08-18T22:42:00+03:00,17994.5,17994.5,17982.5,17983.5,69
MOEX:PLZL,2020-08-18T22:43:00+03:00,17987.0,17997.5,17983.0,17996.5,14
MOEX:PLZL,2020-08-18T22:44:00+03:00,17984.5,17995.5,17984.5,17994.0,21
MOEX:PLZL,2020-08-18T22:45:00+03:00,17989.0,17989.0,17989.0,17989.0,3
MOEX:PLZL,2020-08-18T22:46:00+03:00,17988.5,17996.0,17988.0,17992.5,12
MOEX:PLZL,2020-08-18T22:47:00+03:00,17993.0,17993.0,17989.0,17989.0,4
MOEX:PLZL,2020-08-18T22:48:00+03:00,17990.0,17990.0,17983.0,17983.0,20
MOEX:PLZL,2020-08-18T22:49:00+03:00,17987.5,17987.5,17987.5,17987.5,22
MOEX:PLZL,2020-08-18T22:50:00+03:00,17987.5,17987.5,17987.5,17987.5,7
MOEX:PLZL,2020-08-18T22:51:00+03:00,17994.0,18000.0,17983.0,18000.0,82
MOEX:PLZL,2020-08-18T22:52:00+03:00,18000.0,18028.5,18000.0,18028.5,116
MOEX:PLZL,2020-08-18T22:53:00+03:00,18004.5,18021.0,17974.0,17986.0,287
MOEX:PLZL,2020-08-18T22:54:00+03:00,17987.0,17998.0,17970.5,17987.0,154
MOEX:PLZL,2020-08-18T22:55:00+03:00,17983.0,17994.0,17970.0,17987.5,96
MOEX:PLZL,2020-08-18T22:56:00+03:00,17975.5,17987.0,17975.5,17978.0,22
MOEX:PLZL,2020-08-18T22:57:00+03:00,17978.0,17982.5,17978.0,17982.5,36
MOEX:PLZL,2020-08-18T22:58:00+03:00,17975.0,17975.0,17975.0,17975.0,2
MOEX:PLZL,2020-08-18T22:59:00+03:00,17979.5,17986.0,17975.0,17986.0,30
MOEX:PLZL,2020-08-18T23:00:00+03:00,17984.5,17992.0,17984.5,17992.0,35
MOEX:PLZL,2020-08-18T23:01:00+03:00,17989.5,17999.0,17988.5,17999.0,10
MOEX:PLZL,2020-08-18T23:02:00+03:00,17998.0,17998.0,17986.0,17986.0,3
MOEX:PLZL,2020-08-18T23:03:00+03:00,17996.0,17996.0,17990.5,17990.5,23
MOEX:PLZL,2020-08-18T23:04:00+03:00,17998.0,17998.5,17998.0,17998.5,10
MOEX:PLZL,2020-08-18T23:05:00+03:00,17994.5,18002.0,17994.5,18002.0,6
MOEX:PLZL,2020-08-18T23:06:00+03:00,17990.5,17990.5,17978.5,17978.5,36
MOEX:PLZL,2020-08-18T23:07:00+03:00,17986.0,17990.5,17986.0,17990.0,10
MOEX:PLZL,2020-08-18T23:08:00+03:00,17990.0,17990.0,17990.0,17990.0,3
MOEX:PLZL,2020-08-18T23:09:00+03:00,17991.5,17995.5,17981.0,17981.0,10
MOEX:PLZL,2020-08-18T23:10:00+03:00,17982.5,17982.5,17981.5,17981.5,2
MOEX:PLZL,2020-08-18T23:11:00+03:00,17991.5,17995.5,17990.0,17990.0,21
MOEX:PLZL,2020-08-18T23:12:00+03:00,17989.5,17989.5,17983.0,17983.0,3
MOEX:PLZL,2020-08-18T23:13:00+03:00,17987.5,17990.0,17975.0,17975.0,237
MOEX:PLZL,2020-08-18T23:14:00+03:00,17975.0,17981.0,17950.5,17972.5,575
MOEX:PLZL,2020-08-18T23:15:00+03:00,17956.5,17973.0,17940.5,17950.0,352
MOEX:PLZL,2020-08-18T23:16:00+03:00,17940.5,17948.5,17922.5,17936.0,244
MOEX:PLZL,2020-08-18T23:17:00+03:00,17936.5,17944.5,17912.0,17912.0,404
MOEX:PLZL,2020-08-18T23:18:00+03:00,17924.5,17924.5,17902.5,17904.5,147
MOEX:PLZL,2020-08-18T23:19:00+03:00,17913.5,17914.0,17901.5,17910.0,502
MOEX:PLZL,2020-08-18T23:20:00+03:00,17907.0,17911.0,17901.5,17902.0,140
MOEX:PLZL,2020-08-18T23:21:00+03:00,17908.0,17909.0,17901.5,17901.5,367
MOEX:PLZL,2020-08-18T23:22:00+03:00,17908.0,17913.0,17900.5,17913.0,357
MOEX:PLZL,2020-08-18T23:23:00+03:00,17910.0,17910.0,17900.5,17901.0,54
MOEX:PLZL,2020-08-18T23:24:00+03:00,17906.0,17912.0,17901.0,17909.5,84
MOEX:PLZL,2020-08-18T23:25:00+03:00,17915.0,17921.0,17901.0,17920.0,85
MOEX:PLZL,2020-08-18T23:26:00+03:00,17910.0,17915.5,17901.0,17907.5,67
MOEX:PLZL,2020-08-18T23:27:00+03:00,17908.5,17912.5,17901.0,17905.0,99
MOEX:PLZL,2020-08-18T23:28:00+03:00,17905.0,17909.0,17901.0,17909.0,55
MOEX:PLZL,2020-08-18T23:29:00+03:00,17908.5,17913.0,17901.0,17907.5,99
MOEX:PLZL,2020-08-18T23:30:00+03:00,17905.0,17910.5,17902.0,17904.0,92
MOEX:PLZL,2020-08-18T23:31:00+03:00,17909.5,17912.5,17904.5,17906.5,40
MOEX:PLZL,2020-08-18T23:32:00+03:00,17910.0,17912.0,17904.5,17909.0,169
MOEX:PLZL,2020-08-18T23:33:00+03:00,17905.0,17909.0,17904.0,17905.0,19
MOEX:PLZL,2020-08-18T23:34:00+03:00,17905.0,17908.0,17904.0,17907.5,34
MOEX:PLZL,2020-08-18T23:35:00+03:00,17905.0,17908.0,17904.0,17908.0,72
MOEX:PLZL,2020-08-18T23:36:00+03:00,17908.0,17911.5,17904.5,17911.5,84
MOEX:PLZL,2020-08-18T23:37:00+03:00,17911.5,17917.0,17905.0,17913.5,84
MOEX:PLZL,2020-08-18T23:38:00+03:00,17913.0,17913.5,17904.0,17909.5,106
MOEX:PLZL,2020-08-18T23:39:00+03:00,17905.0,17911.0,17904.0,17910.0,24
MOEX:PLZL,2020-08-18T23:40:00+03:00,17910.0,17910.5,17905.0,17910.5,130
MOEX:PLZL,2020-08-18T23:41:00+03:00,17910.5,17912.0,17904.5,17912.0,74
MOEX:PLZL,2020-08-18T23:42:00+03:00,17914.0,17925.0,17905.5,17925.0,158
MOEX:PLZL,2020-08-18T23:43:00+03:00,17925.5,17934.0,17907.5,17907.5,134
MOEX:PLZL,2020-08-18T23:44:00+03:00,17909.0,17919.0,17905.5,17916.0,78
MOEX:PLZL,2020-08-18T23:45:00+03:00,17916.0,17916.0,17906.0,17913.0,44
MOEX:PLZL,2020-08-18T23:46:00+03:00,17913.0,17920.0,17906.0,17916.0,107
MOEX:PLZL,2020-08-18T23:47:00+03:00,17910.0,17920.0,17906.0,17920.0,58
MOEX:PLZL,2020-08-18T23:48:00+03:00,17917.5,17938.0,17917.5,17938.0,247
MOEX:PLZL,2020-08-18T23:49:00+03:00,17937.5,17948.0,17925.0,17948.0,177
