MOEX:MGNT,2021-12-28T06:59:00+03:00,5665.0,5665.0,5665.0,5665.0,124
MOEX:MGNT,2021-12-28T07:00:00+03:00,5670.0,5679.5,5642.5,5655.0,1422
MOEX:MGNT,2021-12-28T07:01:00+03:00,5654.5,5662.5,5649.0,5653.5,263
MOEX:MGNT,2021-12-28T07:02:00+03:00,5657.5,5665.0,5652.5,5665.0,772
MOEX:MGNT,2021-12-28T07:03:00+03:00,5665.0,5670.0,5660.0,5660.0,772
MOEX:MGNT,2021-12-28T07:04:00+03:00,5665.0,5670.0,5663.0,5664.0,107
MOEX:MGNT,2021-12-28T07:05:00+03:00,5664.0,5668.0,5656.0,5660.0,798
MOEX:MGNT,2021-12-28T07:06:00+03:00,5659.5,5664.0,5659.5,5664.0,161
MOEX:MGNT,2021-12-28T07:07:00+03:00,5661.0,5663.5,5661.0,5661.5,39
MOEX:MGNT,2021-12-28T07:08:00+03:00,5663.5,5664.0,5660.5,5661.5,81
MOEX:MGNT,2021-12-28T07:09:00+03:00,5663.0,5663.0,5643.0,5652.5,3147
MOEX:MGNT,2021-12-28T07:10:00+03:00,5652.0,5652.0,5648.5,5651.0,211
MOEX:MGNT,2021-12-28T07:11:00+03:00,5651.5,5656.5,5647.0,5656.5,362
MOEX:MGNT,2021-12-28T07:12:00+03:00,5652.0,5658.0,5652.0,5657.0,256
MOEX:MGNT,2021-12-28T07:13:00+03:00,5657.0,5657.0,5653.0,5654.0,118
MOEX:MGNT,2021-12-28T07:14:00+03:00,5653.0,5654.0,5650.0,5654.0,532
MOEX:MGNT,2021-12-28T07:15:00+03:00,5654.0,5654.0,5640.0,5651.5,1031
MOEX:MGNT,2021-12-28T07:16:00+03:00,5649.5,5650.0,5646.5,5646.5,126
MOEX:MGNT,2021-12-28T07:17:00+03:00,5648.5,5650.0,5647.0,5650.0,143
MOEX:MGNT,2021-12-28T07:18:00+03:00,5650.0,5650.0,5640.5,5644.0,780
MOEX:MGNT,2021-12-28T07:19:00+03:00,5644.0,5646.5,5640.5,5646.5,229
MOEX:MGNT,2021-12-28T07:20:00+03:00,5645.0,5646.0,5643.0,5645.5,152
MOEX:MGNT,2021-12-28T07:21:00+03:00,5646.0,5648.5,5645.5,5647.0,90
MOEX:MGNT,2021-12-28T07:22:00+03:00,5648.0,5652.5,5647.0,5652.5,1005
MOEX:MGNT,2021-12-28T07:23:00+03:00,5651.5,5654.0,5650.5,5650.5,63
MOEX:MGNT,2021-12-28T07:24:00+03:00,5654.0,5654.5,5650.5,5650.5,76
MOEX:MGNT,2021-12-28T07:25:00+03:00,5650.0,5650.0,5646.5,5646.5,223
MOEX:MGNT,2021-12-28T07:26:00+03:00,5646.5,5649.0,5645.5,5648.0,60
MOEX:MGNT,2021-12-28T07:27:00+03:00,5650.0,5650.0,5646.0,5650.0,37
MOEX:MGNT,2021-12-28T07:28:00+03:00,5650.0,5650.0,5646.5,5647.0,26
MOEX:MGNT,2021-12-28T07:29:00+03:00,5648.0,5648.5,5634.5,5639.5,2178
MOEX:MGNT,2021-12-28T07:30:00+03:00,5637.5,5643.0,5631.0,5632.5,968
MOEX:MGNT,2021-12-28T07:31:00+03:00,5634.0,5639.0,5633.0,5633.5,73
MOEX:MGNT,2021-12-28T07:32:00+03:00,5636.5,5637.0,5633.0,5634.0,28
MOEX:MGNT,2021-12-28T07:33:00+03:00,5634.0,5637.0,5633.0,5633.0,149
MOEX:MGNT,2021-12-28T07:34:00+03:00,5633.0,5638.5,5633.0,5638.5,100
MOEX:MGNT,2021-12-28T07:35:00+03:00,5640.0,5641.5,5637.5,5640.0,39
MOEX:MGNT,2021-12-28T07:36:00+03:00,5640.0,5640.0,5638.0,5640.0,12
MOEX:MGNT,2021-12-28T07:37:00+03:00,5640.0,5645.0,5640.0,5645.0,615
MOEX:MGNT,2021-12-28T07:38:00+03:00,5645.0,5645.0,5645.0,5645.0,23
MOEX:MGNT,2021-12-28T07:39:00+03:00,5645.0,5645.0,5645.0,5645.0,20
MOEX:MGNT,2021-12-28T07:40:00+03:00,5647.0,5647.0,5645.0,5647.0,12
MOEX:MGNT,2021-12-28T07:41:00+03:00,5646.0,5649.0,5646.0,5649.0,24
MOEX:MGNT,2021-12-28T07:42:00+03:00,5648.0,5649.0,5645.5,5645.5,142
MOEX:MGNT,2021-12-28T07:43:00+03:00,5649.0,5649.0,5645.5,5648.5,20
MOEX:MGNT,2021-12-28T07:44:00+03:00,5648.5,5649.0,5648.5,5648.5,52
MOEX:MGNT,2021-12-28T07:45:00+03:00,5649.0,5649.0,5646.0,5649.0,6
MOEX:MGNT,2021-12-28T07:46:00+03:00,5649.0,5649.5,5639.0,5639.0,284
MOEX:MGNT,2021-12-28T07:47:00+03:00,5648.0,5648.0,5640.5,5645.5,79
MOEX:MGNT,2021-12-28T07:48:00+03:00,5645.5,5649.0,5645.0,5649.0,84
MOEX:MGNT,2021-12-28T07:49:00+03:00,5648.5,5649.5,5648.5,5648.5,57
MOEX:MGNT,2021-12-28T07:50:00+03:00,5648.5,5649.0,5647.0,5648.5,16
MOEX:MGNT,2021-12-28T07:51:00+03:00,5648.5,5648.5,5639.0,5639.0,634
MOEX:MGNT,2021-12-28T07:52:00+03:00,5642.0,5644.5,5641.5,5644.5,9
MOEX:MGNT,2021-12-28T07:53:00+03:00,5644.5,5646.0,5641.5,5644.0,120
MOEX:MGNT,2021-12-28T07:54:00+03:00,5644.0,5644.5,5644.0,5644.0,16
MOEX:MGNT,2021-12-28T07:55:00+03:00,5644.0,5644.5,5638.0,5638.0,217
MOEX:MGNT,2021-12-28T07:56:00+03:00,5641.5,5644.0,5640.5,5644.0,242
MOEX:MGNT,2021-12-28T07:57:00+03:00,5643.0,5644.0,5640.5,5641.0,35
MOEX:MGNT,2021-12-28T07:58:00+03:00,5641.0,5643.5,5640.0,5641.0,72
MOEX:MGNT,2021-12-28T07:59:00+03:00,5640.0,5640.0,5638.0,5638.0,97
MOEX:MGNT,2021-12-28T08:00:00+03:00,5643.0,5643.0,5640.0,5642.0,26
MOEX:MGNT,2021-12-28T08:01:00+03:00,5642.0,5644.0,5642.0,5644.0,53
MOEX:MGNT,2021-12-28T08:02:00+03:00,5644.0,5644.0,5642.0,5642.0,65
MOEX:MGNT,2021-12-28T08:03:00+03:00,5642.0,5643.5,5642.0,5643.5,13
MOEX:MGNT,2021-12-28T08:04:00+03:00,5643.0,5644.0,5635.5,5638.0,759
MOEX:MGNT,2021-12-28T08:05:00+03:00,5638.0,5642.5,5638.0,5642.5,97
MOEX:MGNT,2021-12-28T08:06:00+03:00,5639.5,5642.0,5638.0,5642.0,295
MOEX:MGNT,2021-12-28T08:07:00+03:00,5642.0,5642.0,5638.0,5638.5,72
MOEX:MGNT,2021-12-28T08:08:00+03:00,5638.5,5639.5,5638.0,5639.5,204
MOEX:MGNT,2021-12-28T08:09:00+03:00,5642.0,5642.0,5641.5,5641.5,11
MOEX:MGNT,2021-12-28T08:10:00+03:00,5641.5,5644.5,5638.0,5642.5,2639
MOEX:MGNT,2021-12-28T08:11:00+03:00,5640.0,5642.5,5640.0,5642.0,28
MOEX:MGNT,2021-12-28T08:12:00+03:00,5642.0,5642.0,5642.0,5642.0,34
MOEX:MGNT,2021-12-28T08:13:00+03:00,5644.0,5644.0,5643.5,5643.5,106
MOEX:MGNT,2021-12-28T08:14:00+03:00,5643.5,5643.5,5643.0,5643.0,57
MOEX:MGNT,2021-12-28T08:15:00+03:00,5643.0,5643.0,5643.0,5643.0,1
MOEX:MGNT,2021-12-28T08:16:00+03:00,5643.0,5643.0,5642.0,5642.0,17
MOEX:MGNT,2021-12-28T08:17:00+03:00,5642.0,5643.0,5642.0,5642.0,73
MOEX:MGNT,2021-12-28T08:18:00+03:00,5643.5,5646.5,5642.0,5646.0,50
MOEX:MGNT,2021-12-28T08:19:00+03:00,5646.0,5647.0,5645.0,5645.0,53
MOEX:MGNT,2021-12-28T08:20:00+03:00,5645.0,5647.5,5645.0,5647.5,32
MOEX:MGNT,2021-12-28T08:21:00+03:00,5645.0,5647.0,5641.0,5641.0,141
MOEX:MGNT,2021-12-28T08:22:00+03:00,5641.5,5645.0,5640.0,5644.5,186
MOEX:MGNT,2021-12-28T08:23:00+03:00,5641.0,5644.0,5641.0,5644.0,43
MOEX:MGNT,2021-12-28T08:24:00+03:00,5645.0,5645.5,5645.0,5645.5,15
MOEX:MGNT,2021-12-28T08:25:00+03:00,5645.5,5645.5,5645.5,5645.5,20
MOEX:MGNT,2021-12-28T08:26:00+03:00,5647.0,5647.5,5645.5,5646.0,37
MOEX:MGNT,2021-12-28T08:27:00+03:00,5646.0,5647.5,5646.0,5647.5,14
MOEX:MGNT,2021-12-28T08:28:00+03:00,5647.5,5647.5,5646.0,5647.5,57
MOEX:MGNT,2021-12-28T08:29:00+03:00,5647.5,5647.5,5645.0,5645.5,76
MOEX:MGNT,2021-12-28T08:30:00+03:00,5645.5,5647.5,5645.5,5647.5,9
MOEX:MGNT,2021-12-28T08:31:00+03:00,5647.5,5647.5,5645.5,5647.5,23
MOEX:MGNT,2021-12-28T08:32:00+03:00,5647.5,5649.0,5647.0,5647.0,52
MOEX:MGNT,2021-12-28T08:33:00+03:00,5648.5,5648.5,5648.0,5648.5,7
MOEX:MGNT,2021-12-28T08:34:00+03:00,5649.0,5649.0,5649.0,5649.0,41
MOEX:MGNT,2021-12-28T08:35:00+03:00,5649.0,5649.0,5648.0,5648.0,215
MOEX:MGNT,2021-12-28T08:36:00+03:00,5648.5,5649.0,5648.5,5649.0,270
MOEX:MGNT,2021-12-28T08:37:00+03:00,5649.0,5649.0,5648.0,5648.0,15
MOEX:MGNT,2021-12-28T08:38:00+03:00,5649.5,5649.5,5648.0,5649.5,9
MOEX:MGNT,2021-12-28T08:39:00+03:00,5648.0,5650.0,5648.0,5648.5,49
MOEX:MGNT,2021-12-28T08:40:00+03:00,5650.0,5650.0,5649.5,5649.5,75
MOEX:MGNT,2021-12-28T08:41:00+03:00,5649.5,5650.0,5648.5,5648.5,79
MOEX:MGNT,2021-12-28T08:42:00+03:00,5650.0,5650.0,5648.5,5648.5,105
MOEX:MGNT,2021-12-28T08:43:00+03:00,5648.5,5650.0,5648.5,5648.5,48
MOEX:MGNT,2021-12-28T08:44:00+03:00,5648.5,5650.0,5648.0,5648.5,25
MOEX:MGNT,2021-12-28T08:45:00+03:00,5648.5,5650.0,5648.5,5650.0,24
MOEX:MGNT,2021-12-28T08:46:00+03:00,5650.0,5650.0,5650.0,5650.0,37
MOEX:MGNT,2021-12-28T08:47:00+03:00,5650.0,5650.0,5650.0,5650.0,62
MOEX:MGNT,2021-12-28T08:48:00+03:00,5650.0,5655.0,5650.0,5655.0,128
MOEX:MGNT,2021-12-28T08:49:00+03:00,5652.0,5652.5,5650.0,5652.5,246
MOEX:MGNT,2021-12-28T08:50:00+03:00,5652.5,5654.0,5650.5,5654.0,49
MOEX:MGNT,2021-12-28T08:51:00+03:00,5653.5,5655.0,5650.0,5655.0,137
MOEX:MGNT,2021-12-28T08:52:00+03:00,5653.0,5656.5,5653.0,5656.0,131
MOEX:MGNT,2021-12-28T08:53:00+03:00,5655.5,5658.5,5655.5,5658.5,63
MOEX:MGNT,2021-12-28T08:54:00+03:00,5658.5,5660.0,5658.0,5660.0,31
MOEX:MGNT,2021-12-28T08:55:00+03:00,5659.0,5664.0,5658.5,5663.0,296
MOEX:MGNT,2021-12-28T08:56:00+03:00,5662.5,5663.0,5656.5,5660.0,290
MOEX:MGNT,2021-12-28T08:57:00+03:00,5660.0,5662.5,5656.5,5658.5,81
MOEX:MGNT,2021-12-28T08:58:00+03:00,5660.0,5660.0,5656.5,5656.5,68
MOEX:MGNT,2021-12-28T08:59:00+03:00,5658.0,5658.0,5656.5,5658.0,36
MOEX:MGNT,2021-12-28T09:00:00+03:00,5658.0,5658.0,5651.0,5651.0,402
MOEX:MGNT,2021-12-28T09:01:00+03:00,5650.5,5655.0,5650.0,5655.0,159
MOEX:MGNT,2021-12-28T09:02:00+03:00,5653.5,5657.5,5653.5,5654.5,47
MOEX:MGNT,2021-12-28T09:03:00+03:00,5657.5,5657.5,5651.0,5657.0,55
MOEX:MGNT,2021-12-28T09:04:00+03:00,5655.0,5657.0,5652.5,5652.5,30
MOEX:MGNT,2021-12-28T09:05:00+03:00,5656.0,5656.0,5652.5,5656.0,19
MOEX:MGNT,2021-12-28T09:06:00+03:00,5656.0,5660.0,5654.0,5657.5,171
MOEX:MGNT,2021-12-28T09:07:00+03:00,5658.0,5659.0,5656.0,5656.0,16
MOEX:MGNT,2021-12-28T09:08:00+03:00,5655.0,5656.0,5653.0,5653.0,42
MOEX:MGNT,2021-12-28T09:09:00+03:00,5656.0,5657.0,5653.5,5657.0,19
MOEX:MGNT,2021-12-28T09:10:00+03:00,5657.0,5659.0,5656.5,5659.0,56
MOEX:MGNT,2021-12-28T09:11:00+03:00,5658.5,5659.0,5655.0,5659.0,184
MOEX:MGNT,2021-12-28T09:12:00+03:00,5655.0,5658.5,5655.0,5656.5,9
MOEX:MGNT,2021-12-28T09:13:00+03:00,5657.0,5658.5,5657.0,5658.5,9
MOEX:MGNT,2021-12-28T09:14:00+03:00,5657.0,5658.5,5657.0,5657.0,21
MOEX:MGNT,2021-12-28T09:15:00+03:00,5657.0,5657.0,5656.0,5657.0,66
MOEX:MGNT,2021-12-28T09:16:00+03:00,5657.5,5658.0,5656.0,5658.0,30
MOEX:MGNT,2021-12-28T09:17:00+03:00,5658.0,5658.5,5658.0,5658.5,65
MOEX:MGNT,2021-12-28T09:18:00+03:00,5657.0,5659.0,5655.0,5659.0,211
MOEX:MGNT,2021-12-28T09:19:00+03:00,5659.0,5659.0,5655.0,5658.0,34
MOEX:MGNT,2021-12-28T09:20:00+03:00,5658.0,5658.0,5653.0,5653.0,41
MOEX:MGNT,2021-12-28T09:21:00+03:00,5654.0,5655.0,5652.5,5655.0,47
MOEX:MGNT,2021-12-28T09:22:00+03:00,5655.0,5656.5,5652.5,5655.5,27
MOEX:MGNT,2021-12-28T09:23:00+03:00,5655.5,5656.0,5655.5,5656.0,5
MOEX:MGNT,2021-12-28T09:24:00+03:00,5656.0,5656.5,5653.0,5656.5,23
MOEX:MGNT,2021-12-28T09:25:00+03:00,5658.0,5658.5,5658.0,5658.5,3
MOEX:MGNT,2021-12-28T09:26:00+03:00,5658.5,5658.5,5658.0,5658.5,66
MOEX:MGNT,2021-12-28T09:27:00+03:00,5658.5,5658.5,5658.5,5658.5,11
MOEX:MGNT,2021-12-28T09:28:00+03:00,5658.0,5658.0,5656.0,5656.0,8
MOEX:MGNT,2021-12-28T09:29:00+03:00,5658.0,5658.0,5656.5,5656.5,6
MOEX:MGNT,2021-12-28T09:30:00+03:00,5658.0,5658.0,5655.5,5658.0,73
MOEX:MGNT,2021-12-28T09:31:00+03:00,5658.0,5658.0,5655.5,5655.5,126
MOEX:MGNT,2021-12-28T09:32:00+03:00,5658.0,5658.0,5655.5,5658.0,22
MOEX:MGNT,2021-12-28T09:33:00+03:00,5655.5,5655.5,5651.0,5655.0,1367
MOEX:MGNT,2021-12-28T09:34:00+03:00,5655.0,5656.0,5650.5,5650.5,37
MOEX:MGNT,2021-12-28T09:35:00+03:00,5650.5,5650.5,5650.5,5650.5,51
MOEX:MGNT,2021-12-28T09:36:00+03:00,5654.0,5655.0,5654.0,5655.0,5
MOEX:MGNT,2021-12-28T09:37:00+03:00,5654.0,5654.0,5647.0,5647.0,758
MOEX:MGNT,2021-12-28T09:38:00+03:00,5646.5,5650.5,5646.0,5647.0,37
MOEX:MGNT,2021-12-28T09:39:00+03:00,5647.0,5651.0,5647.0,5651.0,35
MOEX:MGNT,2021-12-28T09:40:00+03:00,5651.0,5651.5,5647.0,5647.0,22
MOEX:MGNT,2021-12-28T09:41:00+03:00,5650.5,5650.5,5647.0,5650.5,49
MOEX:MGNT,2021-12-28T09:42:00+03:00,5650.5,5655.0,5649.5,5655.0,180
MOEX:MGNT,2021-12-28T09:43:00+03:00,5653.5,5654.5,5647.5,5653.5,48
MOEX:MGNT,2021-12-28T09:45:00+03:00,5653.0,5653.0,5650.0,5650.0,42
MOEX:MGNT,2021-12-28T09:46:00+03:00,5653.0,5653.0,5650.0,5650.0,24
MOEX:MGNT,2021-12-28T09:47:00+03:00,5650.5,5653.0,5650.0,5653.0,22
MOEX:MGNT,2021-12-28T09:48:00+03:00,5653.0,5653.0,5651.5,5651.5,74
MOEX:MGNT,2021-12-28T09:49:00+03:00,5653.0,5653.0,5651.5,5651.5,90
MOEX:MGNT,2021-12-28T09:50:00+03:00,5653.0,5653.0,5651.5,5652.5,54
MOEX:MGNT,2021-12-28T09:51:00+03:00,5652.0,5652.0,5651.0,5651.0,61
MOEX:MGNT,2021-12-28T09:52:00+03:00,5651.0,5651.0,5647.0,5647.0,183
MOEX:MGNT,2021-12-28T09:53:00+03:00,5648.5,5650.5,5646.0,5649.5,44
MOEX:MGNT,2021-12-28T09:54:00+03:00,5649.5,5651.0,5649.5,5651.0,55
MOEX:MGNT,2021-12-28T09:55:00+03:00,5650.5,5652.5,5650.5,5652.5,29
MOEX:MGNT,2021-12-28T09:56:00+03:00,5652.0,5652.0,5652.0,5652.0,1
MOEX:MGNT,2021-12-28T09:57:00+03:00,5652.0,5654.0,5651.0,5654.0,93
MOEX:MGNT,2021-12-28T09:58:00+03:00,5654.0,5654.0,5652.5,5652.5,22
MOEX:MGNT,2021-12-28T09:59:00+03:00,5654.0,5654.0,5654.0,5654.0,31
MOEX:MGNT,2021-12-28T10:00:00+03:00,5654.0,5658.0,5650.5,5653.5,630
MOEX:MGNT,2021-12-28T10:01:00+03:00,5653.5,5653.5,5624.0,5628.5,6193
MOEX:MGNT,2021-12-28T10:02:00+03:00,5629.5,5634.5,5626.0,5633.5,822
MOEX:MGNT,2021-12-28T10:03:00+03:00,5633.0,5633.0,5612.5,5621.0,4088
MOEX:MGNT,2021-12-28T10:04:00+03:00,5619.0,5624.5,5617.0,5618.0,1204
MOEX:MGNT,2021-12-28T10:05:00+03:00,5619.0,5621.0,5602.0,5612.5,4924
MOEX:MGNT,2021-12-28T10:06:00+03:00,5610.5,5625.0,5610.5,5622.0,1864
MOEX:MGNT,2021-12-28T10:07:00+03:00,5620.0,5630.0,5611.0,5616.5,3323
MOEX:MGNT,2021-12-28T10:08:00+03:00,5619.5,5630.0,5617.5,5630.0,558
MOEX:MGNT,2021-12-28T10:09:00+03:00,5630.0,5639.5,5626.0,5629.0,1618
MOEX:MGNT,2021-12-28T10:10:00+03:00,5631.0,5634.5,5630.0,5634.5,183
MOEX:MGNT,2021-12-28T10:11:00+03:00,5634.5,5634.5,5625.0,5626.0,837
MOEX:MGNT,2021-12-28T10:12:00+03:00,5628.0,5637.5,5623.0,5626.0,1340
MOEX:MGNT,2021-12-28T10:13:00+03:00,5626.0,5631.0,5623.0,5629.5,695
MOEX:MGNT,2021-12-28T10:14:00+03:00,5628.0,5636.0,5628.0,5636.0,678
MOEX:MGNT,2021-12-28T10:15:00+03:00,5631.0,5634.5,5628.5,5634.0,302
MOEX:MGNT,2021-12-28T10:16:00+03:00,5634.0,5634.0,5628.0,5630.0,150
MOEX:MGNT,2021-12-28T10:17:00+03:00,5630.5,5630.5,5628.0,5630.0,84
MOEX:MGNT,2021-12-28T10:18:00+03:00,5628.0,5630.0,5628.0,5630.0,68
MOEX:MGNT,2021-12-28T10:19:00+03:00,5629.5,5632.0,5625.0,5629.0,374
MOEX:MGNT,2021-12-28T10:20:00+03:00,5626.5,5629.0,5624.0,5627.0,519
MOEX:MGNT,2021-12-28T10:21:00+03:00,5626.0,5627.0,5620.5,5627.0,369
MOEX:MGNT,2021-12-28T10:22:00+03:00,5623.0,5625.0,5621.0,5621.5,308
MOEX:MGNT,2021-12-28T10:23:00+03:00,5621.5,5624.5,5620.0,5624.5,301
MOEX:MGNT,2021-12-28T10:24:00+03:00,5624.5,5627.5,5622.5,5626.0,766
MOEX:MGNT,2021-12-28T10:25:00+03:00,5626.0,5626.0,5620.5,5622.5,449
MOEX:MGNT,2021-12-28T10:26:00+03:00,5622.5,5622.5,5617.0,5619.0,1954
MOEX:MGNT,2021-12-28T10:27:00+03:00,5621.5,5626.0,5621.5,5625.0,1234
MOEX:MGNT,2021-12-28T10:28:00+03:00,5626.0,5641.5,5621.0,5634.5,5078
MOEX:MGNT,2021-12-28T10:29:00+03:00,5633.0,5640.0,5632.5,5638.0,574
MOEX:MGNT,2021-12-28T10:30:00+03:00,5639.0,5641.0,5638.0,5641.0,471
MOEX:MGNT,2021-12-28T10:31:00+03:00,5640.5,5644.0,5634.5,5635.0,1959
MOEX:MGNT,2021-12-28T10:32:00+03:00,5639.0,5639.0,5635.0,5635.0,160
MOEX:MGNT,2021-12-28T10:33:00+03:00,5637.0,5640.0,5635.0,5640.0,334
MOEX:MGNT,2021-12-28T10:34:00+03:00,5641.0,5645.0,5641.0,5645.0,1010
MOEX:MGNT,2021-12-28T10:35:00+03:00,5643.5,5645.0,5643.5,5645.0,773
MOEX:MGNT,2021-12-28T10:36:00+03:00,5645.5,5645.5,5643.5,5644.0,112
MOEX:MGNT,2021-12-28T10:37:00+03:00,5644.0,5645.0,5622.5,5625.0,4455
MOEX:MGNT,2021-12-28T10:38:00+03:00,5625.0,5634.5,5624.5,5633.0,544
MOEX:MGNT,2021-12-28T10:39:00+03:00,5634.0,5638.0,5631.0,5632.0,1496
MOEX:MGNT,2021-12-28T10:40:00+03:00,5630.5,5632.0,5624.0,5629.5,502
MOEX:MGNT,2021-12-28T10:41:00+03:00,5626.5,5629.5,5626.5,5628.0,303
MOEX:MGNT,2021-12-28T10:42:00+03:00,5629.0,5631.0,5629.0,5631.0,168
MOEX:MGNT,2021-12-28T10:43:00+03:00,5632.0,5632.0,5626.0,5628.0,407
MOEX:MGNT,2021-12-28T10:44:00+03:00,5628.0,5630.0,5627.0,5627.0,239
MOEX:MGNT,2021-12-28T10:45:00+03:00,5627.0,5627.0,5622.5,5624.0,816
MOEX:MGNT,2021-12-28T10:46:00+03:00,5623.0,5632.5,5619.0,5619.0,2762
MOEX:MGNT,2021-12-28T10:47:00+03:00,5619.0,5621.0,5617.0,5621.0,1010
MOEX:MGNT,2021-12-28T10:48:00+03:00,5620.0,5635.0,5620.0,5635.0,221
MOEX:MGNT,2021-12-28T10:49:00+03:00,5636.0,5636.0,5624.5,5626.0,702
MOEX:MGNT,2021-12-28T10:50:00+03:00,5629.0,5630.5,5627.0,5630.5,337
MOEX:MGNT,2021-12-28T10:51:00+03:00,5630.0,5633.0,5627.0,5630.0,547
MOEX:MGNT,2021-12-28T10:52:00+03:00,5632.5,5632.5,5628.5,5629.0,164
MOEX:MGNT,2021-12-28T10:53:00+03:00,5629.0,5632.0,5629.0,5632.0,189
MOEX:MGNT,2021-12-28T10:54:00+03:00,5629.5,5633.0,5628.5,5632.5,596
MOEX:MGNT,2021-12-28T10:55:00+03:00,5632.5,5633.5,5630.0,5631.5,416
MOEX:MGNT,2021-12-28T10:56:00+03:00,5631.5,5633.0,5630.0,5633.0,262
MOEX:MGNT,2021-12-28T10:57:00+03:00,5633.0,5634.0,5631.0,5631.0,147
MOEX:MGNT,2021-12-28T10:58:00+03:00,5633.0,5633.5,5631.0,5631.0,173
MOEX:MGNT,2021-12-28T10:59:00+03:00,5632.0,5633.0,5628.0,5628.0,957
MOEX:MGNT,2021-12-28T11:00:00+03:00,5631.0,5632.5,5627.5,5632.0,628
MOEX:MGNT,2021-12-28T11:01:00+03:00,5631.0,5634.0,5631.0,5634.0,264
MOEX:MGNT,2021-12-28T11:02:00+03:00,5632.5,5636.0,5631.5,5632.5,1064
MOEX:MGNT,2021-12-28T11:03:00+03:00,5635.0,5635.0,5632.5,5634.0,386
MOEX:MGNT,2021-12-28T11:04:00+03:00,5634.0,5638.5,5632.5,5634.5,814
MOEX:MGNT,2021-12-28T11:05:00+03:00,5635.0,5638.0,5633.5,5638.0,240
MOEX:MGNT,2021-12-28T11:06:00+03:00,5638.0,5638.0,5636.5,5637.5,201
MOEX:MGNT,2021-12-28T11:07:00+03:00,5637.5,5637.5,5634.0,5634.0,865
MOEX:MGNT,2021-12-28T11:08:00+03:00,5635.0,5635.0,5633.5,5635.0,103
MOEX:MGNT,2021-12-28T11:09:00+03:00,5635.0,5638.0,5628.0,5628.0,2176
MOEX:MGNT,2021-12-28T11:10:00+03:00,5631.0,5637.5,5625.5,5628.0,1225
MOEX:MGNT,2021-12-28T11:11:00+03:00,5628.5,5628.5,5627.0,5628.5,91
MOEX:MGNT,2021-12-28T11:12:00+03:00,5628.5,5633.5,5628.0,5632.5,1015
MOEX:MGNT,2021-12-28T11:13:00+03:00,5633.0,5633.0,5629.5,5632.0,175
MOEX:MGNT,2021-12-28T11:14:00+03:00,5633.0,5635.0,5632.0,5634.5,312
MOEX:MGNT,2021-12-28T11:15:00+03:00,5635.0,5635.0,5634.0,5635.0,243
MOEX:MGNT,2021-12-28T11:16:00+03:00,5637.5,5638.5,5635.0,5636.0,398
MOEX:MGNT,2021-12-28T11:17:00+03:00,5636.0,5637.0,5636.0,5636.5,273
MOEX:MGNT,2021-12-28T11:18:00+03:00,5636.5,5636.5,5626.0,5627.5,2251
MOEX:MGNT,2021-12-28T11:19:00+03:00,5630.5,5631.5,5629.5,5631.0,209
MOEX:MGNT,2021-12-28T11:20:00+03:00,5633.5,5634.0,5630.5,5631.0,547
MOEX:MGNT,2021-12-28T11:21:00+03:00,5632.5,5632.5,5631.0,5631.0,145
MOEX:MGNT,2021-12-28T11:22:00+03:00,5631.0,5631.5,5628.0,5631.5,441
MOEX:MGNT,2021-12-28T11:23:00+03:00,5629.0,5629.5,5628.5,5629.5,214
MOEX:MGNT,2021-12-28T11:24:00+03:00,5629.0,5629.0,5627.5,5627.5,458
MOEX:MGNT,2021-12-28T11:25:00+03:00,5626.0,5627.5,5625.5,5627.5,577
MOEX:MGNT,2021-12-28T11:26:00+03:00,5627.5,5630.0,5625.5,5630.0,607
MOEX:MGNT,2021-12-28T11:27:00+03:00,5630.0,5630.0,5623.0,5623.5,1481
MOEX:MGNT,2021-12-28T11:28:00+03:00,5622.5,5624.5,5622.0,5622.0,298
MOEX:MGNT,2021-12-28T11:29:00+03:00,5622.5,5624.5,5622.0,5624.5,285
MOEX:MGNT,2021-12-28T11:30:00+03:00,5624.5,5625.0,5622.0,5625.0,313
MOEX:MGNT,2021-12-28T11:31:00+03:00,5625.0,5630.0,5623.0,5625.5,1659
MOEX:MGNT,2021-12-28T11:32:00+03:00,5625.5,5626.0,5623.0,5625.0,914
MOEX:MGNT,2021-12-28T11:33:00+03:00,5625.5,5630.0,5625.0,5629.0,816
MOEX:MGNT,2021-12-28T11:34:00+03:00,5629.0,5632.0,5629.0,5629.0,335
MOEX:MGNT,2021-12-28T11:35:00+03:00,5630.0,5631.5,5629.0,5630.5,316
MOEX:MGNT,2021-12-28T11:36:00+03:00,5631.5,5631.5,5625.0,5626.5,1270
MOEX:MGNT,2021-12-28T11:37:00+03:00,5626.5,5630.0,5626.0,5626.0,881
MOEX:MGNT,2021-12-28T11:38:00+03:00,5626.5,5630.0,5626.5,5630.0,218
MOEX:MGNT,2021-12-28T11:39:00+03:00,5629.5,5630.0,5622.5,5624.5,3452
MOEX:MGNT,2021-12-28T11:40:00+03:00,5628.0,5628.0,5625.5,5628.0,231
MOEX:MGNT,2021-12-28T11:41:00+03:00,5627.5,5630.0,5626.0,5629.0,373
MOEX:MGNT,2021-12-28T11:42:00+03:00,5626.5,5629.0,5626.5,5626.5,128
MOEX:MGNT,2021-12-28T11:43:00+03:00,5627.5,5629.5,5626.0,5628.0,322
MOEX:MGNT,2021-12-28T11:44:00+03:00,5627.0,5628.0,5626.0,5626.0,192
MOEX:MGNT,2021-12-28T11:45:00+03:00,5627.0,5630.0,5626.5,5629.0,231
MOEX:MGNT,2021-12-28T11:46:00+03:00,5629.0,5630.0,5625.0,5627.5,681
MOEX:MGNT,2021-12-28T11:47:00+03:00,5625.0,5627.5,5625.0,5627.5,115
MOEX:MGNT,2021-12-28T11:48:00+03:00,5627.5,5627.5,5625.0,5627.5,1224
MOEX:MGNT,2021-12-28T11:49:00+03:00,5627.5,5628.5,5626.5,5628.0,108
MOEX:MGNT,2021-12-28T11:50:00+03:00,5629.0,5630.0,5627.5,5628.0,304
MOEX:MGNT,2021-12-28T11:51:00+03:00,5627.5,5629.5,5627.5,5629.0,191
MOEX:MGNT,2021-12-28T11:52:00+03:00,5628.0,5629.0,5626.5,5626.5,218
MOEX:MGNT,2021-12-28T11:53:00+03:00,5628.0,5629.0,5622.0,5623.5,1388
MOEX:MGNT,2021-12-28T11:54:00+03:00,5622.0,5628.0,5620.0,5620.0,1807
MOEX:MGNT,2021-12-28T11:55:00+03:00,5622.0,5627.0,5620.5,5627.0,574
MOEX:MGNT,2021-12-28T11:56:00+03:00,5627.0,5629.0,5625.5,5628.5,368
MOEX:MGNT,2021-12-28T11:57:00+03:00,5628.0,5629.0,5627.5,5627.5,183
MOEX:MGNT,2021-12-28T11:58:00+03:00,5627.5,5629.0,5626.5,5629.0,647
MOEX:MGNT,2021-12-28T11:59:00+03:00,5629.0,5633.0,5625.0,5630.5,3830
MOEX:MGNT,2021-12-28T12:00:00+03:00,5631.5,5633.5,5628.0,5630.0,359
MOEX:MGNT,2021-12-28T12:01:00+03:00,5628.0,5630.0,5627.0,5629.0,257
MOEX:MGNT,2021-12-28T12:02:00+03:00,5629.0,5630.0,5629.0,5630.0,70
MOEX:MGNT,2021-12-28T12:03:00+03:00,5630.0,5630.0,5629.5,5629.5,261
MOEX:MGNT,2021-12-28T12:04:00+03:00,5630.0,5630.0,5628.0,5628.0,512
MOEX:MGNT,2021-12-28T12:05:00+03:00,5627.5,5628.5,5627.0,5628.5,187
MOEX:MGNT,2021-12-28T12:06:00+03:00,5628.5,5630.0,5628.0,5628.0,243
MOEX:MGNT,2021-12-28T12:07:00+03:00,5630.0,5630.0,5627.5,5629.0,36
MOEX:MGNT,2021-12-28T12:08:00+03:00,5630.0,5630.0,5627.0,5628.5,158
MOEX:MGNT,2021-12-28T12:09:00+03:00,5628.5,5629.5,5626.0,5626.0,462
MOEX:MGNT,2021-12-28T12:10:00+03:00,5626.5,5628.5,5626.0,5628.5,130
MOEX:MGNT,2021-12-28T12:11:00+03:00,5629.0,5629.5,5626.5,5628.5,247
MOEX:MGNT,2021-12-28T12:12:00+03:00,5628.5,5629.5,5626.0,5627.0,329
MOEX:MGNT,2021-12-28T12:13:00+03:00,5629.0,5630.0,5627.5,5630.0,264
MOEX:MGNT,2021-12-28T12:14:00+03:00,5630.0,5630.0,5628.0,5629.0,161
MOEX:MGNT,2021-12-28T12:15:00+03:00,5629.0,5632.5,5627.0,5628.0,1514
MOEX:MGNT,2021-12-28T12:16:00+03:00,5628.0,5628.5,5627.0,5628.5,66
MOEX:MGNT,2021-12-28T12:17:00+03:00,5628.0,5629.0,5627.0,5627.5,107
MOEX:MGNT,2021-12-28T12:18:00+03:00,5627.5,5632.5,5627.5,5630.5,280
MOEX:MGNT,2021-12-28T12:19:00+03:00,5630.5,5632.5,5630.0,5630.0,198
MOEX:MGNT,2021-12-28T12:20:00+03:00,5629.5,5630.0,5629.0,5630.0,333
MOEX:MGNT,2021-12-28T12:21:00+03:00,5630.0,5630.0,5629.0,5630.0,230
MOEX:MGNT,2021-12-28T12:22:00+03:00,5630.0,5630.0,5629.0,5630.0,167
MOEX:MGNT,2021-12-28T12:23:00+03:00,5630.0,5630.0,5628.5,5629.5,414
MOEX:MGNT,2021-12-28T12:24:00+03:00,5629.5,5630.0,5629.0,5629.5,138
MOEX:MGNT,2021-12-28T12:25:00+03:00,5629.0,5629.0,5628.5,5629.0,242
MOEX:MGNT,2021-12-28T12:26:00+03:00,5629.0,5630.0,5628.5,5629.0,261
MOEX:MGNT,2021-12-28T12:27:00+03:00,5630.0,5630.0,5629.0,5629.5,185
MOEX:MGNT,2021-12-28T12:28:00+03:00,5630.0,5630.0,5629.5,5630.0,384
MOEX:MGNT,2021-12-28T12:29:00+03:00,5629.5,5630.0,5628.0,5628.0,546
MOEX:MGNT,2021-12-28T12:30:00+03:00,5628.5,5635.0,5628.0,5633.5,914
MOEX:MGNT,2021-12-28T12:31:00+03:00,5635.0,5635.0,5633.5,5634.5,207
MOEX:MGNT,2021-12-28T12:32:00+03:00,5635.0,5636.0,5633.0,5634.5,363
MOEX:MGNT,2021-12-28T12:33:00+03:00,5634.5,5634.5,5625.0,5628.0,1669
MOEX:MGNT,2021-12-28T12:34:00+03:00,5628.0,5630.0,5628.0,5628.0,372
MOEX:MGNT,2021-12-28T12:35:00+03:00,5628.0,5630.0,5627.5,5630.0,390
MOEX:MGNT,2021-12-28T12:36:00+03:00,5629.0,5631.0,5629.0,5629.5,285
MOEX:MGNT,2021-12-28T12:37:00+03:00,5630.0,5630.0,5626.0,5627.5,1724
MOEX:MGNT,2021-12-28T12:38:00+03:00,5627.0,5630.0,5627.0,5627.5,318
MOEX:MGNT,2021-12-28T12:39:00+03:00,5628.0,5628.0,5626.5,5627.5,225
MOEX:MGNT,2021-12-28T12:40:00+03:00,5627.5,5632.0,5627.5,5632.0,440
MOEX:MGNT,2021-12-28T12:41:00+03:00,5632.0,5634.0,5632.0,5633.0,161
MOEX:MGNT,2021-12-28T12:42:00+03:00,5633.0,5633.0,5629.5,5630.0,363
MOEX:MGNT,2021-12-28T12:43:00+03:00,5629.5,5629.5,5628.5,5629.0,386
MOEX:MGNT,2021-12-28T12:44:00+03:00,5629.5,5630.0,5628.0,5630.0,526
MOEX:MGNT,2021-12-28T12:45:00+03:00,5630.0,5630.0,5628.5,5629.5,183
MOEX:MGNT,2021-12-28T12:46:00+03:00,5630.0,5630.0,5629.0,5630.0,342
MOEX:MGNT,2021-12-28T12:47:00+03:00,5629.5,5630.0,5629.0,5629.5,265
MOEX:MGNT,2021-12-28T12:48:00+03:00,5629.5,5630.0,5625.0,5627.5,1614
MOEX:MGNT,2021-12-28T12:49:00+03:00,5627.5,5629.0,5625.0,5625.5,160
MOEX:MGNT,2021-12-28T12:50:00+03:00,5625.5,5630.0,5625.5,5628.0,816
MOEX:MGNT,2021-12-28T12:51:00+03:00,5628.0,5630.0,5628.0,5628.5,285
MOEX:MGNT,2021-12-28T12:52:00+03:00,5629.5,5630.0,5627.5,5628.0,162
MOEX:MGNT,2021-12-28T12:53:00+03:00,5627.5,5629.0,5627.5,5628.5,83
MOEX:MGNT,2021-12-28T12:54:00+03:00,5629.0,5631.0,5628.5,5631.0,321
MOEX:MGNT,2021-12-28T12:55:00+03:00,5630.5,5631.0,5629.5,5631.0,258
MOEX:MGNT,2021-12-28T12:56:00+03:00,5631.0,5632.0,5629.5,5629.5,185
MOEX:MGNT,2021-12-28T12:57:00+03:00,5630.0,5630.0,5626.0,5628.5,2246
MOEX:MGNT,2021-12-28T12:58:00+03:00,5626.0,5628.5,5626.0,5628.0,148
MOEX:MGNT,2021-12-28T12:59:00+03:00,5628.5,5630.0,5628.5,5630.0,246
MOEX:MGNT,2021-12-28T13:00:00+03:00,5628.5,5630.0,5628.5,5629.5,138
MOEX:MGNT,2021-12-28T13:01:00+03:00,5629.5,5630.0,5628.0,5629.0,318
MOEX:MGNT,2021-12-28T13:02:00+03:00,5630.0,5630.0,5627.0,5627.5,625
MOEX:MGNT,2021-12-28T13:03:00+03:00,5628.5,5628.5,5628.0,5628.0,155
MOEX:MGNT,2021-12-28T13:04:00+03:00,5627.5,5630.0,5625.0,5630.0,1311
MOEX:MGNT,2021-12-28T13:05:00+03:00,5628.5,5634.5,5627.5,5629.0,1573
MOEX:MGNT,2021-12-28T13:06:00+03:00,5629.0,5631.0,5629.0,5630.0,153
MOEX:MGNT,2021-12-28T13:07:00+03:00,5630.0,5632.0,5629.5,5630.5,171
MOEX:MGNT,2021-12-28T13:08:00+03:00,5630.5,5631.0,5629.0,5630.0,443
MOEX:MGNT,2021-12-28T13:09:00+03:00,5631.0,5632.0,5630.0,5632.0,174
MOEX:MGNT,2021-12-28T13:10:00+03:00,5631.5,5632.5,5629.0,5631.5,410
MOEX:MGNT,2021-12-28T13:11:00+03:00,5631.0,5633.5,5631.0,5631.5,279
MOEX:MGNT,2021-12-28T13:12:00+03:00,5631.5,5633.0,5631.0,5633.0,227
MOEX:MGNT,2021-12-28T13:13:00+03:00,5632.0,5635.0,5632.0,5635.0,308
MOEX:MGNT,2021-12-28T13:14:00+03:00,5634.0,5634.5,5629.0,5630.0,703
MOEX:MGNT,2021-12-28T13:15:00+03:00,5629.5,5630.0,5626.0,5629.0,699
MOEX:MGNT,2021-12-28T13:16:00+03:00,5629.0,5630.0,5628.5,5629.0,265
MOEX:MGNT,2021-12-28T13:17:00+03:00,5629.0,5630.0,5628.5,5630.0,171
MOEX:MGNT,2021-12-28T13:18:00+03:00,5630.0,5630.0,5628.5,5629.0,346
MOEX:MGNT,2021-12-28T13:19:00+03:00,5628.5,5629.5,5628.0,5629.5,291
MOEX:MGNT,2021-12-28T13:20:00+03:00,5628.0,5630.0,5628.0,5628.5,407
MOEX:MGNT,2021-12-28T13:21:00+03:00,5629.0,5629.0,5628.0,5628.0,369
MOEX:MGNT,2021-12-28T13:22:00+03:00,5629.0,5630.0,5628.5,5630.0,358
MOEX:MGNT,2021-12-28T13:23:00+03:00,5629.5,5633.0,5629.0,5631.0,429
MOEX:MGNT,2021-12-28T13:24:00+03:00,5631.0,5631.0,5629.0,5630.5,172
MOEX:MGNT,2021-12-28T13:25:00+03:00,5631.0,5632.0,5630.0,5632.0,106
MOEX:MGNT,2021-12-28T13:26:00+03:00,5632.0,5633.0,5629.0,5633.0,321
MOEX:MGNT,2021-12-28T13:27:00+03:00,5633.0,5635.0,5628.5,5630.0,2317
MOEX:MGNT,2021-12-28T13:28:00+03:00,5630.5,5633.0,5630.5,5632.5,292
MOEX:MGNT,2021-12-28T13:29:00+03:00,5632.5,5633.0,5630.5,5633.0,310
MOEX:MGNT,2021-12-28T13:30:00+03:00,5631.0,5632.0,5630.0,5632.0,394
MOEX:MGNT,2021-12-28T13:31:00+03:00,5632.0,5635.0,5625.5,5631.5,3237
MOEX:MGNT,2021-12-28T13:32:00+03:00,5631.5,5631.5,5629.0,5629.5,265
MOEX:MGNT,2021-12-28T13:33:00+03:00,5629.5,5630.0,5628.0,5629.5,632
MOEX:MGNT,2021-12-28T13:34:00+03:00,5631.0,5633.5,5629.5,5632.5,331
MOEX:MGNT,2021-12-28T13:35:00+03:00,5631.5,5633.0,5630.0,5633.0,192
MOEX:MGNT,2021-12-28T13:36:00+03:00,5633.0,5633.0,5630.5,5630.5,214
MOEX:MGNT,2021-12-28T13:37:00+03:00,5631.0,5633.5,5631.0,5632.0,252
MOEX:MGNT,2021-12-28T13:38:00+03:00,5633.5,5634.5,5632.0,5634.5,507
MOEX:MGNT,2021-12-28T13:39:00+03:00,5634.5,5635.0,5633.5,5635.0,221
MOEX:MGNT,2021-12-28T13:40:00+03:00,5634.0,5636.5,5634.0,5636.5,390
MOEX:MGNT,2021-12-28T13:41:00+03:00,5636.0,5636.0,5634.5,5636.0,352
MOEX:MGNT,2021-12-28T13:42:00+03:00,5635.0,5636.5,5635.0,5636.5,231
MOEX:MGNT,2021-12-28T13:43:00+03:00,5636.5,5638.0,5636.0,5636.5,382
MOEX:MGNT,2021-12-28T13:44:00+03:00,5636.5,5638.5,5636.5,5637.0,275
MOEX:MGNT,2021-12-28T13:45:00+03:00,5636.5,5636.5,5634.0,5635.0,667
MOEX:MGNT,2021-12-28T13:46:00+03:00,5636.0,5637.0,5630.0,5635.0,1517
MOEX:MGNT,2021-12-28T13:47:00+03:00,5634.5,5639.0,5634.5,5637.0,890
MOEX:MGNT,2021-12-28T13:48:00+03:00,5637.5,5639.5,5637.0,5639.0,596
MOEX:MGNT,2021-12-28T13:49:00+03:00,5637.5,5640.0,5637.5,5639.0,1200
MOEX:MGNT,2021-12-28T13:50:00+03:00,5639.0,5639.0,5637.5,5639.0,390
MOEX:MGNT,2021-12-28T13:51:00+03:00,5639.0,5640.0,5638.0,5640.0,209
MOEX:MGNT,2021-12-28T13:52:00+03:00,5639.0,5640.0,5636.5,5638.0,1630
MOEX:MGNT,2021-12-28T13:53:00+03:00,5637.5,5638.0,5636.5,5637.5,238
MOEX:MGNT,2021-12-28T13:54:00+03:00,5638.0,5639.0,5636.5,5636.5,323
MOEX:MGNT,2021-12-28T13:55:00+03:00,5636.5,5639.0,5636.5,5639.0,207
MOEX:MGNT,2021-12-28T13:56:00+03:00,5639.0,5640.0,5638.5,5638.5,389
MOEX:MGNT,2021-12-28T13:57:00+03:00,5639.0,5643.5,5639.0,5639.0,1404
MOEX:MGNT,2021-12-28T13:58:00+03:00,5640.0,5641.0,5638.5,5641.0,357
MOEX:MGNT,2021-12-28T13:59:00+03:00,5638.5,5641.0,5638.5,5641.0,162
MOEX:MGNT,2021-12-28T14:00:00+03:00,5640.0,5642.5,5640.0,5642.5,264
MOEX:MGNT,2021-12-28T14:01:00+03:00,5641.5,5644.0,5641.5,5643.0,607
MOEX:MGNT,2021-12-28T14:02:00+03:00,5643.0,5647.0,5643.0,5647.0,491
MOEX:MGNT,2021-12-28T14:03:00+03:00,5647.5,5647.5,5645.0,5645.5,418
MOEX:MGNT,2021-12-28T14:04:00+03:00,5645.5,5648.0,5645.5,5648.0,215
MOEX:MGNT,2021-12-28T14:05:00+03:00,5648.0,5648.0,5640.0,5642.0,1030
MOEX:MGNT,2021-12-28T14:06:00+03:00,5642.0,5644.5,5640.5,5643.0,451
MOEX:MGNT,2021-12-28T14:07:00+03:00,5643.0,5644.5,5642.0,5642.5,356
MOEX:MGNT,2021-12-28T14:08:00+03:00,5643.0,5645.5,5642.5,5645.0,214
MOEX:MGNT,2021-12-28T14:09:00+03:00,5645.0,5646.5,5643.0,5643.0,506
MOEX:MGNT,2021-12-28T14:10:00+03:00,5642.0,5645.5,5642.0,5645.5,277
MOEX:MGNT,2021-12-28T14:11:00+03:00,5643.5,5649.5,5643.5,5645.5,1232
MOEX:MGNT,2021-12-28T14:12:00+03:00,5645.0,5647.0,5644.5,5646.0,258
MOEX:MGNT,2021-12-28T14:13:00+03:00,5646.0,5648.5,5645.5,5645.5,240
MOEX:MGNT,2021-12-28T14:14:00+03:00,5647.0,5648.5,5643.5,5644.0,387
MOEX:MGNT,2021-12-28T14:15:00+03:00,5644.0,5648.0,5644.0,5648.0,128
MOEX:MGNT,2021-12-28T14:16:00+03:00,5647.0,5648.0,5645.5,5645.5,381
MOEX:MGNT,2021-12-28T14:17:00+03:00,5645.5,5646.0,5644.5,5645.0,262
MOEX:MGNT,2021-12-28T14:18:00+03:00,5646.0,5648.0,5646.0,5647.5,308
MOEX:MGNT,2021-12-28T14:19:00+03:00,5648.0,5648.0,5648.0,5648.0,571
MOEX:MGNT,2021-12-28T14:20:00+03:00,5647.0,5650.0,5647.0,5649.0,2938
MOEX:MGNT,2021-12-28T14:21:00+03:00,5650.0,5650.0,5648.5,5648.5,693
MOEX:MGNT,2021-12-28T14:22:00+03:00,5649.0,5653.5,5648.5,5650.0,3152
MOEX:MGNT,2021-12-28T14:23:00+03:00,5649.5,5654.5,5649.5,5650.5,385
MOEX:MGNT,2021-12-28T14:24:00+03:00,5651.0,5653.0,5651.0,5653.0,265
MOEX:MGNT,2021-12-28T14:25:00+03:00,5652.0,5654.5,5651.0,5652.5,314
MOEX:MGNT,2021-12-28T14:26:00+03:00,5652.5,5655.0,5652.5,5655.0,444
MOEX:MGNT,2021-12-28T14:27:00+03:00,5654.5,5660.0,5653.5,5659.5,2933
MOEX:MGNT,2021-12-28T14:28:00+03:00,5659.5,5660.0,5656.5,5659.0,480
MOEX:MGNT,2021-12-28T14:29:00+03:00,5658.5,5659.0,5658.0,5659.0,471
MOEX:MGNT,2021-12-28T14:30:00+03:00,5659.0,5659.0,5658.0,5659.0,338
MOEX:MGNT,2021-12-28T14:31:00+03:00,5658.5,5660.0,5658.5,5658.5,880
MOEX:MGNT,2021-12-28T14:32:00+03:00,5659.0,5660.0,5658.5,5659.0,129
MOEX:MGNT,2021-12-28T14:33:00+03:00,5658.5,5659.5,5656.5,5656.5,825
MOEX:MGNT,2021-12-28T14:34:00+03:00,5657.5,5658.0,5656.5,5656.5,1371
MOEX:MGNT,2021-12-28T14:35:00+03:00,5658.0,5658.0,5657.0,5657.0,190
MOEX:MGNT,2021-12-28T14:36:00+03:00,5658.0,5658.0,5657.0,5657.5,305
MOEX:MGNT,2021-12-28T14:37:00+03:00,5658.0,5659.5,5657.5,5659.5,1463
MOEX:MGNT,2021-12-28T14:38:00+03:00,5659.0,5659.5,5657.0,5658.0,534
MOEX:MGNT,2021-12-28T14:39:00+03:00,5657.5,5659.5,5654.0,5655.0,1317
MOEX:MGNT,2021-12-28T14:40:00+03:00,5655.5,5659.0,5655.0,5658.0,407
MOEX:MGNT,2021-12-28T14:41:00+03:00,5657.0,5659.5,5657.0,5658.0,267
MOEX:MGNT,2021-12-28T14:42:00+03:00,5657.5,5659.0,5657.5,5658.0,382
MOEX:MGNT,2021-12-28T14:43:00+03:00,5657.5,5659.0,5657.5,5658.5,448
MOEX:MGNT,2021-12-28T14:44:00+03:00,5657.5,5659.0,5657.0,5658.0,153
MOEX:MGNT,2021-12-28T14:45:00+03:00,5658.0,5659.5,5657.5,5659.5,554
MOEX:MGNT,2021-12-28T14:46:00+03:00,5659.5,5659.5,5658.0,5659.5,687
MOEX:MGNT,2021-12-28T14:47:00+03:00,5659.5,5660.0,5655.5,5658.0,2858
MOEX:MGNT,2021-12-28T14:48:00+03:00,5658.0,5658.5,5657.0,5657.0,287
MOEX:MGNT,2021-12-28T14:49:00+03:00,5657.0,5660.0,5657.0,5657.5,372
MOEX:MGNT,2021-12-28T14:50:00+03:00,5660.0,5661.5,5658.0,5661.5,736
MOEX:MGNT,2021-12-28T14:51:00+03:00,5661.5,5663.0,5659.0,5659.0,640
MOEX:MGNT,2021-12-28T14:52:00+03:00,5659.5,5662.0,5659.5,5662.0,188
MOEX:MGNT,2021-12-28T14:53:00+03:00,5662.0,5664.0,5661.5,5662.0,374
MOEX:MGNT,2021-12-28T14:54:00+03:00,5662.0,5664.0,5662.0,5663.5,290
MOEX:MGNT,2021-12-28T14:55:00+03:00,5663.5,5665.0,5663.5,5664.0,436
MOEX:MGNT,2021-12-28T14:56:00+03:00,5664.5,5665.0,5661.5,5662.5,1166
MOEX:MGNT,2021-12-28T14:57:00+03:00,5663.0,5664.5,5662.0,5662.0,230
MOEX:MGNT,2021-12-28T14:58:00+03:00,5662.0,5665.0,5661.0,5662.5,557
MOEX:MGNT,2021-12-28T14:59:00+03:00,5663.0,5663.5,5660.5,5660.5,635
MOEX:MGNT,2021-12-28T15:00:00+03:00,5660.5,5660.5,5659.5,5660.5,559
MOEX:MGNT,2021-12-28T15:01:00+03:00,5660.0,5660.5,5659.5,5660.0,300
MOEX:MGNT,2021-12-28T15:02:00+03:00,5660.0,5661.0,5659.5,5661.0,228
MOEX:MGNT,2021-12-28T15:03:00+03:00,5660.0,5661.0,5659.5,5660.0,307
MOEX:MGNT,2021-12-28T15:04:00+03:00,5660.0,5660.0,5651.5,5651.5,914
MOEX:MGNT,2021-12-28T15:05:00+03:00,5651.5,5653.5,5650.0,5651.5,768
MOEX:MGNT,2021-12-28T15:06:00+03:00,5651.5,5654.5,5651.5,5653.0,223
MOEX:MGNT,2021-12-28T15:07:00+03:00,5653.0,5655.0,5653.0,5654.0,252
MOEX:MGNT,2021-12-28T15:08:00+03:00,5654.5,5657.5,5653.5,5655.5,637
MOEX:MGNT,2021-12-28T15:09:00+03:00,5656.5,5658.5,5655.0,5657.0,171
MOEX:MGNT,2021-12-28T15:10:00+03:00,5657.0,5662.0,5657.0,5661.5,513
MOEX:MGNT,2021-12-28T15:11:00+03:00,5660.5,5662.5,5660.5,5662.5,317
MOEX:MGNT,2021-12-28T15:12:00+03:00,5661.5,5663.5,5660.0,5660.0,271
MOEX:MGNT,2021-12-28T15:13:00+03:00,5660.5,5662.0,5660.0,5661.0,468
MOEX:MGNT,2021-12-28T15:14:00+03:00,5661.0,5661.0,5658.0,5660.0,307
MOEX:MGNT,2021-12-28T15:15:00+03:00,5659.5,5660.0,5659.0,5659.0,408
MOEX:MGNT,2021-12-28T15:16:00+03:00,5659.0,5662.0,5659.0,5660.5,521
MOEX:MGNT,2021-12-28T15:17:00+03:00,5660.0,5662.0,5659.5,5661.0,374
MOEX:MGNT,2021-12-28T15:18:00+03:00,5660.5,5661.0,5659.0,5660.0,286
MOEX:MGNT,2021-12-28T15:19:00+03:00,5659.0,5662.0,5658.5,5661.0,1255
MOEX:MGNT,2021-12-28T15:20:00+03:00,5660.0,5661.0,5660.0,5661.0,911
MOEX:MGNT,2021-12-28T15:21:00+03:00,5660.5,5662.0,5660.5,5661.0,300
MOEX:MGNT,2021-12-28T15:22:00+03:00,5662.0,5662.0,5661.0,5661.0,348
MOEX:MGNT,2021-12-28T15:23:00+03:00,5661.5,5663.5,5660.0,5662.0,1821
MOEX:MGNT,2021-12-28T15:24:00+03:00,5662.0,5663.5,5660.0,5661.0,647
MOEX:MGNT,2021-12-28T15:25:00+03:00,5661.5,5661.5,5659.5,5660.0,280
MOEX:MGNT,2021-12-28T15:26:00+03:00,5660.0,5661.0,5659.5,5659.5,130
MOEX:MGNT,2021-12-28T15:27:00+03:00,5660.0,5661.0,5659.5,5660.0,232
MOEX:MGNT,2021-12-28T15:28:00+03:00,5660.0,5663.5,5660.0,5663.5,819
MOEX:MGNT,2021-12-28T15:29:00+03:00,5663.5,5664.0,5662.5,5663.5,457
MOEX:MGNT,2021-12-28T15:30:00+03:00,5663.5,5663.5,5659.5,5660.0,392
MOEX:MGNT,2021-12-28T15:31:00+03:00,5662.0,5663.0,5660.0,5662.0,95
MOEX:MGNT,2021-12-28T15:32:00+03:00,5663.0,5663.5,5662.5,5662.5,305
MOEX:MGNT,2021-12-28T15:33:00+03:00,5663.0,5663.5,5662.5,5663.5,201
MOEX:MGNT,2021-12-28T15:34:00+03:00,5662.5,5663.5,5662.0,5662.5,261
MOEX:MGNT,2021-12-28T15:35:00+03:00,5662.5,5662.5,5660.5,5661.0,475
MOEX:MGNT,2021-12-28T15:36:00+03:00,5661.5,5661.5,5660.0,5660.5,351
MOEX:MGNT,2021-12-28T15:37:00+03:00,5661.0,5661.0,5658.0,5660.0,460
MOEX:MGNT,2021-12-28T15:38:00+03:00,5660.5,5661.0,5659.5,5660.0,225
MOEX:MGNT,2021-12-28T15:39:00+03:00,5660.0,5660.5,5659.0,5660.0,335
MOEX:MGNT,2021-12-28T15:40:00+03:00,5660.0,5660.5,5658.5,5658.5,319
MOEX:MGNT,2021-12-28T15:41:00+03:00,5659.0,5663.5,5658.5,5663.5,1252
MOEX:MGNT,2021-12-28T15:42:00+03:00,5662.0,5663.5,5660.0,5663.5,147
MOEX:MGNT,2021-12-28T15:43:00+03:00,5662.0,5663.5,5661.5,5661.5,393
MOEX:MGNT,2021-12-28T15:44:00+03:00,5662.5,5663.5,5661.0,5663.5,323
MOEX:MGNT,2021-12-28T15:45:00+03:00,5663.5,5663.5,5662.0,5663.5,273
MOEX:MGNT,2021-12-28T15:46:00+03:00,5663.5,5664.0,5662.5,5663.5,354
MOEX:MGNT,2021-12-28T15:47:00+03:00,5663.5,5664.5,5663.5,5664.0,1018
MOEX:MGNT,2021-12-28T15:48:00+03:00,5664.0,5664.5,5664.0,5664.5,182
MOEX:MGNT,2021-12-28T15:49:00+03:00,5664.5,5668.0,5664.5,5664.5,1645
MOEX:MGNT,2021-12-28T15:50:00+03:00,5665.0,5665.0,5664.5,5665.0,193
MOEX:MGNT,2021-12-28T15:51:00+03:00,5665.0,5665.5,5664.0,5665.0,510
MOEX:MGNT,2021-12-28T15:52:00+03:00,5665.0,5665.5,5665.0,5665.5,378
MOEX:MGNT,2021-12-28T15:53:00+03:00,5665.5,5667.0,5665.0,5667.0,240
MOEX:MGNT,2021-12-28T15:54:00+03:00,5666.5,5668.0,5666.5,5668.0,347
MOEX:MGNT,2021-12-28T15:55:00+03:00,5668.0,5669.0,5668.0,5669.0,931
MOEX:MGNT,2021-12-28T15:56:00+03:00,5668.5,5669.0,5668.0,5668.0,300
MOEX:MGNT,2021-12-28T15:57:00+03:00,5668.5,5669.5,5668.5,5668.5,561
MOEX:MGNT,2021-12-28T15:58:00+03:00,5668.5,5670.0,5668.0,5669.5,593
MOEX:MGNT,2021-12-28T15:59:00+03:00,5669.5,5669.5,5668.0,5669.5,331
MOEX:MGNT,2021-12-28T16:00:00+03:00,5669.5,5670.0,5669.0,5670.0,477
MOEX:MGNT,2021-12-28T16:01:00+03:00,5670.0,5670.0,5667.0,5667.0,1176
MOEX:MGNT,2021-12-28T16:02:00+03:00,5669.0,5669.0,5667.0,5668.0,84
MOEX:MGNT,2021-12-28T16:03:00+03:00,5669.0,5670.0,5668.0,5669.0,2372
MOEX:MGNT,2021-12-28T16:04:00+03:00,5669.0,5669.0,5668.0,5669.0,623
MOEX:MGNT,2021-12-28T16:05:00+03:00,5669.0,5669.0,5668.0,5669.0,482
MOEX:MGNT,2021-12-28T16:06:00+03:00,5668.5,5669.0,5668.5,5669.0,302
MOEX:MGNT,2021-12-28T16:07:00+03:00,5668.5,5669.0,5668.5,5669.0,337
MOEX:MGNT,2021-12-28T16:08:00+03:00,5669.0,5669.5,5669.0,5669.0,293
MOEX:MGNT,2021-12-28T16:09:00+03:00,5669.0,5669.0,5665.5,5667.5,1749
MOEX:MGNT,2021-12-28T16:10:00+03:00,5667.5,5668.0,5666.0,5668.0,404
MOEX:MGNT,2021-12-28T16:11:00+03:00,5665.5,5669.0,5665.5,5668.5,344
MOEX:MGNT,2021-12-28T16:12:00+03:00,5669.0,5669.0,5668.0,5669.0,470
MOEX:MGNT,2021-12-28T16:13:00+03:00,5669.0,5670.0,5668.5,5669.0,209
MOEX:MGNT,2021-12-28T16:14:00+03:00,5669.0,5669.0,5668.0,5669.0,1413
MOEX:MGNT,2021-12-28T16:15:00+03:00,5668.0,5669.0,5666.0,5667.0,653
MOEX:MGNT,2021-12-28T16:16:00+03:00,5666.5,5668.5,5665.5,5668.0,430
MOEX:MGNT,2021-12-28T16:17:00+03:00,5668.0,5668.0,5667.0,5668.0,344
MOEX:MGNT,2021-12-28T16:18:00+03:00,5666.5,5668.0,5666.5,5668.0,402
MOEX:MGNT,2021-12-28T16:19:00+03:00,5667.0,5668.0,5667.0,5668.0,245
MOEX:MGNT,2021-12-28T16:20:00+03:00,5668.0,5668.0,5666.5,5668.0,343
MOEX:MGNT,2021-12-28T16:21:00+03:00,5668.0,5668.5,5667.0,5668.0,482
MOEX:MGNT,2021-12-28T16:22:00+03:00,5668.0,5668.0,5660.0,5660.0,2291
MOEX:MGNT,2021-12-28T16:23:00+03:00,5662.0,5662.0,5660.0,5661.0,311
MOEX:MGNT,2021-12-28T16:24:00+03:00,5661.0,5662.5,5659.0,5659.0,1604
MOEX:MGNT,2021-12-28T16:25:00+03:00,5658.0,5660.5,5655.0,5660.0,1520
MOEX:MGNT,2021-12-28T16:26:00+03:00,5660.0,5662.0,5658.5,5660.0,579
MOEX:MGNT,2021-12-28T16:27:00+03:00,5661.5,5663.0,5660.0,5663.0,424
MOEX:MGNT,2021-12-28T16:28:00+03:00,5663.0,5665.0,5659.5,5662.0,830
MOEX:MGNT,2021-12-28T16:29:00+03:00,5662.0,5663.0,5661.0,5663.0,560
MOEX:MGNT,2021-12-28T16:30:00+03:00,5663.0,5667.5,5661.5,5665.0,1299
MOEX:MGNT,2021-12-28T16:31:00+03:00,5667.0,5667.5,5665.0,5665.0,349
MOEX:MGNT,2021-12-28T16:32:00+03:00,5665.5,5668.5,5665.0,5668.0,3181
MOEX:MGNT,2021-12-28T16:33:00+03:00,5668.0,5668.5,5665.0,5667.0,459
MOEX:MGNT,2021-12-28T16:34:00+03:00,5668.5,5668.5,5664.5,5668.5,253
MOEX:MGNT,2021-12-28T16:35:00+03:00,5668.0,5669.0,5667.0,5668.0,252
MOEX:MGNT,2021-12-28T16:36:00+03:00,5668.5,5672.5,5668.5,5668.5,3859
MOEX:MGNT,2021-12-28T16:37:00+03:00,5668.5,5670.5,5666.5,5668.5,365
MOEX:MGNT,2021-12-28T16:38:00+03:00,5668.0,5673.0,5668.0,5672.0,389
MOEX:MGNT,2021-12-28T16:39:00+03:00,5672.0,5673.0,5667.5,5668.5,467
MOEX:MGNT,2021-12-28T16:40:00+03:00,5669.0,5672.0,5666.5,5672.0,504
MOEX:MGNT,2021-12-28T16:41:00+03:00,5672.0,5672.0,5666.0,5666.0,973
MOEX:MGNT,2021-12-28T16:42:00+03:00,5668.0,5669.0,5666.0,5668.0,201
MOEX:MGNT,2021-12-28T16:43:00+03:00,5668.5,5670.0,5665.5,5668.0,589
MOEX:MGNT,2021-12-28T16:44:00+03:00,5668.0,5670.0,5667.0,5669.5,367
MOEX:MGNT,2021-12-28T16:45:00+03:00,5668.5,5671.0,5668.0,5669.0,552
MOEX:MGNT,2021-12-28T16:46:00+03:00,5667.5,5669.0,5667.0,5667.5,434
MOEX:MGNT,2021-12-28T16:47:00+03:00,5668.0,5668.0,5666.0,5666.5,301
MOEX:MGNT,2021-12-28T16:48:00+03:00,5666.0,5666.5,5664.0,5665.5,397
MOEX:MGNT,2021-12-28T16:49:00+03:00,5665.5,5668.0,5664.5,5665.5,349
MOEX:MGNT,2021-12-28T16:50:00+03:00,5668.0,5669.0,5664.5,5665.0,732
MOEX:MGNT,2021-12-28T16:51:00+03:00,5665.0,5665.0,5663.0,5663.0,232
MOEX:MGNT,2021-12-28T16:52:00+03:00,5663.0,5665.0,5661.5,5664.0,252
MOEX:MGNT,2021-12-28T16:53:00+03:00,5664.0,5664.0,5662.0,5663.5,97
MOEX:MGNT,2021-12-28T16:54:00+03:00,5664.0,5664.0,5660.0,5661.5,467
MOEX:MGNT,2021-12-28T16:55:00+03:00,5661.0,5661.5,5660.0,5661.0,224
MOEX:MGNT,2021-12-28T16:56:00+03:00,5661.0,5662.0,5660.0,5661.5,376
MOEX:MGNT,2021-12-28T16:57:00+03:00,5660.5,5661.5,5660.5,5661.5,220
MOEX:MGNT,2021-12-28T16:58:00+03:00,5661.5,5662.0,5661.5,5662.0,100
MOEX:MGNT,2021-12-28T16:59:00+03:00,5661.5,5663.0,5656.5,5659.0,1729
MOEX:MGNT,2021-12-28T17:00:00+03:00,5659.0,5663.5,5658.5,5662.0,449
MOEX:MGNT,2021-12-28T17:01:00+03:00,5661.5,5662.5,5655.0,5658.0,696
MOEX:MGNT,2021-12-28T17:02:00+03:00,5658.0,5660.0,5655.5,5659.5,243
MOEX:MGNT,2021-12-28T17:03:00+03:00,5660.0,5661.5,5659.0,5660.5,318
MOEX:MGNT,2021-12-28T17:04:00+03:00,5661.5,5662.5,5659.5,5660.0,256
MOEX:MGNT,2021-12-28T17:05:00+03:00,5662.5,5662.5,5660.0,5661.0,1518
MOEX:MGNT,2021-12-28T17:06:00+03:00,5661.5,5662.0,5660.0,5662.0,136
MOEX:MGNT,2021-12-28T17:07:00+03:00,5661.5,5662.0,5660.0,5661.5,308
MOEX:MGNT,2021-12-28T17:08:00+03:00,5662.0,5662.0,5661.5,5662.0,68
MOEX:MGNT,2021-12-28T17:09:00+03:00,5662.0,5662.0,5660.0,5660.5,1612
MOEX:MGNT,2021-12-28T17:10:00+03:00,5660.5,5661.0,5651.0,5653.5,3980
MOEX:MGNT,2021-12-28T17:11:00+03:00,5653.5,5658.0,5652.5,5656.5,488
MOEX:MGNT,2021-12-28T17:12:00+03:00,5656.0,5660.0,5655.0,5657.5,911
MOEX:MGNT,2021-12-28T17:13:00+03:00,5657.0,5657.5,5655.0,5655.0,230
MOEX:MGNT,2021-12-28T17:14:00+03:00,5655.5,5657.5,5655.0,5657.0,1118
MOEX:MGNT,2021-12-28T17:15:00+03:00,5656.5,5657.0,5655.0,5656.0,209
MOEX:MGNT,2021-12-28T17:16:00+03:00,5655.5,5656.5,5655.0,5656.0,633
MOEX:MGNT,2021-12-28T17:17:00+03:00,5655.5,5656.0,5652.5,5654.5,582
MOEX:MGNT,2021-12-28T17:18:00+03:00,5654.0,5659.0,5652.0,5654.0,1754
MOEX:MGNT,2021-12-28T17:19:00+03:00,5654.5,5654.5,5654.0,5654.0,218
MOEX:MGNT,2021-12-28T17:20:00+03:00,5654.5,5654.5,5651.5,5654.5,364
MOEX:MGNT,2021-12-28T17:21:00+03:00,5653.5,5658.0,5652.5,5656.0,2364
MOEX:MGNT,2021-12-28T17:22:00+03:00,5657.0,5657.0,5654.0,5656.5,445
MOEX:MGNT,2021-12-28T17:23:00+03:00,5655.0,5657.0,5655.0,5656.5,266
MOEX:MGNT,2021-12-28T17:24:00+03:00,5657.0,5658.0,5655.0,5656.5,184
MOEX:MGNT,2021-12-28T17:25:00+03:00,5657.0,5657.0,5655.0,5657.0,149
MOEX:MGNT,2021-12-28T17:26:00+03:00,5657.0,5658.0,5656.5,5657.0,183
MOEX:MGNT,2021-12-28T17:27:00+03:00,5657.0,5661.0,5656.5,5656.5,1443
MOEX:MGNT,2021-12-28T17:28:00+03:00,5659.5,5660.0,5657.5,5660.0,286
MOEX:MGNT,2021-12-28T17:29:00+03:00,5660.0,5662.0,5659.5,5662.0,374
MOEX:MGNT,2021-12-28T17:30:00+03:00,5662.0,5662.0,5660.5,5661.5,232
MOEX:MGNT,2021-12-28T17:31:00+03:00,5662.0,5662.0,5656.5,5657.5,291
MOEX:MGNT,2021-12-28T17:32:00+03:00,5658.5,5661.0,5658.0,5660.5,98
MOEX:MGNT,2021-12-28T17:33:00+03:00,5660.5,5661.5,5657.5,5661.5,357
MOEX:MGNT,2021-12-28T17:34:00+03:00,5661.0,5661.5,5661.0,5661.5,65
MOEX:MGNT,2021-12-28T17:35:00+03:00,5661.5,5662.5,5660.0,5662.5,1053
MOEX:MGNT,2021-12-28T17:36:00+03:00,5661.0,5665.0,5661.0,5664.0,965
MOEX:MGNT,2021-12-28T17:37:00+03:00,5665.0,5665.0,5663.0,5663.0,186
MOEX:MGNT,2021-12-28T17:38:00+03:00,5664.5,5665.5,5664.5,5665.5,163
MOEX:MGNT,2021-12-28T17:39:00+03:00,5665.5,5667.0,5665.0,5667.0,436
MOEX:MGNT,2021-12-28T17:40:00+03:00,5666.5,5668.5,5664.5,5668.5,639
MOEX:MGNT,2021-12-28T17:41:00+03:00,5668.5,5669.0,5664.5,5669.0,263
MOEX:MGNT,2021-12-28T17:42:00+03:00,5668.0,5668.5,5650.0,5655.0,10425
MOEX:MGNT,2021-12-28T17:43:00+03:00,5654.0,5658.0,5650.0,5651.0,711
MOEX:MGNT,2021-12-28T17:44:00+03:00,5651.0,5657.0,5651.0,5656.0,476
MOEX:MGNT,2021-12-28T17:45:00+03:00,5656.0,5656.0,5653.5,5655.5,136
MOEX:MGNT,2021-12-28T17:46:00+03:00,5656.0,5660.0,5655.5,5657.5,543
MOEX:MGNT,2021-12-28T17:47:00+03:00,5657.0,5660.0,5653.5,5656.0,710
MOEX:MGNT,2021-12-28T17:48:00+03:00,5656.5,5660.0,5655.0,5657.5,1536
MOEX:MGNT,2021-12-28T17:49:00+03:00,5659.0,5660.0,5658.5,5659.0,191
MOEX:MGNT,2021-12-28T17:50:00+03:00,5660.0,5660.0,5659.5,5660.0,109
MOEX:MGNT,2021-12-28T17:51:00+03:00,5659.5,5662.0,5659.5,5661.0,455
MOEX:MGNT,2021-12-28T17:52:00+03:00,5661.0,5661.0,5659.5,5661.0,222
MOEX:MGNT,2021-12-28T17:53:00+03:00,5661.0,5661.0,5660.5,5661.0,154
MOEX:MGNT,2021-12-28T17:54:00+03:00,5661.0,5664.0,5660.0,5663.0,1254
MOEX:MGNT,2021-12-28T17:55:00+03:00,5663.0,5665.0,5659.0,5659.5,792
MOEX:MGNT,2021-12-28T17:56:00+03:00,5662.0,5662.0,5661.5,5662.0,80
MOEX:MGNT,2021-12-28T17:57:00+03:00,5662.0,5665.0,5662.0,5664.0,204
MOEX:MGNT,2021-12-28T17:58:00+03:00,5663.5,5664.5,5661.0,5663.5,355
MOEX:MGNT,2021-12-28T17:59:00+03:00,5663.0,5664.0,5662.0,5664.0,192
MOEX:MGNT,2021-12-28T18:00:00+03:00,5664.0,5667.0,5660.5,5661.0,1692
MOEX:MGNT,2021-12-28T18:01:00+03:00,5664.5,5667.0,5660.5,5664.5,653
MOEX:MGNT,2021-12-28T18:02:00+03:00,5665.5,5667.0,5665.0,5666.0,240
MOEX:MGNT,2021-12-28T18:03:00+03:00,5665.5,5667.0,5665.5,5666.5,593
MOEX:MGNT,2021-12-28T18:04:00+03:00,5666.5,5666.5,5665.5,5666.0,397
MOEX:MGNT,2021-12-28T18:05:00+03:00,5666.0,5666.0,5660.0,5661.5,2654
MOEX:MGNT,2021-12-28T18:06:00+03:00,5662.0,5665.0,5658.0,5660.5,2018
MOEX:MGNT,2021-12-28T18:07:00+03:00,5661.0,5665.5,5660.0,5664.5,578
MOEX:MGNT,2021-12-28T18:08:00+03:00,5664.5,5665.0,5655.0,5657.5,4395
MOEX:MGNT,2021-12-28T18:09:00+03:00,5656.5,5660.0,5656.5,5660.0,254
MOEX:MGNT,2021-12-28T18:10:00+03:00,5660.0,5662.5,5659.5,5661.0,614
MOEX:MGNT,2021-12-28T18:11:00+03:00,5661.0,5662.5,5658.0,5662.0,857
MOEX:MGNT,2021-12-28T18:12:00+03:00,5661.5,5662.5,5657.5,5660.0,341
MOEX:MGNT,2021-12-28T18:13:00+03:00,5660.0,5661.5,5659.0,5661.5,1181
MOEX:MGNT,2021-12-28T18:14:00+03:00,5661.5,5661.5,5660.5,5661.5,403
MOEX:MGNT,2021-12-28T18:15:00+03:00,5661.0,5661.5,5661.0,5661.5,549
MOEX:MGNT,2021-12-28T18:16:00+03:00,5661.5,5661.5,5658.5,5660.5,907
MOEX:MGNT,2021-12-28T18:17:00+03:00,5660.0,5661.5,5660.0,5660.0,678
MOEX:MGNT,2021-12-28T18:18:00+03:00,5660.5,5661.5,5656.0,5657.0,4839
MOEX:MGNT,2021-12-28T18:19:00+03:00,5658.5,5660.5,5656.5,5659.5,640
MOEX:MGNT,2021-12-28T18:20:00+03:00,5661.0,5661.5,5658.0,5659.5,1380
MOEX:MGNT,2021-12-28T18:21:00+03:00,5660.5,5661.0,5658.0,5659.5,492
MOEX:MGNT,2021-12-28T18:22:00+03:00,5658.0,5661.0,5658.0,5660.0,452
MOEX:MGNT,2021-12-28T18:23:00+03:00,5661.0,5661.0,5658.0,5658.5,2135
MOEX:MGNT,2021-12-28T18:24:00+03:00,5660.0,5660.0,5658.0,5658.5,379
MOEX:MGNT,2021-12-28T18:25:00+03:00,5658.5,5659.5,5658.5,5659.0,727
MOEX:MGNT,2021-12-28T18:26:00+03:00,5659.0,5659.5,5658.5,5659.5,1202
MOEX:MGNT,2021-12-28T18:27:00+03:00,5659.5,5661.0,5658.0,5661.0,2262
MOEX:MGNT,2021-12-28T18:28:00+03:00,5661.0,5661.0,5660.0,5660.5,122
MOEX:MGNT,2021-12-28T18:29:00+03:00,5661.0,5661.0,5657.5,5659.0,1747
MOEX:MGNT,2021-12-28T18:30:00+03:00,5659.0,5659.0,5658.0,5659.0,250
MOEX:MGNT,2021-12-28T18:31:00+03:00,5658.5,5660.0,5657.5,5657.5,2702
MOEX:MGNT,2021-12-28T18:32:00+03:00,5658.0,5660.0,5655.5,5658.0,2441
MOEX:MGNT,2021-12-28T18:33:00+03:00,5657.5,5660.5,5655.0,5659.0,5651
MOEX:MGNT,2021-12-28T18:34:00+03:00,5660.0,5660.0,5658.0,5658.0,2853
MOEX:MGNT,2021-12-28T18:35:00+03:00,5659.0,5660.0,5658.0,5659.0,2484
MOEX:MGNT,2021-12-28T18:36:00+03:00,5660.0,5660.5,5659.0,5660.5,3491
MOEX:MGNT,2021-12-28T18:37:00+03:00,5659.0,5661.0,5659.0,5661.0,2686
MOEX:MGNT,2021-12-28T18:38:00+03:00,5659.0,5661.0,5658.0,5659.5,1341
MOEX:MGNT,2021-12-28T18:39:00+03:00,5658.0,5660.0,5658.0,5660.0,1313
MOEX:MGNT,2021-12-28T18:45:00+03:00,5662.0,5662.0,5662.0,5662.0,4444
MOEX:MGNT,2021-12-28T18:46:00+03:00,5662.0,5662.0,5662.0,5662.0,1288
MOEX:MGNT,2021-12-28T18:48:00+03:00,5662.0,5662.0,5662.0,5662.0,44
MOEX:MGNT,2021-12-28T18:49:00+03:00,5662.0,5662.0,5662.0,5662.0,50
MOEX:MGNT,2021-12-28T19:04:00+03:00,5659.0,5659.0,5659.0,5659.0,8
MOEX:MGNT,2021-12-28T19:05:00+03:00,5655.0,5655.0,5634.0,5645.0,4017
MOEX:MGNT,2021-12-28T19:06:00+03:00,5643.0,5651.5,5643.0,5651.5,436
MOEX:MGNT,2021-12-28T19:07:00+03:00,5652.0,5653.5,5650.5,5653.5,316
MOEX:MGNT,2021-12-28T19:08:00+03:00,5651.0,5654.0,5645.0,5649.0,1118
MOEX:MGNT,2021-12-28T19:09:00+03:00,5649.0,5650.0,5645.5,5646.0,90
MOEX:MGNT,2021-12-28T19:10:00+03:00,5646.0,5649.0,5646.0,5646.0,53
MOEX:MGNT,2021-12-28T19:11:00+03:00,5646.0,5649.0,5645.0,5646.0,283
MOEX:MGNT,2021-12-28T19:12:00+03:00,5644.5,5646.0,5644.0,5645.0,269
MOEX:MGNT,2021-12-28T19:13:00+03:00,5644.0,5646.0,5644.0,5646.0,231
MOEX:MGNT,2021-12-28T19:14:00+03:00,5646.0,5649.5,5644.5,5646.5,663
MOEX:MGNT,2021-12-28T19:15:00+03:00,5646.5,5649.0,5646.0,5648.5,90
MOEX:MGNT,2021-12-28T19:16:00+03:00,5646.5,5650.0,5644.5,5648.5,200
MOEX:MGNT,2021-12-28T19:17:00+03:00,5648.0,5648.0,5644.5,5647.5,125
MOEX:MGNT,2021-12-28T19:18:00+03:00,5644.5,5650.0,5644.5,5645.0,233
MOEX:MGNT,2021-12-28T19:19:00+03:00,5645.0,5649.0,5644.0,5645.0,296
MOEX:MGNT,2021-12-28T19:20:00+03:00,5644.5,5644.5,5639.0,5643.0,1852
MOEX:MGNT,2021-12-28T19:21:00+03:00,5640.0,5646.5,5639.5,5646.5,509
MOEX:MGNT,2021-12-28T19:22:00+03:00,5643.5,5646.0,5641.0,5641.0,425
MOEX:MGNT,2021-12-28T19:23:00+03:00,5644.0,5646.0,5641.0,5645.5,297
MOEX:MGNT,2021-12-28T19:24:00+03:00,5642.0,5644.5,5641.0,5644.5,109
MOEX:MGNT,2021-12-28T19:25:00+03:00,5644.5,5644.5,5639.0,5643.0,767
MOEX:MGNT,2021-12-28T19:26:00+03:00,5643.0,5643.5,5639.5,5643.0,41
MOEX:MGNT,2021-12-28T19:27:00+03:00,5643.5,5644.0,5640.0,5643.5,18
MOEX:MGNT,2021-12-28T19:28:00+03:00,5643.5,5643.5,5636.0,5639.5,4036
MOEX:MGNT,2021-12-28T19:29:00+03:00,5639.0,5640.0,5636.5,5640.0,159
MOEX:MGNT,2021-12-28T19:30:00+03:00,5640.0,5640.0,5637.5,5637.5,164
MOEX:MGNT,2021-12-28T19:31:00+03:00,5640.0,5640.0,5636.0,5636.0,572
MOEX:MGNT,2021-12-28T19:32:00+03:00,5639.5,5640.0,5636.0,5637.0,50
MOEX:MGNT,2021-12-28T19:33:00+03:00,5637.0,5640.0,5636.5,5637.0,117
MOEX:MGNT,2021-12-28T19:34:00+03:00,5640.0,5640.0,5640.0,5640.0,70
MOEX:MGNT,2021-12-28T19:35:00+03:00,5638.0,5640.0,5638.0,5640.0,175
MOEX:MGNT,2021-12-28T19:36:00+03:00,5640.0,5642.0,5638.5,5638.5,27
MOEX:MGNT,2021-12-28T19:37:00+03:00,5638.5,5641.5,5637.5,5637.5,50
MOEX:MGNT,2021-12-28T19:38:00+03:00,5641.5,5642.0,5639.0,5640.0,52
MOEX:MGNT,2021-12-28T19:39:00+03:00,5640.0,5642.0,5640.0,5640.0,73
MOEX:MGNT,2021-12-28T19:40:00+03:00,5641.5,5642.5,5641.5,5642.5,161
MOEX:MGNT,2021-12-28T19:41:00+03:00,5642.5,5642.5,5642.0,5642.0,50
MOEX:MGNT,2021-12-28T19:42:00+03:00,5642.5,5642.5,5642.0,5642.0,126
MOEX:MGNT,2021-12-28T19:43:00+03:00,5642.0,5643.0,5642.0,5643.0,65
MOEX:MGNT,2021-12-28T19:44:00+03:00,5642.0,5642.0,5642.0,5642.0,23
MOEX:MGNT,2021-12-28T19:45:00+03:00,5641.5,5642.0,5640.0,5642.0,379
MOEX:MGNT,2021-12-28T19:46:00+03:00,5642.0,5642.0,5640.0,5642.0,66
MOEX:MGNT,2021-12-28T19:47:00+03:00,5642.0,5642.0,5640.0,5640.0,228
MOEX:MGNT,2021-12-28T19:48:00+03:00,5640.0,5640.0,5638.5,5640.0,211
MOEX:MGNT,2021-12-28T19:49:00+03:00,5638.5,5640.0,5638.0,5638.0,6
MOEX:MGNT,2021-12-28T19:50:00+03:00,5639.0,5639.0,5638.0,5638.0,21
MOEX:MGNT,2021-12-28T19:51:00+03:00,5639.0,5639.0,5638.0,5638.0,22
MOEX:MGNT,2021-12-28T19:52:00+03:00,5639.0,5639.0,5639.0,5639.0,53
MOEX:MGNT,2021-12-28T19:53:00+03:00,5640.0,5640.0,5639.0,5640.0,37
MOEX:MGNT,2021-12-28T19:54:00+03:00,5640.0,5641.0,5638.5,5638.5,113
MOEX:MGNT,2021-12-28T19:55:00+03:00,5640.0,5641.0,5638.5,5641.0,25
MOEX:MGNT,2021-12-28T19:56:00+03:00,5641.0,5641.0,5638.5,5638.5,51
MOEX:MGNT,2021-12-28T19:57:00+03:00,5641.0,5644.5,5639.0,5644.5,1964
MOEX:MGNT,2021-12-28T19:58:00+03:00,5644.0,5644.0,5644.0,5644.0,5
MOEX:MGNT,2021-12-28T19:59:00+03:00,5644.0,5644.0,5639.0,5642.5,144
MOEX:MGNT,2021-12-28T20:00:00+03:00,5642.0,5644.0,5641.5,5641.5,205
MOEX:MGNT,2021-12-28T20:01:00+03:00,5640.0,5641.0,5640.0,5640.0,143
MOEX:MGNT,2021-12-28T20:02:00+03:00,5640.0,5642.0,5639.0,5640.0,128
MOEX:MGNT,2021-12-28T20:03:00+03:00,5640.0,5644.0,5640.0,5644.0,82
MOEX:MGNT,2021-12-28T20:04:00+03:00,5644.0,5644.0,5640.5,5643.5,37
MOEX:MGNT,2021-12-28T20:05:00+03:00,5643.5,5643.5,5641.0,5643.5,18
MOEX:MGNT,2021-12-28T20:06:00+03:00,5643.0,5644.0,5643.0,5643.5,25
MOEX:MGNT,2021-12-28T20:07:00+03:00,5644.0,5644.0,5643.5,5643.5,18
MOEX:MGNT,2021-12-28T20:08:00+03:00,5644.0,5644.0,5644.0,5644.0,7
MOEX:MGNT,2021-12-28T20:09:00+03:00,5644.0,5644.0,5640.0,5643.0,331
MOEX:MGNT,2021-12-28T20:10:00+03:00,5640.0,5642.5,5640.0,5641.0,44
MOEX:MGNT,2021-12-28T20:11:00+03:00,5643.0,5643.0,5642.0,5642.0,71
MOEX:MGNT,2021-12-28T20:12:00+03:00,5643.0,5643.0,5641.0,5641.0,91
MOEX:MGNT,2021-12-28T20:13:00+03:00,5642.5,5642.5,5640.0,5642.5,111
MOEX:MGNT,2021-12-28T20:14:00+03:00,5640.0,5642.5,5640.0,5640.0,39
MOEX:MGNT,2021-12-28T20:15:00+03:00,5640.0,5642.5,5639.0,5639.0,47
MOEX:MGNT,2021-12-28T20:16:00+03:00,5642.0,5642.0,5639.0,5640.0,12
MOEX:MGNT,2021-12-28T20:17:00+03:00,5640.0,5642.0,5639.0,5642.0,58
MOEX:MGNT,2021-12-28T20:18:00+03:00,5639.5,5642.0,5639.5,5640.0,19
MOEX:MGNT,2021-12-28T20:19:00+03:00,5640.0,5641.5,5638.0,5641.5,163
MOEX:MGNT,2021-12-28T20:20:00+03:00,5641.5,5641.5,5638.0,5638.0,25
MOEX:MGNT,2021-12-28T20:21:00+03:00,5639.5,5640.0,5638.0,5640.0,26
MOEX:MGNT,2021-12-28T20:22:00+03:00,5640.0,5641.0,5636.0,5640.0,1081
MOEX:MGNT,2021-12-28T20:23:00+03:00,5640.0,5641.0,5640.0,5640.0,41
MOEX:MGNT,2021-12-28T20:24:00+03:00,5641.0,5641.5,5636.5,5636.5,81
MOEX:MGNT,2021-12-28T20:25:00+03:00,5641.0,5641.0,5636.5,5640.0,9
MOEX:MGNT,2021-12-28T20:26:00+03:00,5637.0,5641.0,5636.5,5641.0,144
MOEX:MGNT,2021-12-28T20:27:00+03:00,5641.0,5641.5,5638.0,5638.0,20
MOEX:MGNT,2021-12-28T20:28:00+03:00,5641.5,5641.5,5641.5,5641.5,1
MOEX:MGNT,2021-12-28T20:29:00+03:00,5641.0,5641.0,5638.0,5640.0,73
MOEX:MGNT,2021-12-28T20:30:00+03:00,5640.0,5641.0,5640.0,5641.0,30
MOEX:MGNT,2021-12-28T20:31:00+03:00,5641.0,5641.0,5640.0,5640.0,79
MOEX:MGNT,2021-12-28T20:32:00+03:00,5640.0,5641.0,5637.0,5640.0,243
MOEX:MGNT,2021-12-28T20:33:00+03:00,5640.5,5640.5,5637.0,5640.5,30
MOEX:MGNT,2021-12-28T20:34:00+03:00,5637.5,5640.5,5637.0,5640.0,38
MOEX:MGNT,2021-12-28T20:35:00+03:00,5638.0,5641.0,5636.5,5637.0,687
MOEX:MGNT,2021-12-28T20:36:00+03:00,5636.5,5638.5,5636.0,5636.5,778
MOEX:MGNT,2021-12-28T20:37:00+03:00,5636.5,5639.0,5636.5,5639.0,6
MOEX:MGNT,2021-12-28T20:38:00+03:00,5638.0,5639.0,5638.0,5639.0,117
MOEX:MGNT,2021-12-28T20:39:00+03:00,5638.0,5640.0,5636.0,5637.0,81
MOEX:MGNT,2021-12-28T20:40:00+03:00,5640.0,5640.0,5637.0,5637.0,36
MOEX:MGNT,2021-12-28T20:41:00+03:00,5639.0,5639.0,5636.5,5639.0,101
MOEX:MGNT,2021-12-28T20:42:00+03:00,5637.0,5639.0,5636.0,5637.0,34
MOEX:MGNT,2021-12-28T20:43:00+03:00,5639.0,5639.0,5637.0,5639.0,6
MOEX:MGNT,2021-12-28T20:44:00+03:00,5637.0,5638.0,5637.0,5638.0,98
MOEX:MGNT,2021-12-28T20:45:00+03:00,5638.0,5640.0,5638.0,5640.0,313
MOEX:MGNT,2021-12-28T20:46:00+03:00,5637.0,5640.0,5637.0,5637.0,98
MOEX:MGNT,2021-12-28T20:47:00+03:00,5639.0,5639.0,5636.5,5636.5,69
MOEX:MGNT,2021-12-28T20:48:00+03:00,5637.0,5639.0,5636.5,5639.0,64
MOEX:MGNT,2021-12-28T20:49:00+03:00,5639.0,5640.0,5637.5,5640.0,227
MOEX:MGNT,2021-12-28T20:50:00+03:00,5640.0,5640.0,5637.0,5640.0,84
MOEX:MGNT,2021-12-28T20:51:00+03:00,5639.5,5640.0,5637.0,5639.0,245
MOEX:MGNT,2021-12-28T20:52:00+03:00,5639.0,5639.0,5637.0,5638.5,98
MOEX:MGNT,2021-12-28T20:53:00+03:00,5638.5,5638.5,5638.5,5638.5,15
MOEX:MGNT,2021-12-28T20:54:00+03:00,5638.5,5639.0,5637.0,5639.0,114
MOEX:MGNT,2021-12-28T20:55:00+03:00,5637.0,5639.0,5636.5,5639.0,36
MOEX:MGNT,2021-12-28T20:56:00+03:00,5639.0,5639.0,5636.5,5639.0,249
MOEX:MGNT,2021-12-28T20:57:00+03:00,5639.0,5639.0,5638.0,5638.0,14
MOEX:MGNT,2021-12-28T20:58:00+03:00,5638.5,5638.5,5636.5,5638.5,70
MOEX:MGNT,2021-12-28T20:59:00+03:00,5638.0,5638.0,5636.5,5638.0,54
MOEX:MGNT,2021-12-28T21:00:00+03:00,5638.0,5639.0,5636.5,5639.0,122
MOEX:MGNT,2021-12-28T21:01:00+03:00,5639.0,5639.0,5637.0,5639.0,50
MOEX:MGNT,2021-12-28T21:02:00+03:00,5639.0,5639.0,5639.0,5639.0,23
MOEX:MGNT,2021-12-28T21:03:00+03:00,5638.0,5639.0,5637.0,5637.0,124
MOEX:MGNT,2021-12-28T21:04:00+03:00,5639.0,5640.0,5639.0,5640.0,66
MOEX:MGNT,2021-12-28T21:05:00+03:00,5639.0,5640.0,5639.0,5640.0,262
MOEX:MGNT,2021-12-28T21:06:00+03:00,5640.0,5640.5,5639.0,5639.0,451
MOEX:MGNT,2021-12-28T21:07:00+03:00,5639.5,5639.5,5639.0,5639.5,26
MOEX:MGNT,2021-12-28T21:08:00+03:00,5639.5,5642.5,5639.5,5639.5,348
MOEX:MGNT,2021-12-28T21:09:00+03:00,5642.0,5644.0,5642.0,5644.0,81
MOEX:MGNT,2021-12-28T21:10:00+03:00,5643.5,5644.0,5641.0,5644.0,41
MOEX:MGNT,2021-12-28T21:11:00+03:00,5644.0,5644.0,5642.5,5642.5,23
MOEX:MGNT,2021-12-28T21:12:00+03:00,5642.0,5644.0,5642.0,5644.0,3
MOEX:MGNT,2021-12-28T21:13:00+03:00,5644.0,5644.5,5644.0,5644.5,104
MOEX:MGNT,2021-12-28T21:14:00+03:00,5644.5,5644.5,5644.0,5644.5,77
MOEX:MGNT,2021-12-28T21:15:00+03:00,5645.0,5646.5,5645.0,5646.5,130
MOEX:MGNT,2021-12-28T21:16:00+03:00,5646.5,5648.5,5646.5,5648.5,68
MOEX:MGNT,2021-12-28T21:17:00+03:00,5648.5,5650.0,5647.0,5650.0,1350
MOEX:MGNT,2021-12-28T21:18:00+03:00,5647.0,5651.0,5647.0,5647.5,245
MOEX:MGNT,2021-12-28T21:19:00+03:00,5650.5,5650.5,5647.0,5648.0,93
MOEX:MGNT,2021-12-28T21:20:00+03:00,5650.0,5650.0,5648.0,5648.0,16
MOEX:MGNT,2021-12-28T21:21:00+03:00,5648.0,5649.0,5648.0,5648.0,20
MOEX:MGNT,2021-12-28T21:22:00+03:00,5649.0,5651.0,5648.0,5651.0,149
MOEX:MGNT,2021-12-28T21:23:00+03:00,5651.0,5652.0,5648.0,5652.0,163
MOEX:MGNT,2021-12-28T21:24:00+03:00,5650.0,5652.0,5650.0,5650.0,55
MOEX:MGNT,2021-12-28T21:25:00+03:00,5652.5,5652.5,5650.0,5650.0,91
MOEX:MGNT,2021-12-28T21:26:00+03:00,5650.0,5652.0,5650.0,5652.0,727
MOEX:MGNT,2021-12-28T21:27:00+03:00,5652.0,5652.0,5650.0,5650.0,186
MOEX:MGNT,2021-12-28T21:28:00+03:00,5650.5,5650.5,5646.5,5647.5,579
MOEX:MGNT,2021-12-28T21:29:00+03:00,5646.5,5651.5,5646.5,5651.0,47
MOEX:MGNT,2021-12-28T21:30:00+03:00,5651.5,5651.5,5647.0,5651.0,48
MOEX:MGNT,2021-12-28T21:31:00+03:00,5650.0,5650.0,5650.0,5650.0,15
MOEX:MGNT,2021-12-28T21:32:00+03:00,5649.0,5651.5,5647.5,5651.0,68
MOEX:MGNT,2021-12-28T21:33:00+03:00,5650.0,5651.0,5650.0,5651.0,9
MOEX:MGNT,2021-12-28T21:34:00+03:00,5647.5,5650.0,5647.5,5650.0,124
MOEX:MGNT,2021-12-28T21:35:00+03:00,5650.0,5650.0,5647.0,5649.5,19
MOEX:MGNT,2021-12-28T21:36:00+03:00,5647.0,5649.5,5647.0,5649.5,76
MOEX:MGNT,2021-12-28T21:37:00+03:00,5649.0,5649.5,5647.0,5649.5,25
MOEX:MGNT,2021-12-28T21:38:00+03:00,5649.0,5649.5,5646.0,5649.0,180
MOEX:MGNT,2021-12-28T21:39:00+03:00,5647.0,5647.0,5646.0,5647.0,28
MOEX:MGNT,2021-12-28T21:40:00+03:00,5646.0,5647.0,5645.5,5645.5,43
MOEX:MGNT,2021-12-28T21:41:00+03:00,5645.5,5647.0,5644.5,5647.0,86
MOEX:MGNT,2021-12-28T21:42:00+03:00,5647.0,5647.0,5647.0,5647.0,9
MOEX:MGNT,2021-12-28T21:43:00+03:00,5645.0,5646.0,5645.0,5646.0,14
MOEX:MGNT,2021-12-28T21:44:00+03:00,5645.0,5647.0,5645.0,5645.0,91
MOEX:MGNT,2021-12-28T21:45:00+03:00,5645.0,5647.0,5645.0,5645.0,91
MOEX:MGNT,2021-12-28T21:46:00+03:00,5645.0,5645.0,5644.5,5645.0,147
MOEX:MGNT,2021-12-28T21:47:00+03:00,5645.0,5645.5,5644.5,5645.5,31
MOEX:MGNT,2021-12-28T21:48:00+03:00,5644.5,5645.0,5644.0,5645.0,61
MOEX:MGNT,2021-12-28T21:49:00+03:00,5645.0,5645.0,5644.0,5644.0,75
MOEX:MGNT,2021-12-28T21:50:00+03:00,5644.0,5644.0,5642.5,5642.5,45
MOEX:MGNT,2021-12-28T21:51:00+03:00,5644.0,5644.0,5642.5,5642.5,150
MOEX:MGNT,2021-12-28T21:52:00+03:00,5642.5,5644.0,5642.5,5644.0,18
MOEX:MGNT,2021-12-28T21:53:00+03:00,5644.0,5644.0,5642.5,5643.0,14
MOEX:MGNT,2021-12-28T21:54:00+03:00,5642.5,5643.5,5642.5,5643.5,2
MOEX:MGNT,2021-12-28T21:55:00+03:00,5643.0,5643.5,5643.0,5643.5,37
MOEX:MGNT,2021-12-28T21:56:00+03:00,5643.0,5643.5,5643.0,5643.0,42
MOEX:MGNT,2021-12-28T21:57:00+03:00,5643.0,5643.0,5643.0,5643.0,31
MOEX:MGNT,2021-12-28T21:58:00+03:00,5644.0,5646.0,5641.0,5645.5,869
MOEX:MGNT,2021-12-28T21:59:00+03:00,5644.5,5645.0,5643.0,5643.0,27
MOEX:MGNT,2021-12-28T22:00:00+03:00,5645.5,5645.5,5640.5,5644.0,204
MOEX:MGNT,2021-12-28T22:01:00+03:00,5641.0,5643.5,5641.0,5641.0,37
MOEX:MGNT,2021-12-28T22:02:00+03:00,5642.5,5642.5,5641.0,5641.0,9
MOEX:MGNT,2021-12-28T22:03:00+03:00,5642.5,5643.0,5639.0,5643.0,593
MOEX:MGNT,2021-12-28T22:04:00+03:00,5639.5,5640.0,5639.5,5640.0,23
MOEX:MGNT,2021-12-28T22:05:00+03:00,5640.0,5642.0,5640.0,5642.0,33
MOEX:MGNT,2021-12-28T22:06:00+03:00,5643.0,5643.0,5640.5,5640.5,13
MOEX:MGNT,2021-12-28T22:07:00+03:00,5642.5,5642.5,5640.0,5642.0,29
MOEX:MGNT,2021-12-28T22:08:00+03:00,5640.0,5642.0,5640.0,5640.0,49
MOEX:MGNT,2021-12-28T22:09:00+03:00,5639.5,5640.0,5639.0,5639.5,100
MOEX:MGNT,2021-12-28T22:10:00+03:00,5640.0,5642.0,5639.0,5639.0,860
MOEX:MGNT,2021-12-28T22:11:00+03:00,5639.0,5642.0,5639.0,5640.0,173
MOEX:MGNT,2021-12-28T22:12:00+03:00,5642.0,5642.0,5638.0,5638.0,1089
MOEX:MGNT,2021-12-28T22:13:00+03:00,5638.0,5638.0,5638.0,5638.0,166
MOEX:MGNT,2021-12-28T22:14:00+03:00,5640.0,5640.0,5638.5,5638.5,33
MOEX:MGNT,2021-12-28T22:15:00+03:00,5638.5,5638.5,5637.0,5637.0,249
MOEX:MGNT,2021-12-28T22:16:00+03:00,5637.5,5642.0,5637.0,5642.0,303
MOEX:MGNT,2021-12-28T22:17:00+03:00,5641.0,5642.5,5638.5,5638.5,151
MOEX:MGNT,2021-12-28T22:18:00+03:00,5639.0,5642.0,5638.5,5642.0,19
MOEX:MGNT,2021-12-28T22:19:00+03:00,5639.0,5643.0,5638.5,5638.5,141
MOEX:MGNT,2021-12-28T22:20:00+03:00,5642.0,5642.5,5638.5,5642.5,18
MOEX:MGNT,2021-12-28T22:21:00+03:00,5640.0,5642.5,5640.0,5642.0,5
MOEX:MGNT,2021-12-28T22:22:00+03:00,5642.0,5642.0,5640.0,5641.5,12
MOEX:MGNT,2021-12-28T22:23:00+03:00,5641.0,5641.5,5640.0,5641.5,117
MOEX:MGNT,2021-12-28T22:24:00+03:00,5641.0,5643.0,5640.0,5643.0,190
MOEX:MGNT,2021-12-28T22:25:00+03:00,5643.0,5643.5,5643.0,5643.5,26
MOEX:MGNT,2021-12-28T22:26:00+03:00,5643.5,5643.5,5641.0,5643.5,40
MOEX:MGNT,2021-12-28T22:27:00+03:00,5643.0,5643.5,5641.0,5643.5,74
MOEX:MGNT,2021-12-28T22:28:00+03:00,5644.0,5644.0,5640.5,5644.0,55
MOEX:MGNT,2021-12-28T22:29:00+03:00,5641.5,5643.5,5641.0,5641.0,43
MOEX:MGNT,2021-12-28T22:30:00+03:00,5641.0,5643.0,5641.0,5643.0,14
MOEX:MGNT,2021-12-28T22:31:00+03:00,5642.0,5642.0,5642.0,5642.0,4
MOEX:MGNT,2021-12-28T22:32:00+03:00,5642.0,5642.0,5641.0,5641.5,25
MOEX:MGNT,2021-12-28T22:33:00+03:00,5642.0,5643.0,5642.0,5643.0,90
MOEX:MGNT,2021-12-28T22:34:00+03:00,5643.0,5643.0,5637.0,5640.5,2235
MOEX:MGNT,2021-12-28T22:35:00+03:00,5638.5,5639.0,5637.0,5638.5,29
MOEX:MGNT,2021-12-28T22:36:00+03:00,5638.0,5639.0,5636.5,5637.5,39
MOEX:MGNT,2021-12-28T22:37:00+03:00,5638.0,5639.0,5637.0,5639.0,87
MOEX:MGNT,2021-12-28T22:38:00+03:00,5639.0,5642.0,5639.0,5642.0,231
MOEX:MGNT,2021-12-28T22:39:00+03:00,5642.0,5643.0,5640.5,5643.0,39
MOEX:MGNT,2021-12-28T22:40:00+03:00,5643.0,5643.0,5640.0,5640.0,241
MOEX:MGNT,2021-12-28T22:41:00+03:00,5643.5,5643.5,5640.0,5643.5,52
MOEX:MGNT,2021-12-28T22:42:00+03:00,5643.5,5643.5,5640.5,5640.5,56
MOEX:MGNT,2021-12-28T22:43:00+03:00,5640.5,5643.0,5640.5,5640.5,33
MOEX:MGNT,2021-12-28T22:44:00+03:00,5643.0,5643.0,5643.0,5643.0,11
MOEX:MGNT,2021-12-28T22:45:00+03:00,5643.0,5643.0,5641.0,5641.0,98
MOEX:MGNT,2021-12-28T22:46:00+03:00,5643.0,5643.0,5641.0,5641.0,67
MOEX:MGNT,2021-12-28T22:47:00+03:00,5642.0,5643.0,5641.0,5641.0,29
MOEX:MGNT,2021-12-28T22:48:00+03:00,5641.0,5643.0,5641.0,5641.5,31
MOEX:MGNT,2021-12-28T22:49:00+03:00,5641.5,5643.0,5641.0,5641.0,71
MOEX:MGNT,2021-12-28T22:50:00+03:00,5641.0,5642.5,5641.0,5642.5,55
MOEX:MGNT,2021-12-28T22:51:00+03:00,5641.0,5642.5,5641.0,5641.0,23
MOEX:MGNT,2021-12-28T22:52:00+03:00,5641.0,5642.0,5641.0,5642.0,156
MOEX:MGNT,2021-12-28T22:53:00+03:00,5641.5,5642.5,5641.0,5642.0,52
MOEX:MGNT,2021-12-28T22:54:00+03:00,5641.5,5641.5,5641.0,5641.0,31
MOEX:MGNT,2021-12-28T22:55:00+03:00,5641.0,5641.5,5639.0,5639.0,1468
MOEX:MGNT,2021-12-28T22:56:00+03:00,5639.0,5639.0,5639.0,5639.0,4
MOEX:MGNT,2021-12-28T22:57:00+03:00,5639.0,5640.0,5639.0,5640.0,37
MOEX:MGNT,2021-12-28T22:58:00+03:00,5639.5,5639.5,5638.5,5638.5,20
MOEX:MGNT,2021-12-28T22:59:00+03:00,5639.0,5639.0,5638.0,5638.0,85
MOEX:MGNT,2021-12-28T23:00:00+03:00,5638.0,5639.0,5638.0,5639.0,252
MOEX:MGNT,2021-12-28T23:01:00+03:00,5639.5,5640.0,5639.0,5639.0,237
MOEX:MGNT,2021-12-28T23:02:00+03:00,5639.0,5640.0,5639.0,5640.0,64
MOEX:MGNT,2021-12-28T23:03:00+03:00,5639.0,5640.0,5639.0,5639.0,217
MOEX:MGNT,2021-12-28T23:04:00+03:00,5639.5,5640.0,5635.0,5635.0,2682
MOEX:MGNT,2021-12-28T23:05:00+03:00,5638.5,5639.0,5635.0,5639.0,96
MOEX:MGNT,2021-12-28T23:06:00+03:00,5639.0,5639.5,5638.5,5639.5,44
MOEX:MGNT,2021-12-28T23:07:00+03:00,5638.5,5639.0,5635.5,5639.0,221
MOEX:MGNT,2021-12-28T23:08:00+03:00,5639.0,5639.5,5638.0,5638.0,41
MOEX:MGNT,2021-12-28T23:09:00+03:00,5637.0,5638.5,5637.0,5638.5,9
MOEX:MGNT,2021-12-28T23:10:00+03:00,5638.0,5638.0,5635.0,5635.0,664
MOEX:MGNT,2021-12-28T23:11:00+03:00,5638.0,5638.0,5635.5,5638.0,44
MOEX:MGNT,2021-12-28T23:12:00+03:00,5635.5,5638.0,5635.0,5637.5,2051
MOEX:MGNT,2021-12-28T23:13:00+03:00,5638.0,5638.0,5635.0,5635.0,467
MOEX:MGNT,2021-12-28T23:14:00+03:00,5635.0,5637.0,5635.0,5635.5,180
MOEX:MGNT,2021-12-28T23:15:00+03:00,5635.0,5635.5,5630.5,5634.5,2024
MOEX:MGNT,2021-12-28T23:16:00+03:00,5631.5,5635.0,5630.0,5631.0,2800
MOEX:MGNT,2021-12-28T23:17:00+03:00,5631.0,5635.0,5630.5,5632.5,320
MOEX:MGNT,2021-12-28T23:18:00+03:00,5632.5,5635.0,5631.5,5635.0,50
MOEX:MGNT,2021-12-28T23:19:00+03:00,5635.0,5635.0,5632.0,5632.0,94
MOEX:MGNT,2021-12-28T23:20:00+03:00,5632.0,5632.0,5630.5,5630.5,270
MOEX:MGNT,2021-12-28T23:21:00+03:00,5630.5,5631.5,5630.0,5630.0,440
MOEX:MGNT,2021-12-28T23:22:00+03:00,5630.0,5630.5,5627.0,5627.5,466
MOEX:MGNT,2021-12-28T23:23:00+03:00,5627.5,5630.0,5627.0,5627.0,198
MOEX:MGNT,2021-12-28T23:24:00+03:00,5627.5,5628.0,5621.5,5625.5,2001
MOEX:MGNT,2021-12-28T23:25:00+03:00,5622.5,5627.5,5622.0,5627.5,341
MOEX:MGNT,2021-12-28T23:26:00+03:00,5627.5,5627.5,5621.5,5625.0,337
MOEX:MGNT,2021-12-28T23:27:00+03:00,5625.5,5630.5,5625.5,5627.0,272
MOEX:MGNT,2021-12-28T23:28:00+03:00,5627.5,5634.5,5627.0,5631.5,595
MOEX:MGNT,2021-12-28T23:29:00+03:00,5632.0,5636.0,5631.0,5632.0,354
MOEX:MGNT,2021-12-28T23:30:00+03:00,5635.0,5636.0,5630.5,5634.5,1295
MOEX:MGNT,2021-12-28T23:31:00+03:00,5635.0,5641.0,5634.0,5635.5,1213
MOEX:MGNT,2021-12-28T23:32:00+03:00,5635.5,5639.5,5635.5,5639.0,388
MOEX:MGNT,2021-12-28T23:33:00+03:00,5639.0,5640.0,5635.5,5636.0,145
MOEX:MGNT,2021-12-28T23:34:00+03:00,5636.0,5638.0,5635.0,5638.0,202
MOEX:MGNT,2021-12-28T23:35:00+03:00,5638.0,5638.0,5635.0,5636.0,631
MOEX:MGNT,2021-12-28T23:36:00+03:00,5636.0,5637.0,5636.0,5636.0,203
MOEX:MGNT,2021-12-28T23:37:00+03:00,5636.5,5640.0,5635.5,5640.0,3944
MOEX:MGNT,2021-12-28T23:38:00+03:00,5637.0,5641.0,5635.0,5636.0,1923
MOEX:MGNT,2021-12-28T23:39:00+03:00,5639.0,5641.0,5636.0,5637.0,491
MOEX:MGNT,2021-12-28T23:40:00+03:00,5640.0,5641.0,5637.0,5640.5,289
MOEX:MGNT,2021-12-28T23:41:00+03:00,5640.5,5641.0,5638.5,5640.0,297
MOEX:MGNT,2021-12-28T23:42:00+03:00,5639.0,5641.0,5637.0,5641.0,982
MOEX:MGNT,2021-12-28T23:43:00+03:00,5640.0,5649.5,5637.5,5649.0,816
MOEX:MGNT,2021-12-28T23:44:00+03:00,5648.0,5649.5,5643.0,5643.0,312
MOEX:MGNT,2021-12-28T23:45:00+03:00,5648.0,5649.5,5640.0,5648.5,447
MOEX:MGNT,2021-12-28T23:46:00+03:00,5648.0,5649.5,5643.0,5647.5,438
MOEX:MGNT,2021-12-28T23:47:00+03:00,5647.5,5649.0,5640.0,5648.5,860
MOEX:MGNT,2021-12-28T23:48:00+03:00,5648.5,5650.0,5641.0,5649.0,2042
MOEX:MGNT,2021-12-28T23:49:00+03:00,5649.0,5658.0,5640.5,5658.0,3096
