MOEX:POLY,2022-08-26T10:00:00+03:00,378.8,379.9,375.2,378.0,9640
MOEX:POLY,2022-08-26T10:01:00+03:00,378.0,378.7,375.0,376.5,5693
MOEX:POLY,2022-08-26T10:02:00+03:00,376.2,376.4,375.6,375.6,941
MOEX:POLY,2022-08-26T10:03:00+03:00,375.7,377.3,375.7,377.3,1280
MOEX:POLY,2022-08-26T10:04:00+03:00,377.0,377.0,375.2,376.9,3362
MOEX:POLY,2022-08-26T10:05:00+03:00,376.9,378.5,376.9,378.5,5230
MOEX:POLY,2022-08-26T10:06:00+03:00,378.5,379.6,378.0,378.5,8334
MOEX:POLY,2022-08-26T10:07:00+03:00,378.8,378.8,377.3,378.1,3442
MOEX:POLY,2022-08-26T10:08:00+03:00,378.0,378.3,377.0,377.0,1747
MOEX:POLY,2022-08-26T10:09:00+03:00,377.2,377.5,377.2,377.3,162
MOEX:POLY,2022-08-26T10:10:00+03:00,377.4,377.8,377.4,377.8,440
MOEX:POLY,2022-08-26T10:11:00+03:00,377.7,377.9,377.7,377.9,475
MOEX:POLY,2022-08-26T10:12:00+03:00,377.9,378.0,377.0,377.0,3863
MOEX:POLY,2022-08-26T10:13:00+03:00,377.2,377.4,376.5,376.6,2339
MOEX:POLY,2022-08-26T10:14:00+03:00,377.0,377.3,376.1,376.1,1006
MOEX:POLY,2022-08-26T10:15:00+03:00,376.1,376.1,375.9,376.0,2218
MOEX:POLY,2022-08-26T10:16:00+03:00,376.1,376.1,375.1,375.5,1582
MOEX:POLY,2022-08-26T10:17:00+03:00,375.3,375.5,375.0,375.1,741
MOEX:POLY,2022-08-26T10:18:00+03:00,375.4,375.5,375.0,375.1,1359
MOEX:POLY,2022-08-26T10:19:00+03:00,375.1,375.1,374.1,374.6,4032
MOEX:POLY,2022-08-26T10:20:00+03:00,374.3,374.8,374.3,374.8,1904
MOEX:POLY,2022-08-26T10:21:00+03:00,374.6,374.8,374.6,374.7,506
MOEX:POLY,2022-08-26T10:22:00+03:00,374.6,375.5,374.6,375.3,2240
MOEX:POLY,2022-08-26T10:23:00+03:00,375.4,376.8,375.4,376.2,2665
MOEX:POLY,2022-08-26T10:24:00+03:00,376.2,376.6,375.8,375.8,2075
MOEX:POLY,2022-08-26T10:25:00+03:00,376.3,376.3,375.5,376.1,411
MOEX:POLY,2022-08-26T10:26:00+03:00,376.1,376.1,375.5,375.5,967
MOEX:POLY,2022-08-26T10:27:00+03:00,375.7,376.0,375.5,375.5,1175
MOEX:POLY,2022-08-26T10:28:00+03:00,375.5,376.2,375.5,376.2,1373
MOEX:POLY,2022-08-26T10:29:00+03:00,375.9,376.1,375.5,376.0,1055
MOEX:POLY,2022-08-26T10:30:00+03:00,375.5,375.9,375.4,375.9,463
MOEX:POLY,2022-08-26T10:31:00+03:00,375.5,375.9,375.3,375.3,1157
MOEX:POLY,2022-08-26T10:32:00+03:00,375.4,375.9,375.4,375.5,649
MOEX:POLY,2022-08-26T10:33:00+03:00,375.5,375.5,375.4,375.4,42
MOEX:POLY,2022-08-26T10:34:00+03:00,375.4,375.4,375.3,375.3,920
MOEX:POLY,2022-08-26T10:35:00+03:00,375.3,375.9,375.3,375.9,1713
MOEX:POLY,2022-08-26T10:36:00+03:00,375.8,375.9,375.4,375.5,549
MOEX:POLY,2022-08-26T10:37:00+03:00,375.9,376.0,375.5,375.9,635
MOEX:POLY,2022-08-26T10:38:00+03:00,375.9,375.9,375.6,375.9,149
MOEX:POLY,2022-08-26T10:39:00+03:00,375.9,376.4,375.9,376.4,1326
MOEX:POLY,2022-08-26T10:40:00+03:00,376.4,376.5,376.0,376.5,688
MOEX:POLY,2022-08-26T10:41:00+03:00,376.1,376.1,375.7,376.0,242
MOEX:POLY,2022-08-26T10:42:00+03:00,376.0,376.1,376.0,376.1,58
MOEX:POLY,2022-08-26T10:43:00+03:00,376.1,376.1,376.0,376.0,396
MOEX:POLY,2022-08-26T10:44:00+03:00,376.1,376.1,376.0,376.1,430
MOEX:POLY,2022-08-26T10:45:00+03:00,376.1,376.1,375.7,376.1,604
MOEX:POLY,2022-08-26T10:46:00+03:00,376.1,376.5,376.1,376.3,1065
MOEX:POLY,2022-08-26T10:47:00+03:00,376.3,376.3,376.0,376.3,228
MOEX:POLY,2022-08-26T10:48:00+03:00,376.3,376.4,376.0,376.4,166
MOEX:POLY,2022-08-26T10:49:00+03:00,376.4,376.4,376.3,376.4,345
MOEX:POLY,2022-08-26T10:50:00+03:00,376.5,376.5,376.3,376.3,206
MOEX:POLY,2022-08-26T10:51:00+03:00,376.3,376.3,376.3,376.3,57
MOEX:POLY,2022-08-26T10:52:00+03:00,376.3,376.3,376.0,376.1,504
MOEX:POLY,2022-08-26T10:53:00+03:00,376.0,376.2,376.0,376.0,205
MOEX:POLY,2022-08-26T10:54:00+03:00,375.9,375.9,375.5,375.5,74
MOEX:POLY,2022-08-26T10:55:00+03:00,376.1,376.1,375.6,375.6,241
MOEX:POLY,2022-08-26T10:56:00+03:00,375.6,376.0,375.4,375.5,743
MOEX:POLY,2022-08-26T10:57:00+03:00,375.5,375.5,375.3,375.5,39
MOEX:POLY,2022-08-26T10:58:00+03:00,375.5,375.5,375.1,375.1,1194
MOEX:POLY,2022-08-26T10:59:00+03:00,375.5,375.5,374.6,374.8,3208
MOEX:POLY,2022-08-26T11:00:00+03:00,374.8,375.0,374.5,375.0,219
MOEX:POLY,2022-08-26T11:01:00+03:00,375.0,375.1,374.8,375.1,97
MOEX:POLY,2022-08-26T11:02:00+03:00,375.1,375.3,374.8,375.3,806
MOEX:POLY,2022-08-26T11:03:00+03:00,375.3,375.4,374.8,375.4,237
MOEX:POLY,2022-08-26T11:05:00+03:00,375.4,375.5,375.0,375.0,437
MOEX:POLY,2022-08-26T11:06:00+03:00,375.1,375.5,375.0,375.5,160
MOEX:POLY,2022-08-26T11:07:00+03:00,375.5,375.7,375.5,375.7,776
MOEX:POLY,2022-08-26T11:08:00+03:00,375.5,375.7,375.5,375.7,76
MOEX:POLY,2022-08-26T11:09:00+03:00,375.9,375.9,375.7,375.7,67
MOEX:POLY,2022-08-26T11:10:00+03:00,375.9,375.9,375.9,375.9,93
MOEX:POLY,2022-08-26T11:11:00+03:00,375.9,376.0,375.9,376.0,69
MOEX:POLY,2022-08-26T11:12:00+03:00,375.9,376.0,375.9,376.0,62
MOEX:POLY,2022-08-26T11:13:00+03:00,376.0,376.1,376.0,376.1,885
MOEX:POLY,2022-08-26T11:14:00+03:00,376.1,376.4,376.0,376.4,921
MOEX:POLY,2022-08-26T11:15:00+03:00,376.4,376.5,376.4,376.4,601
MOEX:POLY,2022-08-26T11:16:00+03:00,376.5,376.5,376.4,376.5,401
MOEX:POLY,2022-08-26T11:17:00+03:00,376.5,376.8,376.5,376.8,356
MOEX:POLY,2022-08-26T11:18:00+03:00,376.7,377.8,376.7,377.4,6398
MOEX:POLY,2022-08-26T11:19:00+03:00,377.4,377.7,377.4,377.4,1435
MOEX:POLY,2022-08-26T11:20:00+03:00,377.4,377.4,377.0,377.3,2596
MOEX:POLY,2022-08-26T11:21:00+03:00,377.1,377.7,377.1,377.1,2281
MOEX:POLY,2022-08-26T11:22:00+03:00,377.1,377.3,377.1,377.2,915
MOEX:POLY,2022-08-26T11:23:00+03:00,377.3,377.3,377.2,377.2,413
MOEX:POLY,2022-08-26T11:24:00+03:00,377.1,377.2,377.1,377.2,52
MOEX:POLY,2022-08-26T11:25:00+03:00,377.1,377.3,377.1,377.3,776
MOEX:POLY,2022-08-26T11:26:00+03:00,377.4,377.6,377.1,377.4,2685
MOEX:POLY,2022-08-26T11:27:00+03:00,377.4,377.5,377.2,377.2,200
MOEX:POLY,2022-08-26T11:28:00+03:00,377.1,377.3,377.1,377.3,439
MOEX:POLY,2022-08-26T11:29:00+03:00,377.3,377.4,377.3,377.3,678
MOEX:POLY,2022-08-26T11:30:00+03:00,377.4,377.8,377.3,377.8,1465
MOEX:POLY,2022-08-26T11:31:00+03:00,377.8,377.8,377.7,377.7,448
MOEX:POLY,2022-08-26T11:32:00+03:00,377.7,377.7,377.5,377.6,303
MOEX:POLY,2022-08-26T11:33:00+03:00,377.5,377.6,377.5,377.5,84
MOEX:POLY,2022-08-26T11:34:00+03:00,377.4,377.6,377.4,377.6,190
MOEX:POLY,2022-08-26T11:35:00+03:00,377.6,377.6,377.6,377.6,808
MOEX:POLY,2022-08-26T11:36:00+03:00,377.5,377.6,377.0,377.0,6263
MOEX:POLY,2022-08-26T11:37:00+03:00,377.0,377.1,376.3,376.6,5502
MOEX:POLY,2022-08-26T11:38:00+03:00,377.1,377.4,376.7,377.3,976
MOEX:POLY,2022-08-26T11:39:00+03:00,377.3,377.3,376.7,377.3,147
MOEX:POLY,2022-08-26T11:40:00+03:00,377.3,377.3,376.8,377.2,84
MOEX:POLY,2022-08-26T11:41:00+03:00,377.0,377.0,376.6,376.6,171
MOEX:POLY,2022-08-26T11:42:00+03:00,376.6,376.9,376.2,376.6,1599
MOEX:POLY,2022-08-26T11:43:00+03:00,376.6,377.0,376.5,376.6,69
MOEX:POLY,2022-08-26T11:44:00+03:00,377.0,377.2,376.9,376.9,659
MOEX:POLY,2022-08-26T11:45:00+03:00,376.9,377.0,376.6,377.0,773
MOEX:POLY,2022-08-26T11:46:00+03:00,377.0,377.0,376.7,377.0,202
MOEX:POLY,2022-08-26T11:47:00+03:00,377.0,377.0,376.7,376.7,17
MOEX:POLY,2022-08-26T11:48:00+03:00,377.0,377.0,377.0,377.0,48
MOEX:POLY,2022-08-26T11:49:00+03:00,377.2,377.3,377.2,377.3,889
MOEX:POLY,2022-08-26T11:50:00+03:00,377.4,377.4,377.2,377.2,139
MOEX:POLY,2022-08-26T11:51:00+03:00,377.2,377.3,377.2,377.3,110
MOEX:POLY,2022-08-26T11:52:00+03:00,377.3,377.3,377.2,377.3,171
MOEX:POLY,2022-08-26T11:53:00+03:00,377.4,377.7,377.3,377.6,1740
MOEX:POLY,2022-08-26T11:54:00+03:00,377.6,377.6,377.3,377.3,636
MOEX:POLY,2022-08-26T11:55:00+03:00,377.5,377.5,377.3,377.3,406
MOEX:POLY,2022-08-26T11:56:00+03:00,377.4,377.4,377.4,377.4,273
MOEX:POLY,2022-08-26T11:57:00+03:00,377.4,377.5,376.8,376.8,460
MOEX:POLY,2022-08-26T11:58:00+03:00,376.8,376.8,376.6,376.6,210
MOEX:POLY,2022-08-26T11:59:00+03:00,376.6,377.0,376.6,376.6,661
MOEX:POLY,2022-08-26T12:00:00+03:00,376.9,376.9,376.9,376.9,40
MOEX:POLY,2022-08-26T12:01:00+03:00,376.6,377.0,376.6,377.0,130
MOEX:POLY,2022-08-26T12:02:00+03:00,377.0,377.0,377.0,377.0,71
MOEX:POLY,2022-08-26T12:04:00+03:00,377.0,377.2,377.0,377.2,183
MOEX:POLY,2022-08-26T12:05:00+03:00,377.2,377.2,377.1,377.2,74
MOEX:POLY,2022-08-26T12:06:00+03:00,377.2,377.2,377.0,377.0,98
MOEX:POLY,2022-08-26T12:07:00+03:00,377.0,377.1,377.0,377.1,53
MOEX:POLY,2022-08-26T12:08:00+03:00,377.0,377.2,377.0,377.2,463
MOEX:POLY,2022-08-26T12:09:00+03:00,377.2,377.2,377.0,377.2,64
MOEX:POLY,2022-08-26T12:10:00+03:00,377.2,377.2,376.8,377.2,328
MOEX:POLY,2022-08-26T12:11:00+03:00,377.0,377.0,377.0,377.0,16
MOEX:POLY,2022-08-26T12:12:00+03:00,377.0,377.0,377.0,377.0,51
MOEX:POLY,2022-08-26T12:13:00+03:00,377.0,377.1,377.0,377.0,653
MOEX:POLY,2022-08-26T12:14:00+03:00,376.8,377.0,376.5,376.6,994
MOEX:POLY,2022-08-26T12:15:00+03:00,376.6,376.9,376.6,376.9,340
MOEX:POLY,2022-08-26T12:16:00+03:00,376.9,377.0,376.5,377.0,590
MOEX:POLY,2022-08-26T12:17:00+03:00,377.0,377.0,377.0,377.0,282
MOEX:POLY,2022-08-26T12:18:00+03:00,376.7,377.0,376.2,377.0,3428
MOEX:POLY,2022-08-26T12:19:00+03:00,376.9,377.0,376.5,377.0,295
MOEX:POLY,2022-08-26T12:20:00+03:00,377.0,377.0,377.0,377.0,43
MOEX:POLY,2022-08-26T12:21:00+03:00,377.0,377.0,376.8,376.8,778
MOEX:POLY,2022-08-26T12:22:00+03:00,376.8,377.0,376.6,377.0,372
MOEX:POLY,2022-08-26T12:23:00+03:00,377.0,377.0,376.9,376.9,65
MOEX:POLY,2022-08-26T12:24:00+03:00,377.0,377.0,376.8,376.8,33
MOEX:POLY,2022-08-26T12:25:00+03:00,376.8,376.9,376.8,376.9,81
MOEX:POLY,2022-08-26T12:26:00+03:00,376.8,376.9,376.8,376.9,2
MOEX:POLY,2022-08-26T12:28:00+03:00,376.8,376.9,376.7,376.9,29
MOEX:POLY,2022-08-26T12:29:00+03:00,376.8,376.9,376.8,376.9,9
MOEX:POLY,2022-08-26T12:30:00+03:00,377.0,377.0,376.9,376.9,15
MOEX:POLY,2022-08-26T12:31:00+03:00,376.9,377.0,376.9,377.0,16
MOEX:POLY,2022-08-26T12:32:00+03:00,377.0,377.0,376.9,377.0,35
MOEX:POLY,2022-08-26T12:33:00+03:00,377.0,377.0,377.0,377.0,123
MOEX:POLY,2022-08-26T12:34:00+03:00,377.0,377.2,377.0,377.2,479
MOEX:POLY,2022-08-26T12:35:00+03:00,377.2,377.2,377.2,377.2,89
MOEX:POLY,2022-08-26T12:36:00+03:00,377.2,377.3,377.2,377.3,3310
MOEX:POLY,2022-08-26T12:37:00+03:00,377.3,377.5,377.3,377.4,2071
MOEX:POLY,2022-08-26T12:38:00+03:00,377.4,377.5,377.3,377.5,3574
MOEX:POLY,2022-08-26T12:39:00+03:00,377.5,377.7,377.5,377.5,1376
MOEX:POLY,2022-08-26T12:40:00+03:00,377.7,377.7,377.4,377.7,196
MOEX:POLY,2022-08-26T12:41:00+03:00,377.4,377.6,377.4,377.6,93
MOEX:POLY,2022-08-26T12:42:00+03:00,377.4,377.6,377.2,377.6,300
MOEX:POLY,2022-08-26T12:43:00+03:00,377.6,377.6,377.4,377.4,102
MOEX:POLY,2022-08-26T12:44:00+03:00,377.4,377.4,377.2,377.4,258
MOEX:POLY,2022-08-26T12:45:00+03:00,377.4,377.6,377.2,377.6,1215
MOEX:POLY,2022-08-26T12:46:00+03:00,377.6,377.6,377.4,377.4,32
MOEX:POLY,2022-08-26T12:47:00+03:00,377.4,377.4,377.4,377.4,34
MOEX:POLY,2022-08-26T12:48:00+03:00,377.2,377.3,377.2,377.3,164
MOEX:POLY,2022-08-26T12:49:00+03:00,377.3,377.3,377.3,377.3,9
MOEX:POLY,2022-08-26T12:50:00+03:00,377.3,377.3,377.3,377.3,85
MOEX:POLY,2022-08-26T12:51:00+03:00,377.2,377.3,377.2,377.3,106
MOEX:POLY,2022-08-26T12:52:00+03:00,377.3,377.3,377.2,377.3,107
MOEX:POLY,2022-08-26T12:53:00+03:00,377.3,377.3,377.3,377.3,15
MOEX:POLY,2022-08-26T12:54:00+03:00,377.3,377.3,377.2,377.2,6
MOEX:POLY,2022-08-26T12:55:00+03:00,377.2,377.2,377.2,377.2,42
MOEX:POLY,2022-08-26T12:56:00+03:00,377.2,377.2,377.2,377.2,95
MOEX:POLY,2022-08-26T12:57:00+03:00,377.2,377.2,377.1,377.2,630
MOEX:POLY,2022-08-26T12:58:00+03:00,377.1,377.2,377.1,377.2,296
MOEX:POLY,2022-08-26T12:59:00+03:00,377.0,377.2,377.0,377.1,49
MOEX:POLY,2022-08-26T13:00:00+03:00,377.0,377.0,377.0,377.0,89
MOEX:POLY,2022-08-26T13:01:00+03:00,377.0,377.0,376.9,377.0,454
MOEX:POLY,2022-08-26T13:02:00+03:00,377.0,377.0,377.0,377.0,32
MOEX:POLY,2022-08-26T13:03:00+03:00,377.0,377.0,376.9,377.0,118
MOEX:POLY,2022-08-26T13:04:00+03:00,377.0,377.2,377.0,377.2,180
MOEX:POLY,2022-08-26T13:05:00+03:00,377.1,377.1,376.9,376.9,201
MOEX:POLY,2022-08-26T13:06:00+03:00,376.9,377.2,376.9,377.0,556
MOEX:POLY,2022-08-26T13:07:00+03:00,377.0,377.0,377.0,377.0,3
MOEX:POLY,2022-08-26T13:08:00+03:00,376.9,377.0,376.8,376.9,914
MOEX:POLY,2022-08-26T13:09:00+03:00,376.7,376.8,376.6,376.8,567
MOEX:POLY,2022-08-26T13:10:00+03:00,376.8,376.8,376.8,376.8,229
MOEX:POLY,2022-08-26T13:11:00+03:00,376.8,377.6,376.8,377.5,3470
MOEX:POLY,2022-08-26T13:12:00+03:00,377.2,377.5,377.2,377.5,9
MOEX:POLY,2022-08-26T13:13:00+03:00,377.3,377.3,377.3,377.3,3
MOEX:POLY,2022-08-26T13:14:00+03:00,377.5,377.7,377.5,377.7,1615
MOEX:POLY,2022-08-26T13:15:00+03:00,377.7,377.8,377.7,377.8,20
MOEX:POLY,2022-08-26T13:16:00+03:00,377.7,377.8,377.7,377.7,257
MOEX:POLY,2022-08-26T13:17:00+03:00,377.7,377.7,377.5,377.5,112
MOEX:POLY,2022-08-26T13:18:00+03:00,377.6,377.7,377.0,377.6,384
MOEX:POLY,2022-08-26T13:21:00+03:00,377.5,377.7,377.5,377.7,138
MOEX:POLY,2022-08-26T13:22:00+03:00,377.7,377.7,377.3,377.3,69
MOEX:POLY,2022-08-26T13:23:00+03:00,377.3,377.7,377.3,377.7,590
MOEX:POLY,2022-08-26T13:24:00+03:00,377.7,377.8,377.7,377.7,877
MOEX:POLY,2022-08-26T13:25:00+03:00,377.7,377.7,377.4,377.4,14
MOEX:POLY,2022-08-26T13:26:00+03:00,377.4,377.5,377.4,377.5,17
MOEX:POLY,2022-08-26T13:27:00+03:00,377.5,377.5,377.0,377.0,553
MOEX:POLY,2022-08-26T13:28:00+03:00,377.6,377.6,377.0,377.0,203
MOEX:POLY,2022-08-26T13:29:00+03:00,377.3,377.7,377.2,377.2,403
MOEX:POLY,2022-08-26T13:30:00+03:00,377.6,377.6,377.6,377.6,54
MOEX:POLY,2022-08-26T13:31:00+03:00,377.6,377.6,377.6,377.6,4
MOEX:POLY,2022-08-26T13:32:00+03:00,377.6,377.6,377.6,377.6,11
MOEX:POLY,2022-08-26T13:33:00+03:00,377.6,377.6,377.5,377.5,195
MOEX:POLY,2022-08-26T13:34:00+03:00,377.3,377.5,377.3,377.5,20
MOEX:POLY,2022-08-26T13:35:00+03:00,377.5,377.5,377.3,377.3,112
MOEX:POLY,2022-08-26T13:36:00+03:00,377.3,377.3,377.3,377.3,112
MOEX:POLY,2022-08-26T13:37:00+03:00,377.3,377.3,377.3,377.3,27
MOEX:POLY,2022-08-26T13:38:00+03:00,377.3,377.5,377.2,377.2,46
MOEX:POLY,2022-08-26T13:39:00+03:00,377.5,377.6,377.5,377.6,276
MOEX:POLY,2022-08-26T13:40:00+03:00,377.6,377.6,377.2,377.2,171
MOEX:POLY,2022-08-26T13:41:00+03:00,377.2,377.2,377.2,377.2,1
MOEX:POLY,2022-08-26T13:42:00+03:00,377.2,377.6,377.2,377.4,72
MOEX:POLY,2022-08-26T13:43:00+03:00,377.4,377.4,377.4,377.4,15
MOEX:POLY,2022-08-26T13:44:00+03:00,377.2,377.3,377.2,377.3,2
MOEX:POLY,2022-08-26T13:45:00+03:00,377.4,377.4,377.3,377.4,61
MOEX:POLY,2022-08-26T13:46:00+03:00,377.4,377.4,377.2,377.2,135
MOEX:POLY,2022-08-26T13:47:00+03:00,377.4,377.4,377.2,377.2,11
MOEX:POLY,2022-08-26T13:48:00+03:00,377.4,377.4,377.0,377.0,1193
MOEX:POLY,2022-08-26T13:49:00+03:00,377.4,377.5,377.0,377.5,198
MOEX:POLY,2022-08-26T13:50:00+03:00,377.5,377.5,377.5,377.5,12
MOEX:POLY,2022-08-26T13:51:00+03:00,377.1,377.5,377.0,377.5,1068
MOEX:POLY,2022-08-26T13:53:00+03:00,377.5,377.5,377.5,377.5,22
MOEX:POLY,2022-08-26T13:54:00+03:00,377.5,377.6,377.2,377.6,1002
MOEX:POLY,2022-08-26T13:55:00+03:00,377.6,377.6,377.2,377.4,108
MOEX:POLY,2022-08-26T13:56:00+03:00,377.5,377.7,377.5,377.7,178
MOEX:POLY,2022-08-26T13:57:00+03:00,377.3,377.7,377.3,377.3,14
MOEX:POLY,2022-08-26T13:58:00+03:00,377.3,377.6,377.3,377.6,41
MOEX:POLY,2022-08-26T13:59:00+03:00,377.3,377.6,377.2,377.6,385
MOEX:POLY,2022-08-26T14:00:00+03:00,377.5,377.6,377.5,377.6,99
MOEX:POLY,2022-08-26T14:01:00+03:00,377.6,377.6,377.6,377.6,2
MOEX:POLY,2022-08-26T14:02:00+03:00,377.2,377.4,376.9,377.2,1010
MOEX:POLY,2022-08-26T14:03:00+03:00,377.4,377.4,375.7,376.8,8136
MOEX:POLY,2022-08-26T14:04:00+03:00,376.5,376.5,376.5,376.5,1
MOEX:POLY,2022-08-26T14:05:00+03:00,376.5,376.7,376.5,376.5,482
MOEX:POLY,2022-08-26T14:06:00+03:00,376.5,376.5,376.5,376.5,204
MOEX:POLY,2022-08-26T14:07:00+03:00,376.7,376.7,375.7,375.7,1040
MOEX:POLY,2022-08-26T14:08:00+03:00,376.4,376.4,375.9,375.9,9
MOEX:POLY,2022-08-26T14:09:00+03:00,375.9,376.1,375.2,376.0,2823
MOEX:POLY,2022-08-26T14:10:00+03:00,376.0,376.0,375.2,375.7,621
MOEX:POLY,2022-08-26T14:11:00+03:00,375.7,376.0,375.7,376.0,198
MOEX:POLY,2022-08-26T14:12:00+03:00,375.8,375.8,375.7,375.7,1299
MOEX:POLY,2022-08-26T14:13:00+03:00,376.0,376.0,375.7,375.7,144
MOEX:POLY,2022-08-26T14:14:00+03:00,376.0,376.0,375.9,375.9,197
MOEX:POLY,2022-08-26T14:15:00+03:00,375.9,376.0,375.8,375.8,332
MOEX:POLY,2022-08-26T14:16:00+03:00,376.0,376.5,376.0,376.0,438
MOEX:POLY,2022-08-26T14:17:00+03:00,376.0,376.0,375.8,375.8,78
MOEX:POLY,2022-08-26T14:18:00+03:00,376.2,376.2,375.8,375.8,54
MOEX:POLY,2022-08-26T14:19:00+03:00,375.8,375.8,375.8,375.8,126
MOEX:POLY,2022-08-26T14:20:00+03:00,375.8,376.0,375.8,376.0,188
MOEX:POLY,2022-08-26T14:21:00+03:00,376.0,376.2,376.0,376.2,99
MOEX:POLY,2022-08-26T14:23:00+03:00,376.2,378.7,376.2,378.0,31143
MOEX:POLY,2022-08-26T14:24:00+03:00,377.5,379.0,377.2,377.9,3500
MOEX:POLY,2022-08-26T14:25:00+03:00,377.9,379.0,377.7,377.9,5566
MOEX:POLY,2022-08-26T14:26:00+03:00,377.9,379.0,377.5,378.9,5335
MOEX:POLY,2022-08-26T14:27:00+03:00,379.0,379.0,377.9,377.9,1035
MOEX:POLY,2022-08-26T14:28:00+03:00,378.0,378.0,377.9,377.9,670
MOEX:POLY,2022-08-26T14:29:00+03:00,378.0,378.0,377.3,377.3,174
MOEX:POLY,2022-08-26T14:30:00+03:00,377.8,378.0,377.4,377.8,543
MOEX:POLY,2022-08-26T14:31:00+03:00,377.8,377.9,377.8,377.9,4
MOEX:POLY,2022-08-26T14:32:00+03:00,377.6,377.6,377.6,377.6,591
MOEX:POLY,2022-08-26T14:33:00+03:00,377.6,377.6,377.5,377.5,142
MOEX:POLY,2022-08-26T14:34:00+03:00,377.8,377.9,377.6,377.9,294
MOEX:POLY,2022-08-26T14:35:00+03:00,377.9,378.0,377.5,377.9,605
MOEX:POLY,2022-08-26T14:36:00+03:00,377.9,377.9,377.9,377.9,151
MOEX:POLY,2022-08-26T14:37:00+03:00,378.0,378.0,377.6,377.9,204
MOEX:POLY,2022-08-26T14:38:00+03:00,377.9,378.0,377.9,378.0,102
MOEX:POLY,2022-08-26T14:39:00+03:00,378.0,378.0,377.8,378.0,503
MOEX:POLY,2022-08-26T14:40:00+03:00,377.8,378.0,377.8,378.0,14
MOEX:POLY,2022-08-26T14:41:00+03:00,378.0,378.0,377.8,377.9,386
MOEX:POLY,2022-08-26T14:42:00+03:00,377.8,377.9,377.8,377.9,361
MOEX:POLY,2022-08-26T14:43:00+03:00,377.8,377.8,377.6,377.7,213
MOEX:POLY,2022-08-26T14:44:00+03:00,377.6,377.7,377.6,377.7,58
MOEX:POLY,2022-08-26T14:45:00+03:00,377.6,377.9,377.6,377.6,224
MOEX:POLY,2022-08-26T14:46:00+03:00,377.9,377.9,377.6,377.7,104
MOEX:POLY,2022-08-26T14:47:00+03:00,377.9,377.9,377.6,377.9,16
MOEX:POLY,2022-08-26T14:48:00+03:00,377.6,377.9,377.6,377.6,281
MOEX:POLY,2022-08-26T14:49:00+03:00,377.6,377.9,377.5,377.5,440
MOEX:POLY,2022-08-26T14:50:00+03:00,377.5,377.5,377.5,377.5,34
MOEX:POLY,2022-08-26T14:51:00+03:00,377.5,377.5,377.5,377.5,170
MOEX:POLY,2022-08-26T14:52:00+03:00,377.4,377.8,377.4,377.8,200
MOEX:POLY,2022-08-26T14:53:00+03:00,377.7,377.7,377.5,377.7,309
MOEX:POLY,2022-08-26T14:54:00+03:00,377.8,377.8,377.7,377.8,28
MOEX:POLY,2022-08-26T14:55:00+03:00,377.8,377.8,377.4,377.4,171
MOEX:POLY,2022-08-26T14:56:00+03:00,377.8,377.8,377.8,377.8,60
MOEX:POLY,2022-08-26T14:57:00+03:00,377.3,377.7,377.3,377.7,107
MOEX:POLY,2022-08-26T14:58:00+03:00,377.7,377.7,377.7,377.7,1
MOEX:POLY,2022-08-26T14:59:00+03:00,377.5,377.5,377.1,377.5,129
MOEX:POLY,2022-08-26T15:00:00+03:00,377.1,377.1,377.1,377.1,3
MOEX:POLY,2022-08-26T15:01:00+03:00,377.1,377.1,377.1,377.1,265
MOEX:POLY,2022-08-26T15:02:00+03:00,377.1,377.5,377.1,377.1,380
MOEX:POLY,2022-08-26T15:03:00+03:00,377.1,377.4,377.0,377.1,233
MOEX:POLY,2022-08-26T15:04:00+03:00,377.1,377.6,377.1,377.6,46
MOEX:POLY,2022-08-26T15:05:00+03:00,377.7,377.7,377.5,377.5,118
MOEX:POLY,2022-08-26T15:06:00+03:00,377.5,377.5,377.2,377.2,7
MOEX:POLY,2022-08-26T15:07:00+03:00,377.2,377.2,377.2,377.2,185
MOEX:POLY,2022-08-26T15:08:00+03:00,377.1,377.2,377.1,377.2,51
MOEX:POLY,2022-08-26T15:09:00+03:00,377.1,377.1,377.1,377.1,5
MOEX:POLY,2022-08-26T15:10:00+03:00,377.0,377.0,377.0,377.0,420
MOEX:POLY,2022-08-26T15:11:00+03:00,377.0,377.1,377.0,377.0,262
MOEX:POLY,2022-08-26T15:12:00+03:00,377.0,377.2,377.0,377.0,69
MOEX:POLY,2022-08-26T15:13:00+03:00,377.2,377.2,377.2,377.2,15
MOEX:POLY,2022-08-26T15:14:00+03:00,377.2,378.0,377.2,378.0,8000
MOEX:POLY,2022-08-26T15:15:00+03:00,377.7,377.7,377.3,377.3,92
MOEX:POLY,2022-08-26T15:16:00+03:00,377.7,377.7,377.7,377.7,114
MOEX:POLY,2022-08-26T15:17:00+03:00,377.7,377.7,377.7,377.7,1
MOEX:POLY,2022-08-26T15:18:00+03:00,377.7,378.0,377.5,377.5,702
MOEX:POLY,2022-08-26T15:19:00+03:00,377.5,377.9,377.2,377.2,335
MOEX:POLY,2022-08-26T15:20:00+03:00,377.6,377.7,377.6,377.7,7
MOEX:POLY,2022-08-26T15:21:00+03:00,377.7,377.8,377.7,377.8,60
MOEX:POLY,2022-08-26T15:22:00+03:00,377.7,377.7,377.7,377.7,2
MOEX:POLY,2022-08-26T15:23:00+03:00,377.8,377.8,377.2,377.2,933
MOEX:POLY,2022-08-26T15:25:00+03:00,377.5,377.5,377.2,377.5,384
MOEX:POLY,2022-08-26T15:26:00+03:00,377.2,377.5,377.2,377.5,82
MOEX:POLY,2022-08-26T15:27:00+03:00,377.4,377.4,377.1,377.1,74
MOEX:POLY,2022-08-26T15:28:00+03:00,377.4,377.4,377.4,377.4,1
MOEX:POLY,2022-08-26T15:29:00+03:00,377.4,377.5,377.4,377.5,199
MOEX:POLY,2022-08-26T15:30:00+03:00,377.7,378.0,377.3,378.0,4589
MOEX:POLY,2022-08-26T15:31:00+03:00,377.6,378.0,377.5,377.5,25
MOEX:POLY,2022-08-26T15:32:00+03:00,378.0,378.2,378.0,378.2,500
MOEX:POLY,2022-08-26T15:33:00+03:00,378.2,378.2,377.6,378.2,208
MOEX:POLY,2022-08-26T15:34:00+03:00,378.2,378.2,378.2,378.2,29
MOEX:POLY,2022-08-26T15:35:00+03:00,378.2,378.5,377.5,378.5,2801
MOEX:POLY,2022-08-26T15:36:00+03:00,378.0,378.5,378.0,378.5,1144
MOEX:POLY,2022-08-26T15:37:00+03:00,378.6,378.8,378.5,378.7,950
MOEX:POLY,2022-08-26T15:38:00+03:00,378.5,378.8,378.5,378.7,408
MOEX:POLY,2022-08-26T15:39:00+03:00,378.8,378.8,378.7,378.7,294
MOEX:POLY,2022-08-26T15:40:00+03:00,378.7,378.8,378.7,378.8,758
MOEX:POLY,2022-08-26T15:41:00+03:00,378.9,379.5,378.8,379.5,6307
MOEX:POLY,2022-08-26T15:42:00+03:00,379.5,379.5,379.0,379.3,650
MOEX:POLY,2022-08-26T15:43:00+03:00,379.2,379.2,379.0,379.1,283
MOEX:POLY,2022-08-26T15:44:00+03:00,379.0,379.3,379.0,379.0,2992
MOEX:POLY,2022-08-26T15:45:00+03:00,379.0,379.3,378.9,379.3,697
MOEX:POLY,2022-08-26T15:46:00+03:00,379.3,379.3,378.8,379.1,1700
MOEX:POLY,2022-08-26T15:47:00+03:00,379.1,379.2,378.8,378.8,695
MOEX:POLY,2022-08-26T15:48:00+03:00,378.8,379.1,378.1,378.1,2012
MOEX:POLY,2022-08-26T15:49:00+03:00,378.1,378.5,378.1,378.5,553
MOEX:POLY,2022-08-26T15:50:00+03:00,378.5,378.6,378.2,378.2,227
MOEX:POLY,2022-08-26T15:51:00+03:00,378.5,378.6,378.5,378.6,32
MOEX:POLY,2022-08-26T15:52:00+03:00,378.6,378.6,378.5,378.6,126
MOEX:POLY,2022-08-26T15:54:00+03:00,378.6,378.6,378.6,378.6,21
MOEX:POLY,2022-08-26T15:55:00+03:00,378.6,378.6,378.6,378.6,29
MOEX:POLY,2022-08-26T15:56:00+03:00,378.6,378.6,378.6,378.6,78
MOEX:POLY,2022-08-26T15:57:00+03:00,378.6,378.6,378.6,378.6,90
MOEX:POLY,2022-08-26T15:58:00+03:00,378.6,378.6,378.6,378.6,5
MOEX:POLY,2022-08-26T15:59:00+03:00,378.7,378.7,378.6,378.7,181
MOEX:POLY,2022-08-26T16:00:00+03:00,378.8,379.3,378.7,378.7,1420
MOEX:POLY,2022-08-26T16:01:00+03:00,378.8,379.3,378.7,379.3,635
MOEX:POLY,2022-08-26T16:02:00+03:00,379.3,379.3,378.7,379.2,325
MOEX:POLY,2022-08-26T16:03:00+03:00,379.2,379.3,379.2,379.3,71
MOEX:POLY,2022-08-26T16:04:00+03:00,379.4,379.4,379.4,379.4,511
MOEX:POLY,2022-08-26T16:05:00+03:00,379.1,379.4,379.0,379.4,377
MOEX:POLY,2022-08-26T16:06:00+03:00,379.4,379.7,379.0,379.0,2063
MOEX:POLY,2022-08-26T16:07:00+03:00,379.4,379.5,379.1,379.5,703
MOEX:POLY,2022-08-26T16:08:00+03:00,379.2,379.4,379.2,379.2,243
MOEX:POLY,2022-08-26T16:09:00+03:00,379.0,379.3,379.0,379.0,116
MOEX:POLY,2022-08-26T16:10:00+03:00,379.2,379.2,379.1,379.1,144
MOEX:POLY,2022-08-26T16:11:00+03:00,379.2,379.2,379.1,379.2,490
MOEX:POLY,2022-08-26T16:12:00+03:00,379.1,379.2,378.8,379.1,4308
MOEX:POLY,2022-08-26T16:13:00+03:00,379.0,379.1,378.6,379.0,815
MOEX:POLY,2022-08-26T16:14:00+03:00,379.0,379.1,379.0,379.1,1055
MOEX:POLY,2022-08-26T16:15:00+03:00,379.0,379.1,378.7,379.0,342
MOEX:POLY,2022-08-26T16:16:00+03:00,379.1,379.1,379.0,379.1,384
MOEX:POLY,2022-08-26T16:17:00+03:00,379.0,379.1,378.5,379.0,268
MOEX:POLY,2022-08-26T16:18:00+03:00,379.0,379.0,379.0,379.0,136
MOEX:POLY,2022-08-26T16:19:00+03:00,379.0,379.0,378.8,378.8,232
MOEX:POLY,2022-08-26T16:20:00+03:00,378.8,378.9,378.5,378.5,205
MOEX:POLY,2022-08-26T16:21:00+03:00,378.7,378.7,378.5,378.5,230
MOEX:POLY,2022-08-26T16:22:00+03:00,378.7,378.9,378.5,378.5,450
MOEX:POLY,2022-08-26T16:23:00+03:00,378.5,378.5,378.4,378.4,602
MOEX:POLY,2022-08-26T16:24:00+03:00,378.5,378.9,378.5,378.9,340
MOEX:POLY,2022-08-26T16:25:00+03:00,378.9,378.9,378.9,378.9,64
MOEX:POLY,2022-08-26T16:26:00+03:00,378.8,378.9,378.5,378.9,76
MOEX:POLY,2022-08-26T16:27:00+03:00,378.9,378.9,378.5,378.5,7
MOEX:POLY,2022-08-26T16:28:00+03:00,378.8,378.9,378.8,378.9,84
MOEX:POLY,2022-08-26T16:29:00+03:00,378.6,378.6,378.6,378.6,11
MOEX:POLY,2022-08-26T16:30:00+03:00,378.6,378.6,378.4,378.4,158
MOEX:POLY,2022-08-26T16:31:00+03:00,378.4,378.6,377.3,378.5,6235
MOEX:POLY,2022-08-26T16:32:00+03:00,378.1,378.9,378.1,378.5,646
MOEX:POLY,2022-08-26T16:33:00+03:00,378.2,378.5,378.1,378.1,701
MOEX:POLY,2022-08-26T16:34:00+03:00,378.1,378.5,378.1,378.1,318
MOEX:POLY,2022-08-26T16:35:00+03:00,378.4,378.5,378.4,378.4,478
MOEX:POLY,2022-08-26T16:36:00+03:00,378.4,378.4,378.1,378.1,117
MOEX:POLY,2022-08-26T16:37:00+03:00,378.5,378.5,378.5,378.5,10
MOEX:POLY,2022-08-26T16:38:00+03:00,378.5,378.5,378.5,378.5,2
MOEX:POLY,2022-08-26T16:39:00+03:00,378.5,378.5,378.1,378.1,1413
MOEX:POLY,2022-08-26T16:40:00+03:00,378.2,378.5,378.0,378.5,141
MOEX:POLY,2022-08-26T16:41:00+03:00,378.5,378.5,378.0,378.4,472
MOEX:POLY,2022-08-26T16:42:00+03:00,378.4,378.4,378.4,378.4,30
MOEX:POLY,2022-08-26T16:43:00+03:00,378.4,378.4,377.9,377.9,91
MOEX:POLY,2022-08-26T16:44:00+03:00,377.9,378.0,377.9,378.0,222
MOEX:POLY,2022-08-26T16:45:00+03:00,378.0,378.0,378.0,378.0,60
MOEX:POLY,2022-08-26T16:46:00+03:00,378.0,378.0,377.9,378.0,130
MOEX:POLY,2022-08-26T16:47:00+03:00,378.0,378.0,377.9,377.9,98
MOEX:POLY,2022-08-26T16:48:00+03:00,378.0,378.0,377.9,378.0,52
MOEX:POLY,2022-08-26T16:49:00+03:00,378.0,378.3,378.0,378.3,139
MOEX:POLY,2022-08-26T16:50:00+03:00,378.3,378.4,378.3,378.4,3
MOEX:POLY,2022-08-26T16:51:00+03:00,378.4,378.4,377.6,378.4,1430
MOEX:POLY,2022-08-26T16:52:00+03:00,378.4,378.5,378.4,378.4,547
MOEX:POLY,2022-08-26T16:53:00+03:00,378.3,378.4,378.1,378.1,40
MOEX:POLY,2022-08-26T16:54:00+03:00,378.0,378.1,377.7,378.1,391
MOEX:POLY,2022-08-26T16:55:00+03:00,378.0,378.1,377.6,377.6,272
MOEX:POLY,2022-08-26T16:56:00+03:00,377.8,378.0,377.8,378.0,307
MOEX:POLY,2022-08-26T16:57:00+03:00,377.9,377.9,377.9,377.9,1
MOEX:POLY,2022-08-26T16:58:00+03:00,378.0,378.0,378.0,378.0,100
MOEX:POLY,2022-08-26T16:59:00+03:00,378.0,378.0,378.0,378.0,60
MOEX:POLY,2022-08-26T17:00:00+03:00,377.9,378.0,377.9,378.0,112
MOEX:POLY,2022-08-26T17:01:00+03:00,377.9,378.1,377.9,378.1,588
MOEX:POLY,2022-08-26T17:02:00+03:00,378.0,378.2,378.0,378.2,26
MOEX:POLY,2022-08-26T17:03:00+03:00,378.2,378.2,378.2,378.2,241
MOEX:POLY,2022-08-26T17:04:00+03:00,378.2,378.2,377.9,377.9,372
MOEX:POLY,2022-08-26T17:05:00+03:00,377.9,378.0,377.8,377.8,115
MOEX:POLY,2022-08-26T17:06:00+03:00,378.0,378.0,377.8,377.8,510
MOEX:POLY,2022-08-26T17:07:00+03:00,377.9,378.0,377.8,378.0,779
MOEX:POLY,2022-08-26T17:08:00+03:00,377.9,378.0,377.9,377.9,135
MOEX:POLY,2022-08-26T17:09:00+03:00,377.9,377.9,377.8,377.9,693
MOEX:POLY,2022-08-26T17:10:00+03:00,377.9,377.9,377.8,377.9,159
MOEX:POLY,2022-08-26T17:11:00+03:00,377.8,377.9,377.8,377.9,213
MOEX:POLY,2022-08-26T17:12:00+03:00,377.9,377.9,377.9,377.9,21
MOEX:POLY,2022-08-26T17:13:00+03:00,377.9,377.9,377.7,377.7,1222
MOEX:POLY,2022-08-26T17:14:00+03:00,377.8,377.9,377.7,377.9,806
MOEX:POLY,2022-08-26T17:16:00+03:00,377.9,377.9,377.8,377.8,95
MOEX:POLY,2022-08-26T17:17:00+03:00,377.9,377.9,377.9,377.9,150
MOEX:POLY,2022-08-26T17:18:00+03:00,377.8,377.9,377.8,377.8,24
MOEX:POLY,2022-08-26T17:19:00+03:00,377.8,377.9,377.8,377.8,189
MOEX:POLY,2022-08-26T17:20:00+03:00,377.8,377.9,377.8,377.8,7
MOEX:POLY,2022-08-26T17:21:00+03:00,377.8,377.8,377.8,377.8,123
MOEX:POLY,2022-08-26T17:22:00+03:00,377.8,377.9,377.7,377.7,215
MOEX:POLY,2022-08-26T17:23:00+03:00,377.7,377.7,377.2,377.7,2794
MOEX:POLY,2022-08-26T17:24:00+03:00,377.3,377.3,377.2,377.3,275
MOEX:POLY,2022-08-26T17:25:00+03:00,377.7,377.7,377.5,377.7,15
MOEX:POLY,2022-08-26T17:26:00+03:00,377.7,377.7,377.5,377.7,203
MOEX:POLY,2022-08-26T17:27:00+03:00,377.8,377.8,377.3,377.8,273
MOEX:POLY,2022-08-26T17:28:00+03:00,377.7,377.8,377.7,377.8,5
MOEX:POLY,2022-08-26T17:29:00+03:00,377.4,377.7,377.2,377.7,527
MOEX:POLY,2022-08-26T17:30:00+03:00,377.8,377.9,377.7,377.9,219
MOEX:POLY,2022-08-26T17:31:00+03:00,377.8,377.9,377.8,377.8,55
MOEX:POLY,2022-08-26T17:33:00+03:00,377.9,377.9,377.8,377.8,73
MOEX:POLY,2022-08-26T17:34:00+03:00,377.8,377.8,377.8,377.8,2
MOEX:POLY,2022-08-26T17:35:00+03:00,377.7,377.8,377.7,377.8,16
MOEX:POLY,2022-08-26T17:36:00+03:00,377.8,377.8,377.1,377.8,2899
MOEX:POLY,2022-08-26T17:37:00+03:00,377.3,377.8,377.2,377.7,104
MOEX:POLY,2022-08-26T17:38:00+03:00,377.3,377.3,377.3,377.3,50
MOEX:POLY,2022-08-26T17:39:00+03:00,377.5,377.6,377.1,377.2,401
MOEX:POLY,2022-08-26T17:40:00+03:00,377.5,377.7,377.1,377.1,1458
MOEX:POLY,2022-08-26T17:41:00+03:00,377.1,377.4,376.6,376.6,7078
MOEX:POLY,2022-08-26T17:42:00+03:00,376.9,377.0,376.0,376.0,4628
MOEX:POLY,2022-08-26T17:43:00+03:00,376.5,376.7,376.0,376.1,1199
MOEX:POLY,2022-08-26T17:44:00+03:00,376.5,377.0,376.5,376.5,362
MOEX:POLY,2022-08-26T17:45:00+03:00,376.5,377.1,376.3,377.1,1438
MOEX:POLY,2022-08-26T17:46:00+03:00,377.1,377.2,377.0,377.2,5592
MOEX:POLY,2022-08-26T17:47:00+03:00,377.0,377.2,377.0,377.2,408
MOEX:POLY,2022-08-26T17:48:00+03:00,377.1,377.2,377.1,377.2,25
MOEX:POLY,2022-08-26T17:49:00+03:00,377.1,377.1,377.1,377.1,3
MOEX:POLY,2022-08-26T17:50:00+03:00,377.1,377.2,376.7,377.2,506
MOEX:POLY,2022-08-26T17:51:00+03:00,377.1,377.2,376.8,377.1,565
MOEX:POLY,2022-08-26T17:52:00+03:00,376.8,377.1,376.4,377.1,266
MOEX:POLY,2022-08-26T17:53:00+03:00,377.2,377.2,377.1,377.1,41
MOEX:POLY,2022-08-26T17:54:00+03:00,377.1,377.1,377.1,377.1,61
MOEX:POLY,2022-08-26T17:55:00+03:00,377.1,377.1,377.1,377.1,756
MOEX:POLY,2022-08-26T17:56:00+03:00,377.1,377.1,377.0,377.1,20
MOEX:POLY,2022-08-26T17:57:00+03:00,377.1,377.1,377.0,377.0,78
MOEX:POLY,2022-08-26T17:58:00+03:00,377.0,377.0,377.0,377.0,1
MOEX:POLY,2022-08-26T17:59:00+03:00,377.0,377.0,377.0,377.0,40
MOEX:POLY,2022-08-26T18:00:00+03:00,377.0,377.1,377.0,377.1,16
MOEX:POLY,2022-08-26T18:01:00+03:00,377.0,377.1,377.0,377.1,11
MOEX:POLY,2022-08-26T18:02:00+03:00,377.1,377.1,377.1,377.1,121
MOEX:POLY,2022-08-26T18:04:00+03:00,377.1,377.1,377.1,377.1,20
MOEX:POLY,2022-08-26T18:05:00+03:00,377.0,377.1,377.0,377.1,505
MOEX:POLY,2022-08-26T18:06:00+03:00,377.0,377.1,377.0,377.0,1059
MOEX:POLY,2022-08-26T18:07:00+03:00,377.0,377.0,376.8,376.8,124
MOEX:POLY,2022-08-26T18:08:00+03:00,376.7,376.8,376.7,376.8,169
MOEX:POLY,2022-08-26T18:09:00+03:00,376.8,376.8,376.5,376.5,298
MOEX:POLY,2022-08-26T18:10:00+03:00,376.5,376.6,376.5,376.6,2
MOEX:POLY,2022-08-26T18:11:00+03:00,376.6,376.8,376.6,376.8,8
MOEX:POLY,2022-08-26T18:12:00+03:00,376.6,376.6,376.6,376.6,3
MOEX:POLY,2022-08-26T18:13:00+03:00,376.6,376.6,376.1,376.4,2374
MOEX:POLY,2022-08-26T18:14:00+03:00,376.5,376.5,376.4,376.4,144
MOEX:POLY,2022-08-26T18:15:00+03:00,376.2,376.2,376.2,376.2,91
MOEX:POLY,2022-08-26T18:17:00+03:00,376.3,376.3,376.2,376.2,101
MOEX:POLY,2022-08-26T18:18:00+03:00,376.3,376.3,376.2,376.2,258
MOEX:POLY,2022-08-26T18:20:00+03:00,376.3,376.4,376.2,376.2,1059
MOEX:POLY,2022-08-26T18:21:00+03:00,376.4,376.9,376.2,376.3,4478
MOEX:POLY,2022-08-26T18:22:00+03:00,376.9,377.0,376.4,377.0,69
MOEX:POLY,2022-08-26T18:23:00+03:00,377.0,377.2,376.5,376.6,2460
MOEX:POLY,2022-08-26T18:24:00+03:00,376.6,376.6,376.1,376.1,481
MOEX:POLY,2022-08-26T18:25:00+03:00,376.6,376.6,376.5,376.6,513
MOEX:POLY,2022-08-26T18:26:00+03:00,376.6,376.6,376.5,376.6,289
MOEX:POLY,2022-08-26T18:27:00+03:00,376.6,376.6,376.5,376.5,3044
MOEX:POLY,2022-08-26T18:28:00+03:00,376.5,376.5,376.1,376.2,654
MOEX:POLY,2022-08-26T18:29:00+03:00,376.5,376.5,376.1,376.1,310
MOEX:POLY,2022-08-26T18:30:00+03:00,376.1,376.5,376.1,376.1,561
MOEX:POLY,2022-08-26T18:31:00+03:00,376.2,376.5,376.1,376.4,267
MOEX:POLY,2022-08-26T18:32:00+03:00,376.4,376.5,376.2,376.5,1115
MOEX:POLY,2022-08-26T18:33:00+03:00,376.5,376.5,375.5,375.8,12608
MOEX:POLY,2022-08-26T18:34:00+03:00,376.0,376.0,375.6,376.0,259
MOEX:POLY,2022-08-26T18:35:00+03:00,375.8,376.3,375.8,376.0,404
MOEX:POLY,2022-08-26T18:36:00+03:00,376.2,376.4,376.0,376.0,568
MOEX:POLY,2022-08-26T18:37:00+03:00,376.0,376.0,375.8,376.0,896
MOEX:POLY,2022-08-26T18:38:00+03:00,376.0,376.0,375.9,376.0,727
MOEX:POLY,2022-08-26T18:39:00+03:00,376.0,376.0,375.7,375.7,2647
MOEX:POLY,2022-08-26T18:45:00+03:00,377.5,377.5,377.5,377.5,10565
MOEX:POLY,2022-08-26T18:46:00+03:00,377.5,377.5,377.5,377.5,74
MOEX:POLY,2022-08-26T18:47:00+03:00,377.5,377.5,377.5,377.5,215
MOEX:POLY,2022-08-26T18:48:00+03:00,377.5,377.5,377.5,377.5,786
MOEX:POLY,2022-08-26T18:49:00+03:00,377.5,377.5,377.5,377.5,413
