MOEX:TATN,2023-08-04T10:00:00+03:00,548.0,549.9,548.0,549.7,30393
MOEX:TATN,2023-08-04T10:01:00+03:00,549.9,550.4,547.9,548.5,30172
MOEX:TATN,2023-08-04T10:02:00+03:00,548.8,549.1,548.3,548.6,8207
MOEX:TATN,2023-08-04T10:03:00+03:00,548.7,548.8,548.4,548.5,2234
MOEX:TATN,2023-08-04T10:04:00+03:00,548.5,548.8,548.4,548.5,3735
MOEX:TATN,2023-08-04T10:05:00+03:00,548.8,549.2,548.4,548.7,7245
MOEX:TATN,2023-08-04T10:06:00+03:00,548.7,549.6,548.6,549.6,10328
MOEX:TATN,2023-08-04T10:07:00+03:00,549.6,550.4,549.5,550.4,14029
MOEX:TATN,2023-08-04T10:08:00+03:00,550.4,551.7,549.2,549.5,35871
MOEX:TATN,2023-08-04T10:09:00+03:00,549.9,550.2,549.6,550.0,4957
MOEX:TATN,2023-08-04T10:10:00+03:00,550.0,550.5,549.0,549.0,12032
MOEX:TATN,2023-08-04T10:11:00+03:00,549.1,550.0,549.0,549.9,11407
MOEX:TATN,2023-08-04T10:12:00+03:00,550.0,550.0,549.8,549.9,2997
MOEX:TATN,2023-08-04T10:13:00+03:00,549.8,549.9,548.6,548.8,13713
MOEX:TATN,2023-08-04T10:14:00+03:00,549.0,549.2,548.7,548.8,4535
MOEX:TATN,2023-08-04T10:15:00+03:00,548.7,549.9,548.6,549.8,7883
MOEX:TATN,2023-08-04T10:16:00+03:00,549.9,550.0,549.3,549.3,6035
MOEX:TATN,2023-08-04T10:17:00+03:00,549.5,549.7,549.2,549.7,1732
MOEX:TATN,2023-08-04T10:18:00+03:00,549.5,549.6,549.4,549.4,1344
MOEX:TATN,2023-08-04T10:19:00+03:00,549.5,549.8,549.4,549.6,2522
MOEX:TATN,2023-08-04T10:20:00+03:00,549.8,549.9,549.5,549.6,5397
MOEX:TATN,2023-08-04T10:21:00+03:00,549.6,549.9,549.6,549.9,1273
MOEX:TATN,2023-08-04T10:22:00+03:00,549.9,549.9,549.5,549.5,4452
MOEX:TATN,2023-08-04T10:23:00+03:00,549.5,549.8,549.5,549.6,9885
MOEX:TATN,2023-08-04T10:24:00+03:00,549.6,549.6,549.5,549.5,5293
MOEX:TATN,2023-08-04T10:25:00+03:00,549.6,549.6,549.5,549.6,5169
MOEX:TATN,2023-08-04T10:26:00+03:00,549.5,549.6,549.5,549.5,2823
MOEX:TATN,2023-08-04T10:27:00+03:00,549.6,549.6,549.5,549.6,1133
MOEX:TATN,2023-08-04T10:28:00+03:00,549.6,549.7,549.5,549.7,4948
MOEX:TATN,2023-08-04T10:29:00+03:00,549.7,550.0,549.7,549.9,7715
MOEX:TATN,2023-08-04T10:30:00+03:00,549.9,550.0,549.5,549.6,6030
MOEX:TATN,2023-08-04T10:31:00+03:00,549.5,549.9,549.5,549.9,5007
MOEX:TATN,2023-08-04T10:32:00+03:00,549.9,549.9,549.5,549.5,3296
MOEX:TATN,2023-08-04T10:33:00+03:00,549.6,549.8,549.5,549.8,1062
MOEX:TATN,2023-08-04T10:34:00+03:00,549.8,549.8,549.7,549.8,5461
MOEX:TATN,2023-08-04T10:35:00+03:00,549.7,549.8,549.6,549.7,1546
MOEX:TATN,2023-08-04T10:36:00+03:00,549.7,549.8,549.5,549.7,5031
MOEX:TATN,2023-08-04T10:37:00+03:00,549.7,549.7,549.4,549.4,6022
MOEX:TATN,2023-08-04T10:38:00+03:00,549.4,549.6,549.4,549.5,1588
MOEX:TATN,2023-08-04T10:39:00+03:00,549.5,549.6,549.4,549.4,1808
MOEX:TATN,2023-08-04T10:40:00+03:00,549.5,549.6,549.5,549.6,1576
MOEX:TATN,2023-08-04T10:41:00+03:00,549.5,549.6,549.4,549.5,1888
MOEX:TATN,2023-08-04T10:42:00+03:00,549.5,549.8,549.4,549.8,2328
MOEX:TATN,2023-08-04T10:43:00+03:00,549.8,549.8,549.6,549.7,1288
MOEX:TATN,2023-08-04T10:44:00+03:00,549.7,549.8,549.5,549.8,13208
MOEX:TATN,2023-08-04T10:45:00+03:00,549.7,549.9,549.7,549.9,2790
MOEX:TATN,2023-08-04T10:46:00+03:00,549.9,549.9,549.6,549.8,4463
MOEX:TATN,2023-08-04T10:47:00+03:00,549.8,550.0,549.7,550.0,37278
MOEX:TATN,2023-08-04T10:48:00+03:00,550.0,550.0,549.9,550.0,7397
MOEX:TATN,2023-08-04T10:49:00+03:00,550.0,550.0,549.9,550.0,12048
MOEX:TATN,2023-08-04T10:50:00+03:00,550.0,550.0,549.9,550.0,2855
MOEX:TATN,2023-08-04T10:51:00+03:00,550.0,550.0,549.9,550.0,1870
MOEX:TATN,2023-08-04T10:52:00+03:00,550.0,550.0,549.9,550.0,14428
MOEX:TATN,2023-08-04T10:53:00+03:00,550.0,550.0,549.9,549.9,5498
MOEX:TATN,2023-08-04T10:54:00+03:00,550.0,550.0,549.9,550.0,6652
MOEX:TATN,2023-08-04T10:55:00+03:00,550.0,551.0,549.9,551.0,39035
MOEX:TATN,2023-08-04T10:56:00+03:00,551.0,551.5,550.9,551.4,5019
MOEX:TATN,2023-08-04T10:57:00+03:00,551.4,551.8,551.3,551.4,23492
MOEX:TATN,2023-08-04T10:58:00+03:00,551.5,551.5,551.4,551.5,2902
MOEX:TATN,2023-08-04T10:59:00+03:00,551.5,551.7,551.4,551.6,3579
MOEX:TATN,2023-08-04T11:00:00+03:00,551.5,552.5,551.5,552.4,11155
MOEX:TATN,2023-08-04T11:01:00+03:00,552.4,552.6,552.1,552.5,3324
MOEX:TATN,2023-08-04T11:02:00+03:00,552.6,552.9,552.5,552.9,5877
MOEX:TATN,2023-08-04T11:03:00+03:00,552.9,552.9,550.8,551.1,19068
MOEX:TATN,2023-08-04T11:04:00+03:00,551.1,552.0,550.9,551.6,6273
MOEX:TATN,2023-08-04T11:05:00+03:00,551.6,552.7,551.4,552.6,6749
MOEX:TATN,2023-08-04T11:06:00+03:00,552.4,552.6,552.2,552.5,1168
MOEX:TATN,2023-08-04T11:07:00+03:00,552.5,552.6,552.2,552.2,1295
MOEX:TATN,2023-08-04T11:08:00+03:00,552.2,552.5,552.2,552.2,3193
MOEX:TATN,2023-08-04T11:09:00+03:00,552.3,552.4,552.2,552.3,3154
MOEX:TATN,2023-08-04T11:10:00+03:00,552.3,552.9,552.3,552.9,3836
MOEX:TATN,2023-08-04T11:11:00+03:00,552.7,552.9,552.7,552.9,2921
MOEX:TATN,2023-08-04T11:12:00+03:00,552.9,552.9,552.7,552.9,2847
MOEX:TATN,2023-08-04T11:13:00+03:00,552.9,552.9,552.7,552.8,3974
MOEX:TATN,2023-08-04T11:14:00+03:00,552.8,553.4,552.8,553.3,7825
MOEX:TATN,2023-08-04T11:15:00+03:00,553.2,554.0,553.2,554.0,16083
MOEX:TATN,2023-08-04T11:16:00+03:00,553.9,554.0,553.9,554.0,5685
MOEX:TATN,2023-08-04T11:17:00+03:00,554.0,554.5,553.9,554.4,12376
MOEX:TATN,2023-08-04T11:18:00+03:00,554.3,554.8,554.3,554.6,28703
MOEX:TATN,2023-08-04T11:19:00+03:00,554.5,554.6,554.3,554.4,4040
MOEX:TATN,2023-08-04T11:20:00+03:00,554.3,554.5,554.0,554.1,6616
MOEX:TATN,2023-08-04T11:21:00+03:00,554.0,554.4,553.9,554.3,5958
MOEX:TATN,2023-08-04T11:22:00+03:00,554.4,554.8,554.4,554.7,5472
MOEX:TATN,2023-08-04T11:23:00+03:00,554.8,554.8,554.2,554.7,9729
MOEX:TATN,2023-08-04T11:24:00+03:00,554.7,555.0,554.5,554.8,13987
MOEX:TATN,2023-08-04T11:25:00+03:00,554.6,555.4,554.5,555.3,34095
MOEX:TATN,2023-08-04T11:26:00+03:00,555.3,555.7,555.3,555.6,19107
MOEX:TATN,2023-08-04T11:27:00+03:00,555.6,556.0,555.6,555.7,6338
MOEX:TATN,2023-08-04T11:28:00+03:00,555.7,556.4,555.5,556.4,32816
MOEX:TATN,2023-08-04T11:29:00+03:00,556.4,557.4,556.3,557.3,31391
MOEX:TATN,2023-08-04T11:30:00+03:00,557.4,557.7,557.0,557.2,17785
MOEX:TATN,2023-08-04T11:31:00+03:00,557.3,557.3,556.8,556.8,28160
MOEX:TATN,2023-08-04T11:32:00+03:00,556.8,557.1,556.8,557.0,10603
MOEX:TATN,2023-08-04T11:33:00+03:00,557.0,557.3,555.7,556.4,17847
MOEX:TATN,2023-08-04T11:34:00+03:00,556.8,557.1,556.0,557.0,10450
MOEX:TATN,2023-08-04T11:35:00+03:00,557.0,557.0,556.4,556.6,3591
MOEX:TATN,2023-08-04T11:36:00+03:00,556.8,556.9,556.5,556.9,2516
MOEX:TATN,2023-08-04T11:37:00+03:00,556.9,556.9,556.5,556.5,3744
MOEX:TATN,2023-08-04T11:38:00+03:00,556.7,556.8,556.5,556.8,1612
MOEX:TATN,2023-08-04T11:39:00+03:00,556.6,556.7,556.5,556.5,2918
MOEX:TATN,2023-08-04T11:40:00+03:00,556.5,556.7,556.5,556.7,1725
MOEX:TATN,2023-08-04T11:41:00+03:00,556.6,556.7,556.6,556.6,1599
MOEX:TATN,2023-08-04T11:42:00+03:00,556.7,556.7,556.6,556.7,1979
MOEX:TATN,2023-08-04T11:43:00+03:00,556.7,556.9,556.6,556.9,5666
MOEX:TATN,2023-08-04T11:44:00+03:00,556.9,557.5,556.8,557.4,7228
MOEX:TATN,2023-08-04T11:45:00+03:00,557.4,558.0,557.4,557.8,10299
MOEX:TATN,2023-08-04T11:46:00+03:00,557.8,558.4,557.8,558.0,7913
MOEX:TATN,2023-08-04T11:47:00+03:00,558.0,558.2,557.9,558.0,1684
MOEX:TATN,2023-08-04T11:48:00+03:00,558.1,558.4,558.0,558.3,8450
MOEX:TATN,2023-08-04T11:49:00+03:00,558.2,559.0,558.1,558.4,12627
MOEX:TATN,2023-08-04T11:50:00+03:00,558.6,559.7,558.6,559.0,18718
MOEX:TATN,2023-08-04T11:51:00+03:00,559.1,559.7,558.9,559.3,4856
MOEX:TATN,2023-08-04T11:52:00+03:00,559.3,560.5,559.2,559.6,71936
MOEX:TATN,2023-08-04T11:53:00+03:00,559.3,559.7,559.3,559.7,9793
MOEX:TATN,2023-08-04T11:54:00+03:00,559.7,562.2,559.7,561.3,33222
MOEX:TATN,2023-08-04T11:55:00+03:00,561.4,562.4,561.1,562.1,11842
MOEX:TATN,2023-08-04T11:56:00+03:00,562.1,562.9,562.1,562.4,18818
MOEX:TATN,2023-08-04T11:57:00+03:00,562.2,562.4,561.0,561.0,18282
MOEX:TATN,2023-08-04T11:58:00+03:00,561.1,562.6,561.1,562.5,7222
MOEX:TATN,2023-08-04T11:59:00+03:00,562.5,564.3,562.4,563.5,49615
MOEX:TATN,2023-08-04T12:00:00+03:00,563.7,564.8,563.5,564.4,28879
MOEX:TATN,2023-08-04T12:01:00+03:00,564.5,564.9,564.3,564.9,15146
MOEX:TATN,2023-08-04T12:02:00+03:00,564.8,566.0,564.8,566.0,15932
MOEX:TATN,2023-08-04T12:03:00+03:00,566.0,566.0,565.5,565.5,11217
MOEX:TATN,2023-08-04T12:04:00+03:00,565.5,567.3,565.5,567.3,24379
MOEX:TATN,2023-08-04T12:05:00+03:00,567.3,568.8,567.2,568.8,22983
MOEX:TATN,2023-08-04T12:06:00+03:00,568.7,569.8,568.4,569.7,32700
MOEX:TATN,2023-08-04T12:07:00+03:00,569.7,569.8,569.1,569.8,42566
MOEX:TATN,2023-08-04T12:08:00+03:00,569.6,572.0,568.8,572.0,81216
MOEX:TATN,2023-08-04T12:09:00+03:00,571.9,572.0,568.1,568.9,46239
MOEX:TATN,2023-08-04T12:10:00+03:00,568.9,570.0,567.3,569.6,63571
MOEX:TATN,2023-08-04T12:11:00+03:00,569.5,569.7,566.1,566.3,26974
MOEX:TATN,2023-08-04T12:12:00+03:00,566.3,567.8,565.8,567.8,34801
MOEX:TATN,2023-08-04T12:13:00+03:00,567.8,568.6,566.6,567.5,13745
MOEX:TATN,2023-08-04T12:14:00+03:00,567.6,567.9,567.1,567.6,11991
MOEX:TATN,2023-08-04T12:15:00+03:00,567.6,567.9,566.6,566.6,24037
MOEX:TATN,2023-08-04T12:16:00+03:00,566.6,566.9,566.0,566.9,23062
MOEX:TATN,2023-08-04T12:17:00+03:00,566.9,566.9,564.4,564.7,67852
MOEX:TATN,2023-08-04T12:18:00+03:00,564.8,564.8,561.8,562.4,66463
MOEX:TATN,2023-08-04T12:19:00+03:00,562.7,564.0,562.5,563.8,15288
MOEX:TATN,2023-08-04T12:20:00+03:00,563.8,564.6,563.7,564.5,14444
MOEX:TATN,2023-08-04T12:21:00+03:00,564.5,565.9,564.3,565.9,15170
MOEX:TATN,2023-08-04T12:22:00+03:00,565.5,566.1,565.0,565.1,19884
MOEX:TATN,2023-08-04T12:23:00+03:00,565.1,565.5,565.0,565.1,13159
MOEX:TATN,2023-08-04T12:24:00+03:00,565.2,565.3,564.0,564.0,22298
MOEX:TATN,2023-08-04T12:25:00+03:00,564.2,564.3,563.7,563.7,8181
MOEX:TATN,2023-08-04T12:26:00+03:00,563.8,564.0,563.0,563.2,15259
MOEX:TATN,2023-08-04T12:27:00+03:00,563.2,563.6,563.0,563.3,11567
MOEX:TATN,2023-08-04T12:28:00+03:00,563.3,563.4,563.2,563.4,7358
MOEX:TATN,2023-08-04T12:29:00+03:00,563.3,564.5,563.3,564.5,13125
MOEX:TATN,2023-08-04T12:30:00+03:00,564.4,565.0,564.4,564.8,8665
MOEX:TATN,2023-08-04T12:31:00+03:00,564.8,565.0,564.6,564.6,3970
MOEX:TATN,2023-08-04T12:32:00+03:00,564.7,564.7,564.5,564.6,2605
MOEX:TATN,2023-08-04T12:33:00+03:00,564.5,566.4,564.5,565.8,37250
MOEX:TATN,2023-08-04T12:34:00+03:00,565.8,567.3,565.7,567.1,41717
MOEX:TATN,2023-08-04T12:35:00+03:00,567.2,567.2,566.3,566.8,9668
MOEX:TATN,2023-08-04T12:36:00+03:00,567.0,567.0,566.8,567.0,2274
MOEX:TATN,2023-08-04T12:37:00+03:00,567.0,567.0,566.7,566.9,6896
MOEX:TATN,2023-08-04T12:38:00+03:00,566.9,566.9,566.4,566.4,5314
MOEX:TATN,2023-08-04T12:39:00+03:00,566.4,566.5,565.7,565.8,5618
MOEX:TATN,2023-08-04T12:40:00+03:00,565.8,566.0,565.8,566.0,1977
MOEX:TATN,2023-08-04T12:41:00+03:00,566.0,566.2,565.7,565.7,877
MOEX:TATN,2023-08-04T12:42:00+03:00,565.8,565.8,565.3,565.6,6181
MOEX:TATN,2023-08-04T12:43:00+03:00,565.6,565.7,565.5,565.5,852
MOEX:TATN,2023-08-04T12:44:00+03:00,565.6,565.6,564.5,564.6,7165
MOEX:TATN,2023-08-04T12:45:00+03:00,564.6,566.0,564.5,566.0,3745
MOEX:TATN,2023-08-04T12:46:00+03:00,566.0,567.0,566.0,566.8,8184
MOEX:TATN,2023-08-04T12:47:00+03:00,566.7,566.8,566.4,566.7,5149
MOEX:TATN,2023-08-04T12:48:00+03:00,566.6,566.7,566.6,566.7,2621
MOEX:TATN,2023-08-04T12:49:00+03:00,566.6,567.1,566.4,566.5,14587
MOEX:TATN,2023-08-04T12:50:00+03:00,566.6,566.7,566.5,566.7,2363
MOEX:TATN,2023-08-04T12:51:00+03:00,566.6,566.9,566.5,566.9,1992
MOEX:TATN,2023-08-04T12:52:00+03:00,566.9,567.0,566.7,566.9,1308
MOEX:TATN,2023-08-04T12:53:00+03:00,567.0,567.1,566.7,566.9,2315
MOEX:TATN,2023-08-04T12:54:00+03:00,566.7,566.8,565.7,565.8,7009
MOEX:TATN,2023-08-04T12:55:00+03:00,565.8,565.8,564.5,565.0,21486
MOEX:TATN,2023-08-04T12:56:00+03:00,565.0,565.5,564.5,564.8,21459
MOEX:TATN,2023-08-04T12:57:00+03:00,565.1,565.1,564.7,564.9,5487
MOEX:TATN,2023-08-04T12:58:00+03:00,564.9,565.1,564.9,565.0,7809
MOEX:TATN,2023-08-04T12:59:00+03:00,565.0,566.0,564.9,565.9,18320
MOEX:TATN,2023-08-04T13:00:00+03:00,565.9,566.9,565.9,566.9,8633
MOEX:TATN,2023-08-04T13:01:00+03:00,566.9,566.9,566.4,566.6,2321
MOEX:TATN,2023-08-04T13:02:00+03:00,566.5,566.8,566.5,566.8,4505
MOEX:TATN,2023-08-04T13:03:00+03:00,566.6,566.6,565.5,566.1,3452
MOEX:TATN,2023-08-04T13:04:00+03:00,565.9,566.8,565.9,566.7,1619
MOEX:TATN,2023-08-04T13:05:00+03:00,566.8,567.1,566.8,567.0,5986
MOEX:TATN,2023-08-04T13:06:00+03:00,567.0,567.0,566.5,566.6,4760
MOEX:TATN,2023-08-04T13:07:00+03:00,566.5,566.6,566.5,566.5,1803
MOEX:TATN,2023-08-04T13:08:00+03:00,566.5,566.6,566.0,566.0,3968
MOEX:TATN,2023-08-04T13:09:00+03:00,566.1,566.1,565.5,565.5,5102
MOEX:TATN,2023-08-04T13:10:00+03:00,565.6,566.3,565.5,566.3,7130
MOEX:TATN,2023-08-04T13:11:00+03:00,566.3,566.5,566.1,566.1,4557
MOEX:TATN,2023-08-04T13:12:00+03:00,566.0,566.2,565.8,565.9,1763
MOEX:TATN,2023-08-04T13:13:00+03:00,565.9,566.1,565.6,566.1,1922
MOEX:TATN,2023-08-04T13:14:00+03:00,566.1,566.5,566.1,566.5,5545
MOEX:TATN,2023-08-04T13:15:00+03:00,566.5,566.8,566.3,566.8,12064
MOEX:TATN,2023-08-04T13:16:00+03:00,566.8,567.3,566.7,567.3,12601
MOEX:TATN,2023-08-04T13:17:00+03:00,567.2,567.6,567.2,567.5,15885
MOEX:TATN,2023-08-04T13:18:00+03:00,567.6,567.6,567.5,567.6,8856
MOEX:TATN,2023-08-04T13:19:00+03:00,567.5,567.8,567.5,567.8,3028
MOEX:TATN,2023-08-04T13:20:00+03:00,567.8,567.9,567.5,567.5,2756
MOEX:TATN,2023-08-04T13:21:00+03:00,567.6,567.8,565.8,566.9,42812
MOEX:TATN,2023-08-04T13:22:00+03:00,567.2,567.2,566.7,566.9,1012
MOEX:TATN,2023-08-04T13:23:00+03:00,566.9,567.5,566.9,567.1,7720
MOEX:TATN,2023-08-04T13:24:00+03:00,567.2,567.7,567.0,567.4,11707
MOEX:TATN,2023-08-04T13:25:00+03:00,567.5,567.7,567.3,567.6,2573
MOEX:TATN,2023-08-04T13:26:00+03:00,567.5,567.8,567.5,567.7,6313
MOEX:TATN,2023-08-04T13:27:00+03:00,567.7,567.9,567.7,567.9,5744
MOEX:TATN,2023-08-04T13:28:00+03:00,567.8,568.0,567.8,567.8,2225
MOEX:TATN,2023-08-04T13:29:00+03:00,567.8,568.0,567.7,567.7,5507
MOEX:TATN,2023-08-04T13:30:00+03:00,567.7,568.3,567.7,568.2,23517
MOEX:TATN,2023-08-04T13:31:00+03:00,568.3,568.5,568.1,568.4,12222
MOEX:TATN,2023-08-04T13:32:00+03:00,568.5,569.0,568.3,568.8,46105
MOEX:TATN,2023-08-04T13:33:00+03:00,568.8,569.0,568.8,569.0,3664
MOEX:TATN,2023-08-04T13:34:00+03:00,568.9,569.7,568.8,569.6,25628
MOEX:TATN,2023-08-04T13:35:00+03:00,569.3,569.5,568.6,568.6,5997
MOEX:TATN,2023-08-04T13:36:00+03:00,568.6,568.7,568.2,568.5,17245
MOEX:TATN,2023-08-04T13:37:00+03:00,568.5,568.5,568.3,568.3,4539
MOEX:TATN,2023-08-04T13:38:00+03:00,568.3,568.5,568.3,568.4,4894
MOEX:TATN,2023-08-04T13:39:00+03:00,568.4,568.5,568.4,568.4,7202
MOEX:TATN,2023-08-04T13:40:00+03:00,568.4,568.6,568.4,568.5,13336
MOEX:TATN,2023-08-04T13:41:00+03:00,568.5,568.5,568.2,568.3,2809
MOEX:TATN,2023-08-04T13:42:00+03:00,568.3,568.3,567.9,568.1,3582
MOEX:TATN,2023-08-04T13:43:00+03:00,568.1,568.1,567.6,568.0,5509
MOEX:TATN,2023-08-04T13:44:00+03:00,567.7,568.9,567.7,568.9,6565
MOEX:TATN,2023-08-04T13:45:00+03:00,568.8,569.2,568.8,568.8,7964
MOEX:TATN,2023-08-04T13:46:00+03:00,568.9,569.0,568.2,568.5,7129
MOEX:TATN,2023-08-04T13:47:00+03:00,568.5,569.0,568.5,569.0,7255
MOEX:TATN,2023-08-04T13:48:00+03:00,569.0,569.0,568.7,568.9,2875
MOEX:TATN,2023-08-04T13:49:00+03:00,569.0,569.1,568.5,568.5,2026
MOEX:TATN,2023-08-04T13:50:00+03:00,568.6,568.7,568.4,568.6,4546
MOEX:TATN,2023-08-04T13:51:00+03:00,568.7,568.7,568.3,568.7,1769
MOEX:TATN,2023-08-04T13:52:00+03:00,568.7,568.7,568.6,568.7,2849
MOEX:TATN,2023-08-04T13:53:00+03:00,568.7,568.7,568.5,568.6,3607
MOEX:TATN,2023-08-04T13:54:00+03:00,568.5,568.5,567.7,567.9,15452
MOEX:TATN,2023-08-04T13:55:00+03:00,567.9,568.0,567.5,567.5,9679
MOEX:TATN,2023-08-04T13:56:00+03:00,567.6,568.0,567.5,567.9,2795
MOEX:TATN,2023-08-04T13:57:00+03:00,567.9,567.9,567.6,567.6,5069
MOEX:TATN,2023-08-04T13:58:00+03:00,567.6,567.8,567.5,567.7,5362
MOEX:TATN,2023-08-04T13:59:00+03:00,567.7,567.8,567.6,567.8,1186
MOEX:TATN,2023-08-04T14:00:00+03:00,567.8,567.8,567.5,567.7,8140
MOEX:TATN,2023-08-04T14:01:00+03:00,567.6,567.7,567.5,567.6,7069
MOEX:TATN,2023-08-04T14:02:00+03:00,567.5,567.6,567.2,567.2,4150
MOEX:TATN,2023-08-04T14:03:00+03:00,567.3,567.6,567.2,567.4,4733
MOEX:TATN,2023-08-04T14:04:00+03:00,567.6,567.6,567.2,567.2,1576
MOEX:TATN,2023-08-04T14:05:00+03:00,567.2,567.4,567.2,567.4,507
MOEX:TATN,2023-08-04T14:06:00+03:00,567.4,567.5,567.2,567.5,3710
MOEX:TATN,2023-08-04T14:07:00+03:00,567.5,567.8,567.4,567.8,4062
MOEX:TATN,2023-08-04T14:08:00+03:00,567.7,567.7,567.4,567.4,6186
MOEX:TATN,2023-08-04T14:09:00+03:00,567.6,567.7,567.4,567.5,1998
MOEX:TATN,2023-08-04T14:10:00+03:00,567.6,567.7,567.5,567.5,1718
MOEX:TATN,2023-08-04T14:11:00+03:00,567.6,567.8,567.5,567.8,1753
MOEX:TATN,2023-08-04T14:12:00+03:00,567.6,568.2,567.6,568.1,11634
MOEX:TATN,2023-08-04T14:13:00+03:00,568.1,568.7,568.1,568.4,9401
MOEX:TATN,2023-08-04T14:14:00+03:00,568.4,568.6,568.0,568.0,1810
MOEX:TATN,2023-08-04T14:15:00+03:00,568.1,568.1,567.5,567.5,4999
MOEX:TATN,2023-08-04T14:16:00+03:00,567.6,567.9,567.3,567.5,7801
MOEX:TATN,2023-08-04T14:17:00+03:00,567.5,567.8,567.2,567.3,5009
MOEX:TATN,2023-08-04T14:18:00+03:00,567.2,568.3,567.2,568.2,8442
MOEX:TATN,2023-08-04T14:19:00+03:00,568.2,568.2,567.5,567.9,3179
MOEX:TATN,2023-08-04T14:20:00+03:00,567.9,568.1,567.9,568.1,13099
MOEX:TATN,2023-08-04T14:21:00+03:00,568.1,568.2,568.0,568.0,5070
MOEX:TATN,2023-08-04T14:22:00+03:00,568.0,568.0,565.6,565.9,70355
MOEX:TATN,2023-08-04T14:23:00+03:00,566.2,566.6,565.7,565.8,7525
MOEX:TATN,2023-08-04T14:24:00+03:00,566.0,566.0,565.1,565.1,2798
MOEX:TATN,2023-08-04T14:25:00+03:00,565.1,565.3,563.4,563.4,40467
MOEX:TATN,2023-08-04T14:26:00+03:00,563.6,565.2,563.4,564.9,14366
MOEX:TATN,2023-08-04T14:27:00+03:00,564.9,564.9,564.3,564.7,1896
MOEX:TATN,2023-08-04T14:28:00+03:00,564.8,564.9,564.6,564.7,2877
MOEX:TATN,2023-08-04T14:29:00+03:00,564.8,565.6,564.7,565.2,8268
MOEX:TATN,2023-08-04T14:30:00+03:00,565.5,565.6,565.1,565.1,2832
MOEX:TATN,2023-08-04T14:31:00+03:00,565.1,565.3,565.1,565.2,2812
MOEX:TATN,2023-08-04T14:32:00+03:00,565.2,565.3,563.4,563.6,7497
MOEX:TATN,2023-08-04T14:33:00+03:00,563.5,563.6,563.0,563.0,14967
MOEX:TATN,2023-08-04T14:34:00+03:00,563.1,563.1,562.8,562.9,6690
MOEX:TATN,2023-08-04T14:35:00+03:00,562.8,563.0,562.0,562.4,17677
MOEX:TATN,2023-08-04T14:36:00+03:00,562.4,562.4,560.5,561.2,36818
MOEX:TATN,2023-08-04T14:37:00+03:00,561.3,561.3,558.5,559.6,73279
MOEX:TATN,2023-08-04T14:38:00+03:00,559.7,560.0,559.2,559.5,12614
MOEX:TATN,2023-08-04T14:39:00+03:00,559.3,559.6,557.8,558.0,28013
MOEX:TATN,2023-08-04T14:40:00+03:00,557.8,559.5,557.5,559.5,37658
MOEX:TATN,2023-08-04T14:41:00+03:00,559.2,560.0,558.4,559.6,17986
MOEX:TATN,2023-08-04T14:42:00+03:00,559.8,560.2,559.5,560.0,11988
MOEX:TATN,2023-08-04T14:43:00+03:00,560.0,561.0,559.7,561.0,13857
MOEX:TATN,2023-08-04T14:44:00+03:00,561.0,561.4,560.5,560.9,9750
MOEX:TATN,2023-08-04T14:45:00+03:00,560.9,561.3,558.2,558.7,26466
MOEX:TATN,2023-08-04T14:46:00+03:00,558.8,558.8,557.7,558.7,11186
MOEX:TATN,2023-08-04T14:47:00+03:00,558.6,560.3,558.5,559.8,8119
MOEX:TATN,2023-08-04T14:48:00+03:00,559.6,559.7,558.0,559.0,25918
MOEX:TATN,2023-08-04T14:49:00+03:00,559.0,559.1,552.2,553.6,109600
MOEX:TATN,2023-08-04T14:50:00+03:00,553.6,554.2,553.0,553.4,27185
MOEX:TATN,2023-08-04T14:51:00+03:00,553.5,557.3,553.1,556.2,41648
MOEX:TATN,2023-08-04T14:52:00+03:00,556.2,560.0,555.2,560.0,48271
MOEX:TATN,2023-08-04T14:53:00+03:00,559.8,560.0,557.7,559.2,17786
MOEX:TATN,2023-08-04T14:54:00+03:00,559.3,560.0,558.2,558.4,20263
MOEX:TATN,2023-08-04T14:55:00+03:00,558.6,559.4,558.1,558.6,5575
MOEX:TATN,2023-08-04T14:56:00+03:00,558.8,559.5,558.6,559.5,10203
MOEX:TATN,2023-08-04T14:57:00+03:00,559.5,560.0,559.4,560.0,9313
MOEX:TATN,2023-08-04T14:58:00+03:00,560.0,560.0,559.2,559.3,6962
MOEX:TATN,2023-08-04T14:59:00+03:00,559.2,559.6,559.2,559.3,19631
MOEX:TATN,2023-08-04T15:00:00+03:00,559.2,559.3,555.4,558.3,26328
MOEX:TATN,2023-08-04T15:01:00+03:00,558.4,559.1,558.4,559.0,5011
MOEX:TATN,2023-08-04T15:02:00+03:00,559.0,559.0,558.3,558.7,4524
MOEX:TATN,2023-08-04T15:03:00+03:00,558.8,558.9,556.0,556.0,7162
MOEX:TATN,2023-08-04T15:04:00+03:00,555.9,556.7,555.7,556.2,5433
MOEX:TATN,2023-08-04T15:05:00+03:00,556.2,556.4,552.1,553.8,63817
MOEX:TATN,2023-08-04T15:06:00+03:00,553.7,555.8,553.0,555.3,23731
MOEX:TATN,2023-08-04T15:07:00+03:00,555.3,555.7,553.2,553.3,14396
MOEX:TATN,2023-08-04T15:08:00+03:00,553.2,553.6,553.1,553.3,8853
MOEX:TATN,2023-08-04T15:09:00+03:00,553.3,555.7,552.8,554.0,32203
MOEX:TATN,2023-08-04T15:10:00+03:00,554.3,556.0,554.3,554.8,6563
MOEX:TATN,2023-08-04T15:11:00+03:00,554.8,555.7,554.4,555.7,5785
MOEX:TATN,2023-08-04T15:12:00+03:00,555.6,555.6,552.7,553.6,18023
MOEX:TATN,2023-08-04T15:13:00+03:00,553.5,555.4,552.1,552.2,12617
MOEX:TATN,2023-08-04T15:14:00+03:00,552.4,553.9,550.1,552.2,50970
MOEX:TATN,2023-08-04T15:15:00+03:00,552.3,552.9,546.1,547.2,155403
MOEX:TATN,2023-08-04T15:16:00+03:00,547.4,548.2,547.1,548.2,19236
MOEX:TATN,2023-08-04T15:17:00+03:00,548.1,549.1,547.7,548.9,26310
MOEX:TATN,2023-08-04T15:18:00+03:00,548.9,549.7,548.3,549.5,19426
MOEX:TATN,2023-08-04T15:19:00+03:00,549.4,550.6,548.9,549.0,39423
MOEX:TATN,2023-08-04T15:20:00+03:00,549.5,549.9,546.8,548.0,28901
MOEX:TATN,2023-08-04T15:21:00+03:00,547.8,549.2,546.3,546.6,26353
MOEX:TATN,2023-08-04T15:22:00+03:00,546.6,547.0,541.3,541.3,93499
MOEX:TATN,2023-08-04T15:23:00+03:00,541.3,541.3,538.7,539.3,95832
MOEX:TATN,2023-08-04T15:24:00+03:00,539.1,539.4,536.0,537.2,47252
MOEX:TATN,2023-08-04T15:25:00+03:00,537.3,538.4,535.1,536.0,31581
MOEX:TATN,2023-08-04T15:26:00+03:00,536.0,540.0,535.3,540.0,40325
MOEX:TATN,2023-08-04T15:27:00+03:00,540.0,542.8,539.4,542.8,40806
MOEX:TATN,2023-08-04T15:28:00+03:00,542.3,552.0,541.9,551.1,67949
MOEX:TATN,2023-08-04T15:29:00+03:00,550.5,552.0,547.4,549.6,21572
MOEX:TATN,2023-08-04T15:30:00+03:00,549.4,549.4,547.0,547.4,24027
MOEX:TATN,2023-08-04T15:31:00+03:00,547.2,549.0,547.0,547.3,27602
MOEX:TATN,2023-08-04T15:32:00+03:00,548.1,549.2,547.1,547.6,27223
MOEX:TATN,2023-08-04T15:33:00+03:00,547.7,549.7,547.5,549.7,19456
MOEX:TATN,2023-08-04T15:34:00+03:00,549.5,549.7,548.2,548.7,18155
MOEX:TATN,2023-08-04T15:35:00+03:00,549.0,549.2,547.0,547.1,17786
MOEX:TATN,2023-08-04T15:36:00+03:00,547.0,547.8,547.0,547.4,54886
MOEX:TATN,2023-08-04T15:37:00+03:00,547.3,548.6,547.0,548.0,14383
MOEX:TATN,2023-08-04T15:38:00+03:00,547.9,549.7,547.0,548.8,25531
MOEX:TATN,2023-08-04T15:39:00+03:00,549.1,552.8,549.0,552.7,30216
MOEX:TATN,2023-08-04T15:40:00+03:00,552.6,552.7,551.7,552.6,13998
MOEX:TATN,2023-08-04T15:41:00+03:00,552.6,554.4,552.0,553.5,19401
MOEX:TATN,2023-08-04T15:42:00+03:00,554.2,556.7,553.5,555.3,48143
MOEX:TATN,2023-08-04T15:43:00+03:00,555.2,558.8,555.2,558.8,29455
MOEX:TATN,2023-08-04T15:44:00+03:00,558.8,558.8,556.6,557.0,20624
MOEX:TATN,2023-08-04T15:45:00+03:00,557.0,558.1,556.4,557.4,22199
MOEX:TATN,2023-08-04T15:46:00+03:00,557.3,557.9,557.0,557.1,11250
MOEX:TATN,2023-08-04T15:47:00+03:00,557.0,557.4,557.0,557.0,18654
MOEX:TATN,2023-08-04T15:48:00+03:00,557.2,558.1,557.1,557.9,44445
MOEX:TATN,2023-08-04T15:49:00+03:00,557.8,557.9,555.5,555.5,18833
MOEX:TATN,2023-08-04T15:50:00+03:00,555.7,556.0,553.2,555.0,21304
MOEX:TATN,2023-08-04T15:51:00+03:00,555.0,557.6,554.7,557.0,29767
MOEX:TATN,2023-08-04T15:52:00+03:00,556.8,557.3,556.0,556.0,16680
MOEX:TATN,2023-08-04T15:53:00+03:00,556.1,556.1,554.6,555.6,21500
MOEX:TATN,2023-08-04T15:54:00+03:00,555.2,555.6,552.8,553.4,23279
MOEX:TATN,2023-08-04T15:55:00+03:00,553.3,553.5,552.2,552.3,8717
MOEX:TATN,2023-08-04T15:56:00+03:00,552.3,554.6,552.0,552.8,22945
MOEX:TATN,2023-08-04T15:57:00+03:00,552.8,552.9,551.5,552.5,8964
MOEX:TATN,2023-08-04T15:58:00+03:00,552.8,553.0,551.6,551.7,10635
MOEX:TATN,2023-08-04T15:59:00+03:00,551.6,552.1,551.2,552.0,6185
MOEX:TATN,2023-08-04T16:00:00+03:00,552.0,552.9,551.9,552.0,13464
MOEX:TATN,2023-08-04T16:01:00+03:00,552.2,552.6,551.6,551.7,13051
MOEX:TATN,2023-08-04T16:02:00+03:00,552.0,552.1,551.4,551.7,9904
MOEX:TATN,2023-08-04T16:03:00+03:00,551.7,552.8,551.5,552.0,21139
MOEX:TATN,2023-08-04T16:04:00+03:00,552.0,552.9,551.5,552.9,19036
MOEX:TATN,2023-08-04T16:05:00+03:00,552.9,554.4,552.8,554.2,17882
MOEX:TATN,2023-08-04T16:06:00+03:00,554.4,555.2,554.0,554.4,15197
MOEX:TATN,2023-08-04T16:07:00+03:00,554.7,555.6,554.2,555.2,14085
MOEX:TATN,2023-08-04T16:08:00+03:00,555.2,555.2,554.0,554.8,11931
MOEX:TATN,2023-08-04T16:09:00+03:00,554.7,554.7,554.1,554.7,5656
MOEX:TATN,2023-08-04T16:10:00+03:00,554.6,555.6,554.5,555.4,7484
MOEX:TATN,2023-08-04T16:11:00+03:00,555.4,555.9,555.4,555.5,3178
MOEX:TATN,2023-08-04T16:12:00+03:00,555.5,556.2,555.0,556.1,17507
MOEX:TATN,2023-08-04T16:13:00+03:00,556.1,556.7,556.0,556.4,13563
MOEX:TATN,2023-08-04T16:14:00+03:00,556.3,556.7,556.1,556.5,9320
MOEX:TATN,2023-08-04T16:15:00+03:00,556.6,557.0,556.2,556.2,16075
MOEX:TATN,2023-08-04T16:16:00+03:00,556.4,556.9,556.2,556.4,11103
MOEX:TATN,2023-08-04T16:17:00+03:00,556.4,556.7,556.1,556.1,3903
MOEX:TATN,2023-08-04T16:18:00+03:00,556.1,556.2,553.8,553.9,40357
MOEX:TATN,2023-08-04T16:19:00+03:00,554.0,554.1,553.8,553.9,5520
MOEX:TATN,2023-08-04T16:20:00+03:00,554.0,555.1,553.8,554.5,15059
MOEX:TATN,2023-08-04T16:21:00+03:00,554.6,554.6,553.8,553.8,4623
MOEX:TATN,2023-08-04T16:22:00+03:00,553.9,554.0,551.8,551.8,30818
MOEX:TATN,2023-08-04T16:23:00+03:00,551.7,552.3,551.7,552.0,7989
MOEX:TATN,2023-08-04T16:24:00+03:00,551.7,552.4,551.7,552.1,4486
MOEX:TATN,2023-08-04T16:25:00+03:00,552.1,552.3,552.0,552.0,6667
MOEX:TATN,2023-08-04T16:26:00+03:00,552.3,552.3,551.8,552.2,5713
MOEX:TATN,2023-08-04T16:27:00+03:00,552.3,552.8,552.0,552.4,9673
MOEX:TATN,2023-08-04T16:28:00+03:00,552.4,552.7,552.3,552.3,7627
MOEX:TATN,2023-08-04T16:29:00+03:00,552.3,552.3,551.7,552.0,13282
MOEX:TATN,2023-08-04T16:30:00+03:00,552.0,552.0,551.4,551.5,19089
MOEX:TATN,2023-08-04T16:31:00+03:00,551.5,552.0,551.4,552.0,9906
MOEX:TATN,2023-08-04T16:32:00+03:00,551.8,552.1,551.5,551.5,2852
MOEX:TATN,2023-08-04T16:33:00+03:00,551.7,552.0,551.5,552.0,4077
MOEX:TATN,2023-08-04T16:34:00+03:00,551.9,552.6,551.9,552.6,3088
MOEX:TATN,2023-08-04T16:35:00+03:00,552.5,552.6,551.9,552.4,4547
MOEX:TATN,2023-08-04T16:36:00+03:00,552.5,553.0,552.3,552.3,5643
MOEX:TATN,2023-08-04T16:37:00+03:00,552.4,552.4,552.1,552.3,2003
MOEX:TATN,2023-08-04T16:38:00+03:00,552.2,552.3,552.1,552.2,1662
MOEX:TATN,2023-08-04T16:39:00+03:00,552.2,552.3,552.1,552.3,2271
MOEX:TATN,2023-08-04T16:40:00+03:00,552.3,552.8,552.2,552.8,3331
MOEX:TATN,2023-08-04T16:41:00+03:00,552.8,553.2,552.6,553.1,3331
MOEX:TATN,2023-08-04T16:42:00+03:00,553.2,553.2,553.0,553.2,1545
MOEX:TATN,2023-08-04T16:43:00+03:00,553.2,553.7,553.0,553.6,2855
MOEX:TATN,2023-08-04T16:44:00+03:00,553.6,553.8,553.1,553.1,1143
MOEX:TATN,2023-08-04T16:45:00+03:00,553.1,553.4,552.6,552.6,5852
MOEX:TATN,2023-08-04T16:46:00+03:00,552.6,553.1,552.5,552.9,2395
MOEX:TATN,2023-08-04T16:47:00+03:00,552.9,552.9,552.6,552.7,1172
MOEX:TATN,2023-08-04T16:48:00+03:00,552.7,553.3,552.4,553.0,5126
MOEX:TATN,2023-08-04T16:49:00+03:00,553.0,553.1,552.6,552.8,5027
MOEX:TATN,2023-08-04T16:50:00+03:00,552.8,552.8,551.6,551.9,32372
MOEX:TATN,2023-08-04T16:51:00+03:00,551.8,552.4,551.8,552.3,1581
MOEX:TATN,2023-08-04T16:52:00+03:00,552.3,552.6,552.2,552.6,5000
MOEX:TATN,2023-08-04T16:53:00+03:00,552.6,552.6,552.3,552.3,2858
MOEX:TATN,2023-08-04T16:54:00+03:00,552.1,552.1,551.5,551.5,9445
MOEX:TATN,2023-08-04T16:55:00+03:00,551.7,551.7,551.4,551.5,5882
MOEX:TATN,2023-08-04T16:56:00+03:00,551.5,552.2,551.5,552.2,4856
MOEX:TATN,2023-08-04T16:57:00+03:00,552.2,552.4,552.1,552.4,2522
MOEX:TATN,2023-08-04T16:58:00+03:00,552.3,552.4,551.6,551.9,5707
MOEX:TATN,2023-08-04T16:59:00+03:00,552.1,552.1,551.5,551.7,11892
MOEX:TATN,2023-08-04T17:00:00+03:00,551.7,551.8,551.4,551.7,26100
MOEX:TATN,2023-08-04T17:01:00+03:00,551.6,551.7,551.4,551.5,18635
MOEX:TATN,2023-08-04T17:02:00+03:00,551.5,551.5,549.3,549.6,89881
MOEX:TATN,2023-08-04T17:03:00+03:00,549.6,549.6,548.5,548.7,10922
MOEX:TATN,2023-08-04T17:04:00+03:00,548.8,550.6,548.4,550.4,12332
MOEX:TATN,2023-08-04T17:05:00+03:00,550.4,553.2,550.0,553.0,13309
MOEX:TATN,2023-08-04T17:06:00+03:00,553.1,553.6,552.6,552.7,2995
MOEX:TATN,2023-08-04T17:07:00+03:00,552.9,552.9,551.4,551.5,5146
MOEX:TATN,2023-08-04T17:08:00+03:00,551.2,552.4,551.1,552.3,4424
MOEX:TATN,2023-08-04T17:09:00+03:00,552.4,552.4,551.0,551.2,5941
MOEX:TATN,2023-08-04T17:10:00+03:00,551.0,552.3,551.0,551.0,17096
MOEX:TATN,2023-08-04T17:11:00+03:00,551.0,553.4,551.0,553.2,11947
MOEX:TATN,2023-08-04T17:12:00+03:00,552.8,553.1,551.3,551.3,1076
MOEX:TATN,2023-08-04T17:13:00+03:00,551.3,551.3,549.1,549.7,8362
MOEX:TATN,2023-08-04T17:14:00+03:00,549.8,549.8,548.6,548.8,4594
MOEX:TATN,2023-08-04T17:15:00+03:00,548.8,549.5,548.3,549.3,10267
MOEX:TATN,2023-08-04T17:16:00+03:00,549.3,549.5,547.0,547.6,11965
MOEX:TATN,2023-08-04T17:17:00+03:00,547.6,548.0,545.8,546.2,11405
MOEX:TATN,2023-08-04T17:18:00+03:00,546.1,546.7,545.8,546.6,9071
MOEX:TATN,2023-08-04T17:19:00+03:00,546.6,546.7,546.0,546.1,3331
MOEX:TATN,2023-08-04T17:20:00+03:00,546.4,548.0,546.1,548.0,13761
MOEX:TATN,2023-08-04T17:21:00+03:00,548.0,548.0,546.6,546.6,4835
MOEX:TATN,2023-08-04T17:22:00+03:00,546.8,547.4,546.2,547.4,7280
MOEX:TATN,2023-08-04T17:23:00+03:00,547.4,549.3,547.1,548.0,12530
MOEX:TATN,2023-08-04T17:24:00+03:00,547.6,547.8,546.5,546.6,3987
MOEX:TATN,2023-08-04T17:25:00+03:00,546.5,547.8,546.4,547.5,7436
MOEX:TATN,2023-08-04T17:26:00+03:00,547.3,547.6,546.6,547.0,5159
MOEX:TATN,2023-08-04T17:27:00+03:00,547.3,547.5,546.6,546.6,4805
MOEX:TATN,2023-08-04T17:28:00+03:00,546.8,547.0,546.6,546.8,1715
MOEX:TATN,2023-08-04T17:29:00+03:00,546.8,546.9,546.6,546.6,1219
MOEX:TATN,2023-08-04T17:30:00+03:00,546.6,549.2,546.6,549.2,13896
MOEX:TATN,2023-08-04T17:31:00+03:00,549.0,549.6,548.2,549.2,7088
MOEX:TATN,2023-08-04T17:32:00+03:00,549.2,549.9,549.0,549.6,1999
MOEX:TATN,2023-08-04T17:33:00+03:00,549.6,549.6,548.7,548.9,9153
MOEX:TATN,2023-08-04T17:34:00+03:00,549.1,549.3,548.9,549.2,3828
MOEX:TATN,2023-08-04T17:35:00+03:00,549.2,549.9,549.1,549.8,5421
MOEX:TATN,2023-08-04T17:36:00+03:00,549.8,549.9,549.7,549.7,2317
MOEX:TATN,2023-08-04T17:37:00+03:00,549.8,549.8,549.3,549.7,6738
MOEX:TATN,2023-08-04T17:38:00+03:00,549.4,549.7,548.9,548.9,1649
MOEX:TATN,2023-08-04T17:39:00+03:00,548.9,549.0,548.6,548.8,1357
MOEX:TATN,2023-08-04T17:40:00+03:00,548.8,548.8,547.9,548.4,7868
MOEX:TATN,2023-08-04T17:41:00+03:00,548.4,548.4,547.7,547.7,1782
MOEX:TATN,2023-08-04T17:42:00+03:00,547.9,548.0,546.2,546.4,10924
MOEX:TATN,2023-08-04T17:43:00+03:00,546.6,547.8,546.6,547.5,5880
MOEX:TATN,2023-08-04T17:44:00+03:00,547.6,548.5,547.5,547.7,3926
MOEX:TATN,2023-08-04T17:45:00+03:00,547.7,548.7,547.7,548.5,3096
MOEX:TATN,2023-08-04T17:46:00+03:00,548.7,548.7,548.5,548.5,645
MOEX:TATN,2023-08-04T17:47:00+03:00,548.5,548.6,547.7,548.1,4065
MOEX:TATN,2023-08-04T17:48:00+03:00,548.1,548.5,548.1,548.5,1220
MOEX:TATN,2023-08-04T17:49:00+03:00,548.5,548.7,548.4,548.6,3032
MOEX:TATN,2023-08-04T17:50:00+03:00,548.6,549.3,548.5,549.3,4604
MOEX:TATN,2023-08-04T17:51:00+03:00,549.3,549.6,548.8,548.9,3529
MOEX:TATN,2023-08-04T17:52:00+03:00,548.9,549.8,548.7,549.3,9532
MOEX:TATN,2023-08-04T17:53:00+03:00,549.5,549.9,549.4,549.9,5148
MOEX:TATN,2023-08-04T17:54:00+03:00,549.8,550.0,549.6,550.0,60561
MOEX:TATN,2023-08-04T17:55:00+03:00,550.0,551.5,550.0,550.8,9980
MOEX:TATN,2023-08-04T17:56:00+03:00,550.8,552.5,550.8,551.8,13173
MOEX:TATN,2023-08-04T17:57:00+03:00,551.9,552.1,550.7,551.3,6833
MOEX:TATN,2023-08-04T17:58:00+03:00,551.1,551.3,550.4,551.2,3206
MOEX:TATN,2023-08-04T17:59:00+03:00,551.2,551.7,551.1,551.4,1840
MOEX:TATN,2023-08-04T18:00:00+03:00,551.4,551.7,549.4,549.7,9019
MOEX:TATN,2023-08-04T18:01:00+03:00,550.1,550.4,549.8,550.0,3242
MOEX:TATN,2023-08-04T18:02:00+03:00,549.8,550.0,549.6,549.8,1155
MOEX:TATN,2023-08-04T18:03:00+03:00,550.0,550.0,548.5,548.5,4352
MOEX:TATN,2023-08-04T18:04:00+03:00,548.7,549.3,548.7,549.1,1586
MOEX:TATN,2023-08-04T18:05:00+03:00,549.1,549.5,549.0,549.4,876
MOEX:TATN,2023-08-04T18:06:00+03:00,549.2,549.4,549.0,549.0,1839
MOEX:TATN,2023-08-04T18:07:00+03:00,549.0,549.2,548.7,549.2,6164
MOEX:TATN,2023-08-04T18:08:00+03:00,549.0,550.2,549.0,550.0,5663
MOEX:TATN,2023-08-04T18:09:00+03:00,550.1,551.1,550.0,550.6,2733
MOEX:TATN,2023-08-04T18:10:00+03:00,550.4,550.5,550.0,550.0,3843
MOEX:TATN,2023-08-04T18:11:00+03:00,550.4,550.4,548.6,548.8,3502
MOEX:TATN,2023-08-04T18:12:00+03:00,548.7,548.8,548.1,548.5,1423
MOEX:TATN,2023-08-04T18:13:00+03:00,548.6,549.0,548.5,548.9,2108
MOEX:TATN,2023-08-04T18:14:00+03:00,548.7,548.7,548.5,548.5,725
MOEX:TATN,2023-08-04T18:15:00+03:00,548.5,549.0,548.1,548.3,9398
MOEX:TATN,2023-08-04T18:16:00+03:00,548.3,548.4,547.8,547.8,3463
MOEX:TATN,2023-08-04T18:17:00+03:00,548.1,548.1,547.7,548.1,1930
MOEX:TATN,2023-08-04T18:18:00+03:00,547.9,548.4,547.1,547.2,4431
MOEX:TATN,2023-08-04T18:19:00+03:00,547.2,547.2,546.6,546.8,1603
MOEX:TATN,2023-08-04T18:20:00+03:00,546.8,546.8,545.4,545.6,16404
MOEX:TATN,2023-08-04T18:21:00+03:00,545.6,545.6,542.2,543.0,38944
MOEX:TATN,2023-08-04T18:22:00+03:00,543.5,545.1,543.0,544.1,8118
MOEX:TATN,2023-08-04T18:23:00+03:00,544.4,544.4,543.2,543.5,1056
MOEX:TATN,2023-08-04T18:24:00+03:00,543.4,543.7,543.1,543.1,3696
MOEX:TATN,2023-08-04T18:25:00+03:00,543.2,543.6,542.7,543.2,6054
MOEX:TATN,2023-08-04T18:26:00+03:00,543.2,543.8,542.5,542.7,4330
MOEX:TATN,2023-08-04T18:27:00+03:00,542.7,544.0,542.7,543.6,8526
MOEX:TATN,2023-08-04T18:28:00+03:00,543.5,543.7,543.0,543.1,3278
MOEX:TATN,2023-08-04T18:29:00+03:00,543.1,543.6,542.8,543.6,2316
MOEX:TATN,2023-08-04T18:30:00+03:00,543.5,544.0,543.0,543.0,6539
MOEX:TATN,2023-08-04T18:31:00+03:00,543.0,543.1,542.3,542.3,6298
MOEX:TATN,2023-08-04T18:32:00+03:00,542.5,542.7,542.2,542.2,3841
MOEX:TATN,2023-08-04T18:33:00+03:00,542.4,542.4,541.3,541.4,12894
MOEX:TATN,2023-08-04T18:34:00+03:00,541.5,541.6,541.3,541.5,3701
MOEX:TATN,2023-08-04T18:35:00+03:00,541.4,542.1,541.3,541.7,5411
MOEX:TATN,2023-08-04T18:36:00+03:00,542.0,542.3,541.6,541.8,3453
MOEX:TATN,2023-08-04T18:37:00+03:00,541.8,543.1,541.7,542.3,8020
MOEX:TATN,2023-08-04T18:38:00+03:00,542.3,544.2,542.2,544.0,7822
MOEX:TATN,2023-08-04T18:39:00+03:00,544.2,544.7,543.4,543.9,6688
MOEX:TATN,2023-08-04T18:45:00+03:00,540.3,540.3,540.3,540.3,104632
MOEX:TATN,2023-08-04T18:46:00+03:00,540.3,540.3,540.3,540.3,642
MOEX:TATN,2023-08-04T18:47:00+03:00,540.3,540.3,540.3,540.3,279
MOEX:TATN,2023-08-04T18:48:00+03:00,540.3,540.3,540.3,540.3,29
MOEX:TATN,2023-08-04T18:49:00+03:00,540.3,540.3,540.3,540.3,8
MOEX:TATN,2023-08-04T19:04:00+03:00,540.9,540.9,540.9,540.9,1368
MOEX:TATN,2023-08-04T19:05:00+03:00,540.8,540.8,539.3,539.4,10675
MOEX:TATN,2023-08-04T19:06:00+03:00,539.4,539.9,539.0,539.8,5824
MOEX:TATN,2023-08-04T19:07:00+03:00,539.9,540.9,539.6,540.9,8229
MOEX:TATN,2023-08-04T19:08:00+03:00,540.8,541.3,539.8,539.9,10916
MOEX:TATN,2023-08-04T19:09:00+03:00,539.8,540.6,539.7,539.8,4412
MOEX:TATN,2023-08-04T19:10:00+03:00,539.8,540.4,539.0,540.3,16035
MOEX:TATN,2023-08-04T19:11:00+03:00,540.2,540.4,540.1,540.4,3909
MOEX:TATN,2023-08-04T19:12:00+03:00,540.2,540.4,538.3,538.6,17124
MOEX:TATN,2023-08-04T19:13:00+03:00,538.4,538.6,538.0,538.4,7114
MOEX:TATN,2023-08-04T19:14:00+03:00,538.4,538.5,537.8,538.2,6916
MOEX:TATN,2023-08-04T19:15:00+03:00,538.2,538.4,537.6,537.7,6538
MOEX:TATN,2023-08-04T19:16:00+03:00,537.7,538.0,536.3,536.7,26681
MOEX:TATN,2023-08-04T19:17:00+03:00,536.4,536.6,536.2,536.2,7228
MOEX:TATN,2023-08-04T19:18:00+03:00,536.3,536.3,535.8,535.8,7595
MOEX:TATN,2023-08-04T19:19:00+03:00,535.8,536.3,535.1,536.3,20585
MOEX:TATN,2023-08-04T19:20:00+03:00,536.2,536.7,535.7,536.0,8351
MOEX:TATN,2023-08-04T19:21:00+03:00,536.0,536.5,536.0,536.3,7148
MOEX:TATN,2023-08-04T19:22:00+03:00,536.3,537.6,536.1,537.0,10565
MOEX:TATN,2023-08-04T19:23:00+03:00,537.4,537.5,537.1,537.4,3364
MOEX:TATN,2023-08-04T19:24:00+03:00,537.4,538.1,537.4,537.9,8262
MOEX:TATN,2023-08-04T19:25:00+03:00,538.0,538.8,537.3,538.1,5938
MOEX:TATN,2023-08-04T19:26:00+03:00,538.0,538.2,537.4,537.6,2258
MOEX:TATN,2023-08-04T19:27:00+03:00,537.6,537.9,537.5,537.5,2230
MOEX:TATN,2023-08-04T19:28:00+03:00,537.5,537.6,537.1,537.5,4270
MOEX:TATN,2023-08-04T19:29:00+03:00,537.5,537.6,537.2,537.4,1525
MOEX:TATN,2023-08-04T19:30:00+03:00,537.5,537.6,537.4,537.4,2024
MOEX:TATN,2023-08-04T19:31:00+03:00,537.5,537.6,536.6,536.6,6701
MOEX:TATN,2023-08-04T19:32:00+03:00,537.0,537.0,536.1,536.5,5280
MOEX:TATN,2023-08-04T19:33:00+03:00,536.6,536.7,535.7,535.8,5418
MOEX:TATN,2023-08-04T19:34:00+03:00,535.7,535.8,535.1,535.3,7278
MOEX:TATN,2023-08-04T19:35:00+03:00,535.3,535.8,533.0,533.8,33773
MOEX:TATN,2023-08-04T19:36:00+03:00,533.4,534.0,531.2,532.8,38004
MOEX:TATN,2023-08-04T19:37:00+03:00,532.9,533.3,531.1,531.6,20332
MOEX:TATN,2023-08-04T19:38:00+03:00,532.0,532.5,531.1,532.3,7655
MOEX:TATN,2023-08-04T19:39:00+03:00,532.2,532.2,531.1,531.2,7532
MOEX:TATN,2023-08-04T19:40:00+03:00,531.5,531.5,527.0,530.7,112856
MOEX:TATN,2023-08-04T19:41:00+03:00,530.7,532.4,530.2,532.3,14625
MOEX:TATN,2023-08-04T19:42:00+03:00,532.3,532.7,532.2,532.7,12512
MOEX:TATN,2023-08-04T19:43:00+03:00,532.9,534.0,532.7,533.4,17090
MOEX:TATN,2023-08-04T19:44:00+03:00,533.8,533.8,532.4,533.3,8060
MOEX:TATN,2023-08-04T19:45:00+03:00,533.3,533.5,533.0,533.3,2362
MOEX:TATN,2023-08-04T19:46:00+03:00,533.3,533.8,533.1,533.5,4216
MOEX:TATN,2023-08-04T19:47:00+03:00,533.6,533.6,533.5,533.6,727
MOEX:TATN,2023-08-04T19:48:00+03:00,533.5,533.8,533.5,533.7,2865
MOEX:TATN,2023-08-04T19:49:00+03:00,533.7,535.2,533.7,535.1,14177
MOEX:TATN,2023-08-04T19:50:00+03:00,535.1,536.9,535.1,536.5,14045
MOEX:TATN,2023-08-04T19:51:00+03:00,536.5,537.1,534.2,534.3,17866
MOEX:TATN,2023-08-04T19:52:00+03:00,534.3,535.3,534.2,535.3,751
MOEX:TATN,2023-08-04T19:53:00+03:00,535.3,535.3,534.3,534.7,6173
MOEX:TATN,2023-08-04T19:54:00+03:00,534.7,535.0,534.6,534.8,3932
MOEX:TATN,2023-08-04T19:55:00+03:00,535.0,535.0,534.4,534.6,2487
MOEX:TATN,2023-08-04T19:56:00+03:00,534.6,534.8,534.4,534.4,1463
MOEX:TATN,2023-08-04T19:57:00+03:00,534.6,534.7,534.0,534.0,8134
MOEX:TATN,2023-08-04T19:58:00+03:00,534.4,534.4,533.5,533.8,2312
MOEX:TATN,2023-08-04T19:59:00+03:00,533.8,534.0,533.6,534.0,1012
MOEX:TATN,2023-08-04T20:00:00+03:00,533.9,533.9,533.5,533.8,1424
MOEX:TATN,2023-08-04T20:01:00+03:00,533.8,534.2,533.6,534.2,2144
MOEX:TATN,2023-08-04T20:02:00+03:00,534.2,534.4,534.1,534.4,405
MOEX:TATN,2023-08-04T20:03:00+03:00,534.4,534.7,534.2,534.7,1029
MOEX:TATN,2023-08-04T20:04:00+03:00,534.6,534.9,534.2,534.3,3892
MOEX:TATN,2023-08-04T20:05:00+03:00,534.3,535.0,534.2,535.0,2680
MOEX:TATN,2023-08-04T20:06:00+03:00,534.9,536.0,534.8,536.0,7077
MOEX:TATN,2023-08-04T20:07:00+03:00,536.0,536.8,535.8,536.5,5478
MOEX:TATN,2023-08-04T20:08:00+03:00,536.4,536.7,536.3,536.5,2602
MOEX:TATN,2023-08-04T20:09:00+03:00,536.5,536.7,536.1,536.3,3144
MOEX:TATN,2023-08-04T20:10:00+03:00,536.3,537.9,536.3,537.9,16032
MOEX:TATN,2023-08-04T20:11:00+03:00,537.9,537.9,537.6,537.9,3109
MOEX:TATN,2023-08-04T20:12:00+03:00,537.9,537.9,537.7,537.9,1656
MOEX:TATN,2023-08-04T20:13:00+03:00,537.9,539.2,537.8,539.2,10074
MOEX:TATN,2023-08-04T20:14:00+03:00,538.8,539.4,538.8,539.2,2738
MOEX:TATN,2023-08-04T20:15:00+03:00,539.2,539.6,539.1,539.4,4512
MOEX:TATN,2023-08-04T20:16:00+03:00,539.4,539.5,538.9,538.9,12412
MOEX:TATN,2023-08-04T20:17:00+03:00,539.0,540.3,538.8,540.1,13282
MOEX:TATN,2023-08-04T20:18:00+03:00,540.2,540.5,539.2,540.5,7302
MOEX:TATN,2023-08-04T20:19:00+03:00,540.4,540.9,540.4,540.9,6674
MOEX:TATN,2023-08-04T20:20:00+03:00,540.6,541.2,540.6,541.0,7937
MOEX:TATN,2023-08-04T20:21:00+03:00,540.9,541.1,540.3,540.3,8151
MOEX:TATN,2023-08-04T20:22:00+03:00,540.2,540.6,540.0,540.2,2539
MOEX:TATN,2023-08-04T20:23:00+03:00,540.4,540.5,539.7,540.0,3106
MOEX:TATN,2023-08-04T20:24:00+03:00,540.0,540.0,539.0,539.1,2307
MOEX:TATN,2023-08-04T20:25:00+03:00,539.1,539.1,538.9,539.0,1102
MOEX:TATN,2023-08-04T20:26:00+03:00,539.0,539.1,538.0,538.0,2983
MOEX:TATN,2023-08-04T20:27:00+03:00,538.0,538.9,537.6,538.2,6996
MOEX:TATN,2023-08-04T20:28:00+03:00,538.3,539.3,538.2,539.3,2823
MOEX:TATN,2023-08-04T20:29:00+03:00,539.3,540.0,539.3,540.0,1619
MOEX:TATN,2023-08-04T20:30:00+03:00,540.1,540.3,540.0,540.3,1077
MOEX:TATN,2023-08-04T20:31:00+03:00,540.3,541.1,540.3,541.1,3263
MOEX:TATN,2023-08-04T20:32:00+03:00,541.0,541.3,541.0,541.3,2245
MOEX:TATN,2023-08-04T20:33:00+03:00,541.2,541.6,541.2,541.6,5269
MOEX:TATN,2023-08-04T20:34:00+03:00,541.6,541.6,541.4,541.4,2697
MOEX:TATN,2023-08-04T20:35:00+03:00,541.6,542.3,541.6,542.2,7100
MOEX:TATN,2023-08-04T20:36:00+03:00,542.2,542.2,541.6,541.9,2465
MOEX:TATN,2023-08-04T20:37:00+03:00,541.9,542.4,541.9,542.2,4649
MOEX:TATN,2023-08-04T20:38:00+03:00,542.2,542.2,541.7,541.7,10610
MOEX:TATN,2023-08-04T20:39:00+03:00,541.7,541.9,541.2,541.5,6529
MOEX:TATN,2023-08-04T20:40:00+03:00,541.6,541.9,541.6,541.7,1154
MOEX:TATN,2023-08-04T20:41:00+03:00,541.9,542.0,541.5,541.6,2293
MOEX:TATN,2023-08-04T20:42:00+03:00,541.7,541.7,541.3,541.6,711
MOEX:TATN,2023-08-04T20:43:00+03:00,541.5,541.8,541.5,541.8,286
MOEX:TATN,2023-08-04T20:44:00+03:00,541.8,541.9,541.7,541.8,575
MOEX:TATN,2023-08-04T20:45:00+03:00,541.8,541.8,541.5,541.8,474
MOEX:TATN,2023-08-04T20:46:00+03:00,541.7,541.8,541.4,541.5,2173
MOEX:TATN,2023-08-04T20:47:00+03:00,541.5,541.6,540.5,541.0,11063
MOEX:TATN,2023-08-04T20:48:00+03:00,540.9,540.9,540.5,540.5,1384
MOEX:TATN,2023-08-04T20:49:00+03:00,540.7,540.7,540.1,540.5,3859
MOEX:TATN,2023-08-04T20:50:00+03:00,540.2,540.5,538.4,538.6,5259
MOEX:TATN,2023-08-04T20:51:00+03:00,538.5,538.9,538.0,538.8,5160
MOEX:TATN,2023-08-04T20:52:00+03:00,538.8,539.0,538.5,538.7,1458
MOEX:TATN,2023-08-04T20:53:00+03:00,538.8,538.8,538.3,538.5,799
MOEX:TATN,2023-08-04T20:54:00+03:00,538.5,538.7,538.3,538.4,815
MOEX:TATN,2023-08-04T20:55:00+03:00,538.4,538.6,538.2,538.4,824
MOEX:TATN,2023-08-04T20:56:00+03:00,538.4,538.4,538.2,538.3,886
MOEX:TATN,2023-08-04T20:57:00+03:00,538.3,538.9,538.3,538.6,1425
MOEX:TATN,2023-08-04T20:58:00+03:00,538.6,539.1,538.4,538.9,1175
MOEX:TATN,2023-08-04T20:59:00+03:00,538.9,539.1,538.9,539.1,806
MOEX:TATN,2023-08-04T21:00:00+03:00,539.1,539.1,538.3,538.6,2631
MOEX:TATN,2023-08-04T21:01:00+03:00,538.7,539.0,538.3,539.0,1738
MOEX:TATN,2023-08-04T21:02:00+03:00,539.1,539.6,539.1,539.6,1389
MOEX:TATN,2023-08-04T21:03:00+03:00,539.6,539.7,539.6,539.6,113
MOEX:TATN,2023-08-04T21:04:00+03:00,539.8,540.0,539.8,540.0,229
MOEX:TATN,2023-08-04T21:05:00+03:00,540.0,540.6,540.0,540.3,834
MOEX:TATN,2023-08-04T21:06:00+03:00,540.4,540.5,540.1,540.2,814
MOEX:TATN,2023-08-04T21:07:00+03:00,540.2,540.3,539.4,539.4,2793
MOEX:TATN,2023-08-04T21:08:00+03:00,539.4,539.5,539.1,539.1,1586
MOEX:TATN,2023-08-04T21:09:00+03:00,539.0,539.4,539.0,539.4,955
MOEX:TATN,2023-08-04T21:10:00+03:00,539.4,539.4,539.1,539.2,909
MOEX:TATN,2023-08-04T21:11:00+03:00,539.2,539.3,538.7,539.1,1783
MOEX:TATN,2023-08-04T21:12:00+03:00,539.0,539.4,539.0,539.3,1255
MOEX:TATN,2023-08-04T21:13:00+03:00,539.3,539.3,538.8,539.1,1064
MOEX:TATN,2023-08-04T21:14:00+03:00,539.0,539.3,539.0,539.3,586
MOEX:TATN,2023-08-04T21:15:00+03:00,539.3,539.4,539.0,539.0,1617
MOEX:TATN,2023-08-04T21:16:00+03:00,539.0,539.0,538.5,538.6,4805
MOEX:TATN,2023-08-04T21:17:00+03:00,538.5,539.2,538.5,539.1,414
MOEX:TATN,2023-08-04T21:18:00+03:00,539.2,539.4,539.1,539.4,683
MOEX:TATN,2023-08-04T21:19:00+03:00,539.4,539.5,539.1,539.2,397
MOEX:TATN,2023-08-04T21:20:00+03:00,539.1,539.5,539.1,539.5,42
MOEX:TATN,2023-08-04T21:21:00+03:00,539.5,539.5,539.4,539.5,326
MOEX:TATN,2023-08-04T21:22:00+03:00,539.5,539.8,539.5,539.5,1331
MOEX:TATN,2023-08-04T21:23:00+03:00,539.5,539.8,539.3,539.5,971
MOEX:TATN,2023-08-04T21:24:00+03:00,539.5,540.8,539.5,539.9,5714
MOEX:TATN,2023-08-04T21:25:00+03:00,539.9,539.9,539.6,539.9,185
MOEX:TATN,2023-08-04T21:26:00+03:00,539.9,539.9,539.5,539.9,848
MOEX:TATN,2023-08-04T21:27:00+03:00,539.9,539.9,539.5,539.6,573
MOEX:TATN,2023-08-04T21:28:00+03:00,539.6,539.6,539.1,539.6,2432
MOEX:TATN,2023-08-04T21:29:00+03:00,539.4,539.4,539.0,539.4,2755
MOEX:TATN,2023-08-04T21:30:00+03:00,539.1,539.6,539.0,539.6,2382
MOEX:TATN,2023-08-04T21:31:00+03:00,539.5,539.7,539.4,539.6,372
MOEX:TATN,2023-08-04T21:32:00+03:00,539.7,539.7,539.6,539.6,163
MOEX:TATN,2023-08-04T21:33:00+03:00,539.9,540.5,539.9,540.4,8123
MOEX:TATN,2023-08-04T21:34:00+03:00,540.4,540.5,540.4,540.4,484
MOEX:TATN,2023-08-04T21:35:00+03:00,540.4,540.8,540.4,540.8,2198
MOEX:TATN,2023-08-04T21:36:00+03:00,540.9,541.5,540.8,541.1,3027
MOEX:TATN,2023-08-04T21:37:00+03:00,541.2,541.4,541.1,541.4,214
MOEX:TATN,2023-08-04T21:38:00+03:00,541.4,541.6,541.4,541.5,1128
MOEX:TATN,2023-08-04T21:39:00+03:00,541.5,541.7,541.2,541.6,1193
MOEX:TATN,2023-08-04T21:40:00+03:00,541.5,541.5,541.2,541.2,83
MOEX:TATN,2023-08-04T21:41:00+03:00,541.3,541.3,541.1,541.1,2777
MOEX:TATN,2023-08-04T21:42:00+03:00,541.3,541.5,541.2,541.2,526
MOEX:TATN,2023-08-04T21:43:00+03:00,541.2,541.5,541.2,541.5,170
MOEX:TATN,2023-08-04T21:44:00+03:00,541.5,541.5,541.2,541.4,540
MOEX:TATN,2023-08-04T21:45:00+03:00,541.5,541.5,541.4,541.5,59
MOEX:TATN,2023-08-04T21:46:00+03:00,541.4,541.6,541.4,541.5,903
MOEX:TATN,2023-08-04T21:47:00+03:00,541.6,541.7,541.5,541.7,506
MOEX:TATN,2023-08-04T21:48:00+03:00,541.7,541.7,541.5,541.7,256
MOEX:TATN,2023-08-04T21:49:00+03:00,541.5,541.7,540.7,541.3,3360
MOEX:TATN,2023-08-04T21:50:00+03:00,541.3,541.4,541.1,541.1,731
MOEX:TATN,2023-08-04T21:51:00+03:00,541.3,541.6,541.3,541.6,597
MOEX:TATN,2023-08-04T21:52:00+03:00,541.5,541.6,541.5,541.6,171
MOEX:TATN,2023-08-04T21:53:00+03:00,541.5,541.6,541.4,541.6,1063
MOEX:TATN,2023-08-04T21:54:00+03:00,541.7,541.8,541.5,541.8,4027
MOEX:TATN,2023-08-04T21:55:00+03:00,541.7,541.8,541.7,541.8,180
MOEX:TATN,2023-08-04T21:56:00+03:00,541.8,541.8,541.7,541.8,188
MOEX:TATN,2023-08-04T21:57:00+03:00,541.8,541.8,541.7,541.8,236
MOEX:TATN,2023-08-04T21:58:00+03:00,541.8,541.8,541.8,541.8,49
MOEX:TATN,2023-08-04T21:59:00+03:00,541.8,541.8,541.7,541.7,2340
MOEX:TATN,2023-08-04T22:00:00+03:00,541.7,541.8,541.7,541.7,1854
MOEX:TATN,2023-08-04T22:01:00+03:00,541.9,541.9,541.8,541.8,2379
MOEX:TATN,2023-08-04T22:02:00+03:00,541.8,541.9,541.8,541.8,748
MOEX:TATN,2023-08-04T22:03:00+03:00,541.8,541.8,541.7,541.7,717
MOEX:TATN,2023-08-04T22:04:00+03:00,541.8,541.8,541.5,541.6,6094
MOEX:TATN,2023-08-04T22:05:00+03:00,541.5,541.6,541.5,541.6,926
MOEX:TATN,2023-08-04T22:06:00+03:00,541.6,541.9,541.5,541.9,1382
MOEX:TATN,2023-08-04T22:07:00+03:00,541.9,541.9,541.6,541.9,686
MOEX:TATN,2023-08-04T22:08:00+03:00,541.9,541.9,541.7,541.9,834
MOEX:TATN,2023-08-04T22:09:00+03:00,541.9,542.1,541.7,542.1,2624
MOEX:TATN,2023-08-04T22:10:00+03:00,541.9,542.2,541.9,542.2,84
MOEX:TATN,2023-08-04T22:11:00+03:00,542.2,542.3,541.9,541.9,1011
MOEX:TATN,2023-08-04T22:12:00+03:00,541.9,542.3,541.9,542.3,1231
MOEX:TATN,2023-08-04T22:13:00+03:00,542.3,542.3,542.2,542.2,80
MOEX:TATN,2023-08-04T22:14:00+03:00,542.0,542.3,542.0,542.3,475
MOEX:TATN,2023-08-04T22:15:00+03:00,542.3,542.3,542.2,542.3,112
MOEX:TATN,2023-08-04T22:16:00+03:00,542.2,542.3,542.2,542.2,250
MOEX:TATN,2023-08-04T22:17:00+03:00,542.2,542.3,542.1,542.2,537
MOEX:TATN,2023-08-04T22:18:00+03:00,542.3,542.4,542.0,542.1,888
MOEX:TATN,2023-08-04T22:19:00+03:00,542.1,542.2,541.9,542.2,167
MOEX:TATN,2023-08-04T22:20:00+03:00,542.2,542.2,542.1,542.2,243
MOEX:TATN,2023-08-04T22:21:00+03:00,542.2,542.4,542.1,542.1,789
MOEX:TATN,2023-08-04T22:22:00+03:00,542.1,542.1,542.1,542.1,60
MOEX:TATN,2023-08-04T22:23:00+03:00,542.1,542.3,542.0,542.3,1561
MOEX:TATN,2023-08-04T22:24:00+03:00,542.0,542.4,542.0,542.2,477
MOEX:TATN,2023-08-04T22:25:00+03:00,542.3,542.4,542.2,542.2,112
MOEX:TATN,2023-08-04T22:26:00+03:00,542.4,542.4,542.1,542.3,71
MOEX:TATN,2023-08-04T22:27:00+03:00,542.3,542.3,542.1,542.3,508
MOEX:TATN,2023-08-04T22:28:00+03:00,542.3,542.3,542.1,542.1,125
MOEX:TATN,2023-08-04T22:29:00+03:00,542.2,542.3,542.0,542.3,1491
MOEX:TATN,2023-08-04T22:30:00+03:00,542.3,542.3,542.0,542.0,518
MOEX:TATN,2023-08-04T22:31:00+03:00,542.1,542.1,541.8,541.8,741
MOEX:TATN,2023-08-04T22:32:00+03:00,542.1,542.1,541.8,541.8,487
MOEX:TATN,2023-08-04T22:33:00+03:00,541.7,541.8,541.7,541.8,352
MOEX:TATN,2023-08-04T22:34:00+03:00,541.8,541.8,540.7,540.9,5752
MOEX:TATN,2023-08-04T22:35:00+03:00,540.9,541.1,540.7,541.1,595
MOEX:TATN,2023-08-04T22:36:00+03:00,541.1,541.1,540.7,541.0,189
MOEX:TATN,2023-08-04T22:37:00+03:00,541.1,541.3,540.9,541.0,1540
MOEX:TATN,2023-08-04T22:38:00+03:00,541.4,541.4,541.0,541.0,16
MOEX:TATN,2023-08-04T22:39:00+03:00,541.3,541.6,541.2,541.6,998
MOEX:TATN,2023-08-04T22:40:00+03:00,541.6,541.6,541.4,541.5,427
MOEX:TATN,2023-08-04T22:41:00+03:00,541.6,541.7,541.5,541.7,141
MOEX:TATN,2023-08-04T22:42:00+03:00,541.7,543.0,541.5,542.7,20550
MOEX:TATN,2023-08-04T22:43:00+03:00,542.8,542.8,542.4,542.7,537
MOEX:TATN,2023-08-04T22:44:00+03:00,542.7,542.8,542.2,542.2,581
MOEX:TATN,2023-08-04T22:45:00+03:00,542.5,542.6,542.0,542.2,5521
MOEX:TATN,2023-08-04T22:46:00+03:00,542.2,542.2,541.7,542.0,286
MOEX:TATN,2023-08-04T22:47:00+03:00,542.0,542.0,541.6,542.0,918
MOEX:TATN,2023-08-04T22:48:00+03:00,542.0,542.1,541.7,541.7,367
MOEX:TATN,2023-08-04T22:49:00+03:00,541.8,541.8,541.4,541.4,580
MOEX:TATN,2023-08-04T22:50:00+03:00,541.5,541.7,541.4,541.6,314
MOEX:TATN,2023-08-04T22:51:00+03:00,541.6,541.9,541.6,541.9,257
MOEX:TATN,2023-08-04T22:52:00+03:00,541.9,542.2,541.9,542.2,1234
MOEX:TATN,2023-08-04T22:53:00+03:00,542.1,542.1,541.9,542.0,291
MOEX:TATN,2023-08-04T22:54:00+03:00,541.9,542.0,541.9,541.9,760
MOEX:TATN,2023-08-04T22:55:00+03:00,541.9,541.9,541.2,541.6,396
MOEX:TATN,2023-08-04T22:56:00+03:00,541.6,541.6,541.1,541.1,219
MOEX:TATN,2023-08-04T22:57:00+03:00,541.1,541.2,541.0,541.0,2687
MOEX:TATN,2023-08-04T22:58:00+03:00,541.1,541.4,541.1,541.2,927
MOEX:TATN,2023-08-04T22:59:00+03:00,541.3,541.5,541.2,541.5,803
MOEX:TATN,2023-08-04T23:00:00+03:00,541.5,541.5,541.3,541.5,36
MOEX:TATN,2023-08-04T23:01:00+03:00,541.4,541.6,541.4,541.5,723
MOEX:TATN,2023-08-04T23:02:00+03:00,541.5,541.6,541.1,541.1,869
MOEX:TATN,2023-08-04T23:03:00+03:00,541.2,541.2,541.0,541.0,496
MOEX:TATN,2023-08-04T23:04:00+03:00,541.2,541.2,541.0,541.1,372
MOEX:TATN,2023-08-04T23:05:00+03:00,541.2,541.2,541.0,541.0,314
MOEX:TATN,2023-08-04T23:06:00+03:00,541.0,541.2,540.8,541.1,317
MOEX:TATN,2023-08-04T23:07:00+03:00,541.0,541.2,541.0,541.2,129
MOEX:TATN,2023-08-04T23:08:00+03:00,541.1,541.2,541.0,541.0,118
MOEX:TATN,2023-08-04T23:09:00+03:00,541.2,541.2,541.0,541.0,143
MOEX:TATN,2023-08-04T23:10:00+03:00,540.8,541.0,540.2,540.7,3669
MOEX:TATN,2023-08-04T23:11:00+03:00,540.7,540.7,540.2,540.3,466
MOEX:TATN,2023-08-04T23:12:00+03:00,540.3,540.5,540.1,540.3,519
MOEX:TATN,2023-08-04T23:13:00+03:00,540.3,540.3,539.8,540.3,3499
MOEX:TATN,2023-08-04T23:14:00+03:00,540.3,540.3,539.7,540.0,1928
MOEX:TATN,2023-08-04T23:15:00+03:00,540.0,540.0,539.7,539.9,104
MOEX:TATN,2023-08-04T23:16:00+03:00,539.9,540.0,539.9,540.0,7
MOEX:TATN,2023-08-04T23:17:00+03:00,539.9,540.0,539.8,539.9,864
MOEX:TATN,2023-08-04T23:18:00+03:00,539.8,539.9,539.7,539.8,497
MOEX:TATN,2023-08-04T23:19:00+03:00,539.8,539.9,539.8,539.9,246
MOEX:TATN,2023-08-04T23:20:00+03:00,539.9,540.0,539.6,539.9,1685
MOEX:TATN,2023-08-04T23:21:00+03:00,539.9,539.9,539.8,539.8,164
MOEX:TATN,2023-08-04T23:22:00+03:00,539.8,539.8,539.7,539.7,337
MOEX:TATN,2023-08-04T23:23:00+03:00,539.6,539.8,539.2,539.4,3096
MOEX:TATN,2023-08-04T23:24:00+03:00,539.5,539.6,539.3,539.3,412
MOEX:TATN,2023-08-04T23:25:00+03:00,539.2,539.2,538.5,538.6,10856
MOEX:TATN,2023-08-04T23:26:00+03:00,538.5,538.6,538.4,538.5,1150
MOEX:TATN,2023-08-04T23:27:00+03:00,538.5,538.7,538.5,538.7,410
MOEX:TATN,2023-08-04T23:28:00+03:00,538.7,538.7,538.5,538.7,122
MOEX:TATN,2023-08-04T23:29:00+03:00,538.7,538.7,538.6,538.6,42
MOEX:TATN,2023-08-04T23:30:00+03:00,538.6,538.6,538.5,538.6,307
MOEX:TATN,2023-08-04T23:31:00+03:00,538.6,538.7,538.6,538.7,243
MOEX:TATN,2023-08-04T23:32:00+03:00,538.7,538.7,538.5,538.5,776
MOEX:TATN,2023-08-04T23:33:00+03:00,538.6,538.7,538.5,538.5,514
MOEX:TATN,2023-08-04T23:34:00+03:00,538.7,538.8,538.5,538.6,1706
MOEX:TATN,2023-08-04T23:35:00+03:00,538.6,538.6,538.4,538.6,525
MOEX:TATN,2023-08-04T23:36:00+03:00,538.6,539.0,538.5,539.0,541
MOEX:TATN,2023-08-04T23:37:00+03:00,539.0,539.0,538.8,538.9,147
MOEX:TATN,2023-08-04T23:38:00+03:00,538.9,539.0,538.9,539.0,1757
MOEX:TATN,2023-08-04T23:39:00+03:00,538.9,541.8,538.9,539.9,10414
MOEX:TATN,2023-08-04T23:40:00+03:00,539.8,541.4,539.8,541.2,2013
MOEX:TATN,2023-08-04T23:41:00+03:00,541.1,541.3,540.4,540.4,749
MOEX:TATN,2023-08-04T23:42:00+03:00,540.4,541.4,540.2,541.0,2261
MOEX:TATN,2023-08-04T23:43:00+03:00,541.0,541.3,540.5,541.1,158
MOEX:TATN,2023-08-04T23:44:00+03:00,541.1,541.8,538.3,541.1,10954
MOEX:TATN,2023-08-04T23:45:00+03:00,541.1,541.4,541.1,541.4,302
MOEX:TATN,2023-08-04T23:46:00+03:00,541.4,541.4,541.0,541.4,610
MOEX:TATN,2023-08-04T23:47:00+03:00,541.4,541.4,541.1,541.2,216
MOEX:TATN,2023-08-04T23:48:00+03:00,541.2,541.3,541.0,541.3,416
MOEX:TATN,2023-08-04T23:49:00+03:00,541.4,542.0,541.4,541.9,7076
