MOEX:SBER,2018-06-27T10:00:00+03:00,201.85,201.90,200.78,200.90,67574
MOEX:SBER,2018-06-27T10:01:00+03:00,200.90,201.07,200.75,201.01,30740
MOEX:SBER,2018-06-27T10:02:00+03:00,201.06,201.25,201.03,201.09,5784
MOEX:SBER,2018-06-27T10:03:00+03:00,201.03,201.25,201.02,201.10,14958
MOEX:SBER,2018-06-27T10:04:00+03:00,201.18,201.44,201.18,201.38,22784
MOEX:SBER,2018-06-27T10:05:00+03:00,201.37,201.52,201.29,201.50,45118
MOEX:SBER,2018-06-27T10:06:00+03:00,201.50,201.95,201.50,201.67,52805
MOEX:SBER,2018-06-27T10:07:00+03:00,201.64,201.87,201.54,201.59,12319
MOEX:SBER,2018-06-27T10:08:00+03:00,201.58,201.67,201.44,201.65,13925
MOEX:SBER,2018-06-27T10:09:00+03:00,201.65,201.65,201.30,201.30,6684
MOEX:SBER,2018-06-27T10:10:00+03:00,201.32,201.33,201.16,201.24,10807
MOEX:SBER,2018-06-27T10:11:00+03:00,201.26,201.29,201.18,201.21,3084
MOEX:SBER,2018-06-27T10:12:00+03:00,201.21,201.21,200.99,201.08,16996
MOEX:SBER,2018-06-27T10:13:00+03:00,201.03,201.27,201.01,201.09,8807
MOEX:SBER,2018-06-27T10:14:00+03:00,201.08,201.16,201.01,201.16,3881
MOEX:SBER,2018-06-27T10:15:00+03:00,201.16,201.26,201.08,201.09,8098
MOEX:SBER,2018-06-27T10:16:00+03:00,201.17,201.40,201.15,201.33,6715
MOEX:SBER,2018-06-27T10:17:00+03:00,201.33,201.43,201.26,201.30,8031
MOEX:SBER,2018-06-27T10:18:00+03:00,201.30,201.34,201.08,201.20,8913
MOEX:SBER,2018-06-27T10:19:00+03:00,201.25,201.28,201.07,201.18,12517
MOEX:SBER,2018-06-27T10:20:00+03:00,201.10,201.16,200.77,200.95,18584
MOEX:SBER,2018-06-27T10:21:00+03:00,200.90,201.04,200.61,200.84,24958
MOEX:SBER,2018-06-27T10:22:00+03:00,200.89,201.03,200.83,200.90,10962
MOEX:SBER,2018-06-27T10:23:00+03:00,200.95,200.96,200.84,200.95,3499
MOEX:SBER,2018-06-27T10:24:00+03:00,200.95,200.96,200.80,200.80,6087
MOEX:SBER,2018-06-27T10:25:00+03:00,200.86,200.98,200.41,200.90,42526
MOEX:SBER,2018-06-27T10:26:00+03:00,200.98,200.98,200.81,200.98,15179
MOEX:SBER,2018-06-27T10:27:00+03:00,200.89,201.13,200.89,201.00,14258
MOEX:SBER,2018-06-27T10:28:00+03:00,201.00,201.00,200.90,200.98,2122
MOEX:SBER,2018-06-27T10:29:00+03:00,200.99,200.99,200.88,200.88,1671
MOEX:SBER,2018-06-27T10:30:00+03:00,200.88,201.02,200.76,201.00,14992
MOEX:SBER,2018-06-27T10:31:00+03:00,201.02,201.27,201.00,201.19,19915
MOEX:SBER,2018-06-27T10:32:00+03:00,201.14,201.19,201.04,201.10,1309
MOEX:SBER,2018-06-27T10:33:00+03:00,201.03,201.18,200.96,201.00,7755
MOEX:SBER,2018-06-27T10:34:00+03:00,201.00,201.17,200.93,201.00,7404
MOEX:SBER,2018-06-27T10:35:00+03:00,201.07,201.23,201.07,201.13,8376
MOEX:SBER,2018-06-27T10:36:00+03:00,201.13,201.30,201.11,201.27,7035
MOEX:SBER,2018-06-27T10:37:00+03:00,201.22,201.30,201.17,201.22,4312
MOEX:SBER,2018-06-27T10:38:00+03:00,201.18,201.34,201.17,201.33,4547
MOEX:SBER,2018-06-27T10:39:00+03:00,201.34,201.48,201.34,201.44,18020
MOEX:SBER,2018-06-27T10:40:00+03:00,201.44,201.59,201.44,201.59,10388
MOEX:SBER,2018-06-27T10:41:00+03:00,201.60,201.61,201.38,201.38,8111
MOEX:SBER,2018-06-27T10:42:00+03:00,201.36,201.45,201.28,201.37,11634
MOEX:SBER,2018-06-27T10:43:00+03:00,201.29,201.36,201.10,201.19,23618
MOEX:SBER,2018-06-27T10:44:00+03:00,201.20,201.27,201.03,201.07,15941
MOEX:SBER,2018-06-27T10:45:00+03:00,201.08,201.31,201.08,201.29,4658
MOEX:SBER,2018-06-27T10:46:00+03:00,201.29,201.36,201.20,201.33,2225
MOEX:SBER,2018-06-27T10:47:00+03:00,201.32,201.36,201.17,201.18,14674
MOEX:SBER,2018-06-27T10:48:00+03:00,201.16,201.17,200.98,201.00,18347
MOEX:SBER,2018-06-27T10:49:00+03:00,201.05,201.05,200.90,201.00,3794
MOEX:SBER,2018-06-27T10:50:00+03:00,201.00,201.07,200.91,200.99,4388
MOEX:SBER,2018-06-27T10:51:00+03:00,201.00,201.00,200.70,200.71,16284
MOEX:SBER,2018-06-27T10:52:00+03:00,200.78,201.00,200.70,200.83,14301
MOEX:SBER,2018-06-27T10:53:00+03:00,200.84,200.86,200.59,200.63,7655
MOEX:SBER,2018-06-27T10:54:00+03:00,200.71,200.73,200.57,200.59,17405
MOEX:SBER,2018-06-27T10:55:00+03:00,200.57,200.86,200.57,200.83,5237
MOEX:SBER,2018-06-27T10:56:00+03:00,200.83,200.83,200.69,200.71,2898
MOEX:SBER,2018-06-27T10:57:00+03:00,200.71,200.75,200.57,200.60,5737
MOEX:SBER,2018-06-27T10:58:00+03:00,200.60,200.60,200.47,200.57,12597
MOEX:SBER,2018-06-27T10:59:00+03:00,200.56,200.67,200.50,200.62,21085
MOEX:SBER,2018-06-27T11:00:00+03:00,200.61,200.75,200.59,200.70,14889
MOEX:SBER,2018-06-27T11:01:00+03:00,200.69,200.70,200.60,200.60,2672
MOEX:SBER,2018-06-27T11:02:00+03:00,200.57,200.63,200.33,200.33,18519
MOEX:SBER,2018-06-27T11:03:00+03:00,200.35,200.56,200.28,200.49,12219
MOEX:SBER,2018-06-27T11:04:00+03:00,200.46,200.50,200.32,200.38,891
MOEX:SBER,2018-06-27T11:05:00+03:00,200.38,200.66,200.33,200.64,2596
MOEX:SBER,2018-06-27T11:06:00+03:00,200.66,200.84,200.64,200.80,14303
MOEX:SBER,2018-06-27T11:07:00+03:00,200.80,200.83,200.70,200.83,2951
MOEX:SBER,2018-06-27T11:08:00+03:00,200.84,201.09,200.79,201.07,20782
MOEX:SBER,2018-06-27T11:09:00+03:00,201.00,201.20,200.99,201.11,3842
MOEX:SBER,2018-06-27T11:10:00+03:00,201.17,201.20,201.00,201.01,2685
MOEX:SBER,2018-06-27T11:11:00+03:00,201.00,201.05,200.96,200.99,1801
MOEX:SBER,2018-06-27T11:12:00+03:00,200.99,200.99,200.94,200.98,781
MOEX:SBER,2018-06-27T11:13:00+03:00,200.94,201.14,200.94,201.10,2486
MOEX:SBER,2018-06-27T11:14:00+03:00,201.10,201.10,201.00,201.02,1103
MOEX:SBER,2018-06-27T11:15:00+03:00,201.03,201.09,200.98,201.00,2042
MOEX:SBER,2018-06-27T11:16:00+03:00,201.00,201.12,200.83,200.83,9800
MOEX:SBER,2018-06-27T11:17:00+03:00,200.82,200.82,200.22,200.22,15019
MOEX:SBER,2018-06-27T11:18:00+03:00,200.22,200.62,200.19,200.62,11622
MOEX:SBER,2018-06-27T11:19:00+03:00,200.59,200.63,200.50,200.58,1313
MOEX:SBER,2018-06-27T11:20:00+03:00,200.55,200.64,200.42,200.64,2293
MOEX:SBER,2018-06-27T11:21:00+03:00,200.67,200.73,200.54,200.57,948
MOEX:SBER,2018-06-27T11:22:00+03:00,200.53,200.63,200.46,200.53,949
MOEX:SBER,2018-06-27T11:23:00+03:00,200.53,200.53,200.41,200.50,966
MOEX:SBER,2018-06-27T11:24:00+03:00,200.43,200.43,200.17,200.18,7843
MOEX:SBER,2018-06-27T11:25:00+03:00,200.25,200.47,200.19,200.42,2422
MOEX:SBER,2018-06-27T11:26:00+03:00,200.39,200.40,200.33,200.33,2628
MOEX:SBER,2018-06-27T11:27:00+03:00,200.33,200.40,200.25,200.40,3388
MOEX:SBER,2018-06-27T11:28:00+03:00,200.40,200.40,200.32,200.39,2945
MOEX:SBER,2018-06-27T11:29:00+03:00,200.32,200.39,200.15,200.15,10772
MOEX:SBER,2018-06-27T11:30:00+03:00,200.15,200.26,200.07,200.26,29396
MOEX:SBER,2018-06-27T11:31:00+03:00,200.20,200.35,200.12,200.29,8093
MOEX:SBER,2018-06-27T11:32:00+03:00,200.23,200.28,200.13,200.22,7590
MOEX:SBER,2018-06-27T11:33:00+03:00,200.21,200.23,200.08,200.08,4274
MOEX:SBER,2018-06-27T11:34:00+03:00,200.08,200.29,200.07,200.13,8213
MOEX:SBER,2018-06-27T11:35:00+03:00,200.15,200.28,200.09,200.20,2687
MOEX:SBER,2018-06-27T11:36:00+03:00,200.20,200.21,200.17,200.21,1913
MOEX:SBER,2018-06-27T11:37:00+03:00,200.21,200.40,200.18,200.40,10060
MOEX:SBER,2018-06-27T11:38:00+03:00,200.35,200.37,200.28,200.35,3742
MOEX:SBER,2018-06-27T11:39:00+03:00,200.35,200.36,200.27,200.35,1367
MOEX:SBER,2018-06-27T11:40:00+03:00,200.30,200.31,200.22,200.29,2229
MOEX:SBER,2018-06-27T11:41:00+03:00,200.23,200.26,200.18,200.26,1292
MOEX:SBER,2018-06-27T11:42:00+03:00,200.23,200.37,200.23,200.31,2170
MOEX:SBER,2018-06-27T11:43:00+03:00,200.37,200.43,200.30,200.43,6706
MOEX:SBER,2018-06-27T11:44:00+03:00,200.43,200.60,200.40,200.59,7002
MOEX:SBER,2018-06-27T11:45:00+03:00,200.59,200.63,200.54,200.63,11462
MOEX:SBER,2018-06-27T11:46:00+03:00,200.58,200.82,200.55,200.67,5350
MOEX:SBER,2018-06-27T11:47:00+03:00,200.66,200.81,200.65,200.81,3012
MOEX:SBER,2018-06-27T11:48:00+03:00,200.77,200.80,200.62,200.79,2700
MOEX:SBER,2018-06-27T11:49:00+03:00,200.69,200.70,200.50,200.54,4025
MOEX:SBER,2018-06-27T11:50:00+03:00,200.54,200.54,200.40,200.40,9957
MOEX:SBER,2018-06-27T11:51:00+03:00,200.40,200.47,200.01,200.01,64805
MOEX:SBER,2018-06-27T11:52:00+03:00,200.01,200.22,199.82,200.02,58194
MOEX:SBER,2018-06-27T11:53:00+03:00,199.96,200.10,199.87,199.90,18340
MOEX:SBER,2018-06-27T11:54:00+03:00,199.88,200.10,199.83,199.98,29857
MOEX:SBER,2018-06-27T11:55:00+03:00,199.98,200.02,199.50,199.52,88012
MOEX:SBER,2018-06-27T11:56:00+03:00,199.59,199.63,199.20,199.20,34442
MOEX:SBER,2018-06-27T11:57:00+03:00,199.23,199.40,199.20,199.30,12243
MOEX:SBER,2018-06-27T11:58:00+03:00,199.32,199.36,198.77,198.89,75765
MOEX:SBER,2018-06-27T11:59:00+03:00,198.81,199.10,198.65,198.65,34218
MOEX:SBER,2018-06-27T12:00:00+03:00,198.67,198.95,198.55,198.90,21484
MOEX:SBER,2018-06-27T12:01:00+03:00,198.90,199.08,198.80,198.89,16351
MOEX:SBER,2018-06-27T12:02:00+03:00,198.87,198.97,198.77,198.80,10181
MOEX:SBER,2018-06-27T12:03:00+03:00,198.78,198.98,198.60,198.95,11293
MOEX:SBER,2018-06-27T12:04:00+03:00,198.96,199.16,198.88,199.08,13980
MOEX:SBER,2018-06-27T12:05:00+03:00,199.05,199.33,198.92,199.22,11426
MOEX:SBER,2018-06-27T12:06:00+03:00,199.22,199.30,199.10,199.22,8846
MOEX:SBER,2018-06-27T12:07:00+03:00,199.18,199.38,199.16,199.21,5074
MOEX:SBER,2018-06-27T12:08:00+03:00,199.28,199.31,198.92,198.95,9614
MOEX:SBER,2018-06-27T12:09:00+03:00,199.00,199.10,198.95,199.10,2046
MOEX:SBER,2018-06-27T12:10:00+03:00,199.10,199.18,198.91,199.09,3079
MOEX:SBER,2018-06-27T12:11:00+03:00,199.05,199.10,198.87,199.00,4449
MOEX:SBER,2018-06-27T12:12:00+03:00,199.05,199.10,198.90,198.98,2289
MOEX:SBER,2018-06-27T12:13:00+03:00,198.99,199.40,198.85,199.40,21132
MOEX:SBER,2018-06-27T12:14:00+03:00,199.36,199.50,199.24,199.44,32313
MOEX:SBER,2018-06-27T12:15:00+03:00,199.39,199.70,199.28,199.53,21952
MOEX:SBER,2018-06-27T12:16:00+03:00,199.53,199.53,199.37,199.40,4082
MOEX:SBER,2018-06-27T12:17:00+03:00,199.40,199.47,199.30,199.47,4311
MOEX:SBER,2018-06-27T12:18:00+03:00,199.39,199.48,199.39,199.48,817
MOEX:SBER,2018-06-27T12:19:00+03:00,199.49,199.63,199.49,199.59,2136
MOEX:SBER,2018-06-27T12:20:00+03:00,199.55,199.55,199.39,199.44,3675
MOEX:SBER,2018-06-27T12:21:00+03:00,199.40,199.53,199.23,199.42,8577
MOEX:SBER,2018-06-27T12:22:00+03:00,199.44,199.49,199.25,199.25,5875
MOEX:SBER,2018-06-27T12:23:00+03:00,199.25,199.40,199.25,199.26,1837
MOEX:SBER,2018-06-27T12:24:00+03:00,199.31,199.65,199.31,199.64,16588
MOEX:SBER,2018-06-27T12:25:00+03:00,199.54,199.73,199.53,199.68,10419
MOEX:SBER,2018-06-27T12:26:00+03:00,199.68,199.77,199.58,199.73,9772
MOEX:SBER,2018-06-27T12:27:00+03:00,199.67,199.70,199.59,199.67,903
MOEX:SBER,2018-06-27T12:28:00+03:00,199.70,199.75,199.52,199.52,4032
MOEX:SBER,2018-06-27T12:29:00+03:00,199.56,199.75,199.50,199.75,2629
MOEX:SBER,2018-06-27T12:30:00+03:00,199.65,199.76,199.56,199.76,13952
MOEX:SBER,2018-06-27T12:31:00+03:00,199.72,199.77,199.65,199.76,15734
MOEX:SBER,2018-06-27T12:32:00+03:00,199.76,199.77,199.66,199.77,6245
MOEX:SBER,2018-06-27T12:33:00+03:00,199.75,199.77,199.68,199.77,3068
MOEX:SBER,2018-06-27T12:34:00+03:00,199.77,199.99,199.77,199.88,12492
MOEX:SBER,2018-06-27T12:35:00+03:00,199.91,199.98,199.79,199.79,6282
MOEX:SBER,2018-06-27T12:36:00+03:00,199.79,199.85,199.67,199.73,9225
MOEX:SBER,2018-06-27T12:37:00+03:00,199.73,200.10,199.70,200.10,44896
MOEX:SBER,2018-06-27T12:38:00+03:00,200.09,200.10,199.91,199.99,17949
MOEX:SBER,2018-06-27T12:39:00+03:00,199.99,200.00,199.93,199.93,4403
MOEX:SBER,2018-06-27T12:40:00+03:00,199.93,199.99,199.88,199.90,2266
MOEX:SBER,2018-06-27T12:41:00+03:00,199.90,199.90,199.80,199.80,6620
MOEX:SBER,2018-06-27T12:42:00+03:00,199.91,199.91,199.70,199.78,10583
MOEX:SBER,2018-06-27T12:43:00+03:00,199.75,199.78,199.65,199.72,2848
MOEX:SBER,2018-06-27T12:44:00+03:00,199.71,200.06,199.71,199.98,15554
MOEX:SBER,2018-06-27T12:45:00+03:00,199.98,200.05,199.78,199.80,2506
MOEX:SBER,2018-06-27T12:46:00+03:00,199.80,199.95,199.77,199.95,1189
MOEX:SBER,2018-06-27T12:47:00+03:00,199.86,199.94,199.79,199.92,3076
MOEX:SBER,2018-06-27T12:48:00+03:00,199.92,199.96,199.83,199.96,2960
MOEX:SBER,2018-06-27T12:49:00+03:00,199.91,199.98,199.85,199.85,2141
MOEX:SBER,2018-06-27T12:50:00+03:00,199.85,199.98,199.83,199.92,932
MOEX:SBER,2018-06-27T12:51:00+03:00,199.92,200.00,199.90,199.95,2652
MOEX:SBER,2018-06-27T12:52:00+03:00,199.96,200.22,199.96,200.14,13840
MOEX:SBER,2018-06-27T12:53:00+03:00,200.20,200.40,200.13,200.31,6447
MOEX:SBER,2018-06-27T12:54:00+03:00,200.32,200.32,200.16,200.23,9647
MOEX:SBER,2018-06-27T12:55:00+03:00,200.21,200.35,200.16,200.26,1699
MOEX:SBER,2018-06-27T12:56:00+03:00,200.25,200.43,200.13,200.41,4770
MOEX:SBER,2018-06-27T12:57:00+03:00,200.41,200.68,200.39,200.56,25461
MOEX:SBER,2018-06-27T12:58:00+03:00,200.55,200.95,200.55,200.95,10664
MOEX:SBER,2018-06-27T12:59:00+03:00,200.91,201.07,200.60,201.05,62781
MOEX:SBER,2018-06-27T13:00:00+03:00,201.07,201.49,201.05,201.20,41085
MOEX:SBER,2018-06-27T13:01:00+03:00,201.20,201.39,201.14,201.36,19152
MOEX:SBER,2018-06-27T13:02:00+03:00,201.31,201.45,201.30,201.42,21357
MOEX:SBER,2018-06-27T13:03:00+03:00,201.37,201.59,201.26,201.52,45737
MOEX:SBER,2018-06-27T13:04:00+03:00,201.53,201.66,201.36,201.59,24837
MOEX:SBER,2018-06-27T13:05:00+03:00,201.59,201.60,201.33,201.53,43408
MOEX:SBER,2018-06-27T13:06:00+03:00,201.58,201.60,201.27,201.39,26681
MOEX:SBER,2018-06-27T13:07:00+03:00,201.38,201.45,201.24,201.30,11499
MOEX:SBER,2018-06-27T13:08:00+03:00,201.30,201.40,201.20,201.24,5567
MOEX:SBER,2018-06-27T13:09:00+03:00,201.29,201.30,201.20,201.23,11466
MOEX:SBER,2018-06-27T13:10:00+03:00,201.30,201.50,201.29,201.41,11296
MOEX:SBER,2018-06-27T13:11:00+03:00,201.46,201.49,201.37,201.44,2336
MOEX:SBER,2018-06-27T13:12:00+03:00,201.45,201.55,201.31,201.31,10652
MOEX:SBER,2018-06-27T13:13:00+03:00,201.30,201.40,201.28,201.31,3855
MOEX:SBER,2018-06-27T13:14:00+03:00,201.29,201.40,201.20,201.32,7463
MOEX:SBER,2018-06-27T13:15:00+03:00,201.33,201.58,201.33,201.58,6533
MOEX:SBER,2018-06-27T13:16:00+03:00,201.58,201.63,201.40,201.43,16380
MOEX:SBER,2018-06-27T13:17:00+03:00,201.40,201.43,201.20,201.21,4280
MOEX:SBER,2018-06-27T13:18:00+03:00,201.22,201.29,201.10,201.23,8052
MOEX:SBER,2018-06-27T13:19:00+03:00,201.27,201.31,201.22,201.27,1052
MOEX:SBER,2018-06-27T13:20:00+03:00,201.26,201.33,201.25,201.27,475
MOEX:SBER,2018-06-27T13:21:00+03:00,201.27,201.43,201.26,201.35,1870
MOEX:SBER,2018-06-27T13:22:00+03:00,201.35,201.39,201.27,201.30,741
MOEX:SBER,2018-06-27T13:23:00+03:00,201.31,201.38,201.24,201.38,1653
MOEX:SBER,2018-06-27T13:24:00+03:00,201.37,201.45,201.33,201.45,2002
MOEX:SBER,2018-06-27T13:25:00+03:00,201.45,201.59,201.45,201.54,8965
MOEX:SBER,2018-06-27T13:26:00+03:00,201.53,202.40,201.52,202.28,101598
MOEX:SBER,2018-06-27T13:27:00+03:00,202.28,202.45,202.07,202.19,46876
MOEX:SBER,2018-06-27T13:28:00+03:00,202.19,202.33,202.06,202.25,19436
MOEX:SBER,2018-06-27T13:29:00+03:00,202.28,202.60,202.16,202.60,33296
MOEX:SBER,2018-06-27T13:30:00+03:00,202.60,203.20,202.60,203.00,75414
MOEX:SBER,2018-06-27T13:31:00+03:00,203.05,203.28,202.68,202.75,40710
MOEX:SBER,2018-06-27T13:32:00+03:00,202.76,202.88,202.63,202.81,8494
MOEX:SBER,2018-06-27T13:33:00+03:00,202.80,202.85,202.74,202.83,5292
MOEX:SBER,2018-06-27T13:34:00+03:00,202.81,202.83,202.70,202.79,8886
MOEX:SBER,2018-06-27T13:35:00+03:00,202.76,202.83,202.34,202.59,36128
MOEX:SBER,2018-06-27T13:36:00+03:00,202.59,202.59,202.39,202.49,8354
MOEX:SBER,2018-06-27T13:37:00+03:00,202.45,202.50,202.34,202.46,3404
MOEX:SBER,2018-06-27T13:38:00+03:00,202.46,202.46,202.22,202.42,5832
MOEX:SBER,2018-06-27T13:39:00+03:00,202.44,202.50,202.42,202.47,4452
MOEX:SBER,2018-06-27T13:40:00+03:00,202.47,202.57,202.45,202.56,7249
MOEX:SBER,2018-06-27T13:41:00+03:00,202.52,202.54,202.42,202.48,6662
MOEX:SBER,2018-06-27T13:42:00+03:00,202.48,202.50,202.44,202.45,1791
MOEX:SBER,2018-06-27T13:43:00+03:00,202.45,202.53,202.45,202.49,2867
MOEX:SBER,2018-06-27T13:44:00+03:00,202.49,202.57,202.45,202.52,4754
MOEX:SBER,2018-06-27T13:45:00+03:00,202.52,202.55,202.47,202.49,2537
MOEX:SBER,2018-06-27T13:46:00+03:00,202.48,202.49,202.42,202.45,4576
MOEX:SBER,2018-06-27T13:47:00+03:00,202.46,202.65,202.45,202.58,9053
MOEX:SBER,2018-06-27T13:48:00+03:00,202.58,202.75,202.58,202.73,22161
MOEX:SBER,2018-06-27T13:49:00+03:00,202.73,202.87,202.64,202.87,15782
MOEX:SBER,2018-06-27T13:50:00+03:00,202.85,203.20,202.83,203.07,24622
MOEX:SBER,2018-06-27T13:51:00+03:00,203.07,203.11,202.94,203.03,11777
MOEX:SBER,2018-06-27T13:52:00+03:00,203.06,203.40,203.02,203.39,21757
MOEX:SBER,2018-06-27T13:53:00+03:00,203.39,203.50,203.17,203.41,50377
MOEX:SBER,2018-06-27T13:54:00+03:00,203.44,203.52,203.25,203.26,31819
MOEX:SBER,2018-06-27T13:55:00+03:00,203.26,203.29,203.07,203.20,12793
MOEX:SBER,2018-06-27T13:56:00+03:00,203.12,203.43,203.12,203.40,5135
MOEX:SBER,2018-06-27T13:57:00+03:00,203.40,203.48,203.33,203.39,8781
MOEX:SBER,2018-06-27T13:58:00+03:00,203.42,203.68,203.32,203.45,24256
MOEX:SBER,2018-06-27T13:59:00+03:00,203.40,203.49,203.32,203.42,5212
MOEX:SBER,2018-06-27T14:00:00+03:00,203.37,203.40,203.33,203.38,4479
MOEX:SBER,2018-06-27T14:01:00+03:00,203.38,203.38,203.24,203.32,10095
MOEX:SBER,2018-06-27T14:02:00+03:00,203.33,203.47,203.26,203.46,9845
MOEX:SBER,2018-06-27T14:03:00+03:00,203.41,203.45,203.35,203.40,1100
MOEX:SBER,2018-06-27T14:04:00+03:00,203.36,203.39,203.34,203.34,3494
MOEX:SBER,2018-06-27T14:05:00+03:00,203.34,203.75,203.33,203.72,25346
MOEX:SBER,2018-06-27T14:06:00+03:00,203.71,203.95,203.70,203.84,29499
MOEX:SBER,2018-06-27T14:07:00+03:00,203.85,203.93,203.66,203.86,30958
MOEX:SBER,2018-06-27T14:08:00+03:00,203.87,203.93,203.74,203.79,40065
MOEX:SBER,2018-06-27T14:09:00+03:00,203.76,203.87,203.71,203.78,4897
MOEX:SBER,2018-06-27T14:10:00+03:00,203.78,203.80,203.36,203.46,11916
MOEX:SBER,2018-06-27T14:11:00+03:00,203.46,203.49,203.19,203.26,5947
MOEX:SBER,2018-06-27T14:12:00+03:00,203.20,203.39,203.18,203.30,9312
MOEX:SBER,2018-06-27T14:13:00+03:00,203.27,203.39,203.27,203.38,2421
MOEX:SBER,2018-06-27T14:14:00+03:00,203.33,203.45,203.33,203.36,2415
MOEX:SBER,2018-06-27T14:15:00+03:00,203.39,203.43,203.22,203.22,3172
MOEX:SBER,2018-06-27T14:16:00+03:00,203.22,203.23,203.00,203.05,14241
MOEX:SBER,2018-06-27T14:17:00+03:00,203.05,203.27,202.90,203.20,26083
MOEX:SBER,2018-06-27T14:18:00+03:00,203.17,203.43,203.17,203.40,3517
MOEX:SBER,2018-06-27T14:19:00+03:00,203.40,203.45,203.35,203.40,3756
MOEX:SBER,2018-06-27T14:20:00+03:00,203.42,203.44,203.30,203.31,1249
MOEX:SBER,2018-06-27T14:21:00+03:00,203.31,203.36,203.18,203.18,2096
MOEX:SBER,2018-06-27T14:22:00+03:00,203.18,203.22,203.07,203.10,5996
MOEX:SBER,2018-06-27T14:23:00+03:00,203.14,203.35,203.14,203.28,3319
MOEX:SBER,2018-06-27T14:24:00+03:00,203.34,203.34,203.16,203.16,1109
MOEX:SBER,2018-06-27T14:25:00+03:00,203.15,203.15,203.10,203.10,190
MOEX:SBER,2018-06-27T14:26:00+03:00,203.10,203.15,203.10,203.15,329
MOEX:SBER,2018-06-27T14:27:00+03:00,203.16,203.24,203.11,203.13,940
MOEX:SBER,2018-06-27T14:28:00+03:00,203.13,203.20,203.11,203.12,985
MOEX:SBER,2018-06-27T14:29:00+03:00,203.12,203.21,203.11,203.11,792
MOEX:SBER,2018-06-27T14:30:00+03:00,203.11,203.11,202.83,202.92,9205
MOEX:SBER,2018-06-27T14:31:00+03:00,202.99,202.99,202.76,202.76,3812
MOEX:SBER,2018-06-27T14:32:00+03:00,202.80,202.80,202.64,202.67,11969
MOEX:SBER,2018-06-27T14:33:00+03:00,202.67,202.94,202.67,202.94,5713
MOEX:SBER,2018-06-27T14:34:00+03:00,202.85,202.94,202.85,202.90,1247
MOEX:SBER,2018-06-27T14:35:00+03:00,202.90,203.05,202.90,203.00,17471
MOEX:SBER,2018-06-27T14:36:00+03:00,203.06,203.15,202.97,203.07,1502
MOEX:SBER,2018-06-27T14:37:00+03:00,203.14,203.27,203.08,203.22,2638
MOEX:SBER,2018-06-27T14:38:00+03:00,203.23,203.49,203.19,203.32,6583
MOEX:SBER,2018-06-27T14:39:00+03:00,203.41,203.41,203.21,203.21,1566
MOEX:SBER,2018-06-27T14:40:00+03:00,203.29,203.36,203.21,203.35,1241
MOEX:SBER,2018-06-27T14:41:00+03:00,203.36,203.36,203.26,203.27,813
MOEX:SBER,2018-06-27T14:42:00+03:00,203.29,203.29,203.01,203.05,7580
MOEX:SBER,2018-06-27T14:43:00+03:00,203.06,203.16,203.01,203.03,4655
MOEX:SBER,2018-06-27T14:44:00+03:00,203.11,203.11,203.05,203.05,306
MOEX:SBER,2018-06-27T14:45:00+03:00,203.06,203.74,203.05,203.55,27171
MOEX:SBER,2018-06-27T14:46:00+03:00,203.59,204.20,203.56,204.20,85963
MOEX:SBER,2018-06-27T14:47:00+03:00,204.18,204.24,203.90,204.04,27950
MOEX:SBER,2018-06-27T14:48:00+03:00,203.99,204.21,203.90,204.10,12352
MOEX:SBER,2018-06-27T14:49:00+03:00,204.19,204.21,204.01,204.12,10526
MOEX:SBER,2018-06-27T14:50:00+03:00,204.18,204.69,204.10,204.69,65183
MOEX:SBER,2018-06-27T14:51:00+03:00,204.68,204.85,204.53,204.78,38635
MOEX:SBER,2018-06-27T14:52:00+03:00,204.76,204.85,204.50,204.54,8856
MOEX:SBER,2018-06-27T14:53:00+03:00,204.55,204.61,204.37,204.51,9712
MOEX:SBER,2018-06-27T14:54:00+03:00,204.60,204.69,204.42,204.50,13739
MOEX:SBER,2018-06-27T14:55:00+03:00,204.58,204.62,204.50,204.50,4429
MOEX:SBER,2018-06-27T14:56:00+03:00,204.50,204.68,204.50,204.60,5516
MOEX:SBER,2018-06-27T14:57:00+03:00,204.57,204.67,204.57,204.64,3367
MOEX:SBER,2018-06-27T14:58:00+03:00,204.64,204.70,204.52,204.60,11859
MOEX:SBER,2018-06-27T14:59:00+03:00,204.55,204.77,204.36,204.72,16935
MOEX:SBER,2018-06-27T15:00:00+03:00,204.77,205.00,204.77,204.77,94586
MOEX:SBER,2018-06-27T15:01:00+03:00,204.82,204.82,204.59,204.64,8522
MOEX:SBER,2018-06-27T15:02:00+03:00,204.61,204.95,204.61,204.92,9293
MOEX:SBER,2018-06-27T15:03:00+03:00,204.89,204.94,204.74,204.74,5703
MOEX:SBER,2018-06-27T15:04:00+03:00,204.81,204.90,204.59,204.66,13649
MOEX:SBER,2018-06-27T15:05:00+03:00,204.67,204.83,204.55,204.60,8869
MOEX:SBER,2018-06-27T15:06:00+03:00,204.71,204.71,204.43,204.58,10127
MOEX:SBER,2018-06-27T15:07:00+03:00,204.67,204.67,204.44,204.52,10951
MOEX:SBER,2018-06-27T15:08:00+03:00,204.55,204.74,204.55,204.58,11167
MOEX:SBER,2018-06-27T15:09:00+03:00,204.66,204.75,204.55,204.69,6808
MOEX:SBER,2018-06-27T15:10:00+03:00,204.68,204.69,204.55,204.56,2116
MOEX:SBER,2018-06-27T15:11:00+03:00,204.64,204.67,204.50,204.50,3742
MOEX:SBER,2018-06-27T15:12:00+03:00,204.50,204.56,204.45,204.46,10482
MOEX:SBER,2018-06-27T15:13:00+03:00,204.46,204.48,204.35,204.35,9848
MOEX:SBER,2018-06-27T15:14:00+03:00,204.35,204.54,204.35,204.43,5402
MOEX:SBER,2018-06-27T15:15:00+03:00,204.43,204.45,204.37,204.42,663
MOEX:SBER,2018-06-27T15:16:00+03:00,204.42,204.42,204.24,204.25,7657
MOEX:SBER,2018-06-27T15:17:00+03:00,204.23,204.32,204.23,204.32,1368
MOEX:SBER,2018-06-27T15:18:00+03:00,204.30,204.64,204.28,204.57,14145
MOEX:SBER,2018-06-27T15:19:00+03:00,204.56,204.64,204.55,204.56,2889
MOEX:SBER,2018-06-27T15:20:00+03:00,204.60,204.69,204.60,204.69,3462
MOEX:SBER,2018-06-27T15:21:00+03:00,204.63,204.70,204.52,204.62,8851
MOEX:SBER,2018-06-27T15:22:00+03:00,204.62,204.74,204.51,204.51,4937
MOEX:SBER,2018-06-27T15:23:00+03:00,204.60,204.60,204.45,204.51,7053
MOEX:SBER,2018-06-27T15:24:00+03:00,204.51,204.56,204.40,204.49,12844
MOEX:SBER,2018-06-27T15:25:00+03:00,204.50,204.65,204.50,204.63,4084
MOEX:SBER,2018-06-27T15:26:00+03:00,204.64,204.75,204.64,204.74,5450
MOEX:SBER,2018-06-27T15:27:00+03:00,204.74,204.87,204.69,204.77,8540
MOEX:SBER,2018-06-27T15:28:00+03:00,204.77,204.91,204.77,204.82,11985
MOEX:SBER,2018-06-27T15:29:00+03:00,204.82,204.91,204.70,204.85,8264
MOEX:SBER,2018-06-27T15:30:00+03:00,204.91,205.44,204.86,205.18,76897
MOEX:SBER,2018-06-27T15:31:00+03:00,205.18,205.30,205.10,205.14,9073
MOEX:SBER,2018-06-27T15:32:00+03:00,205.14,205.86,205.10,205.79,66951
MOEX:SBER,2018-06-27T15:33:00+03:00,205.80,205.95,205.68,205.71,56354
MOEX:SBER,2018-06-27T15:34:00+03:00,205.79,205.98,205.73,205.95,47573
MOEX:SBER,2018-06-27T15:35:00+03:00,205.93,205.93,205.68,205.85,48082
MOEX:SBER,2018-06-27T15:36:00+03:00,205.86,206.00,205.75,205.99,41096
MOEX:SBER,2018-06-27T15:37:00+03:00,205.96,206.24,205.90,206.12,75571
MOEX:SBER,2018-06-27T15:38:00+03:00,206.12,206.25,206.07,206.10,33517
MOEX:SBER,2018-06-27T15:39:00+03:00,206.10,206.17,206.00,206.03,28500
MOEX:SBER,2018-06-27T15:40:00+03:00,206.05,206.24,206.01,206.19,35566
MOEX:SBER,2018-06-27T15:41:00+03:00,206.09,206.25,206.09,206.13,16899
MOEX:SBER,2018-06-27T15:42:00+03:00,206.13,206.23,206.00,206.18,40030
MOEX:SBER,2018-06-27T15:43:00+03:00,206.18,206.22,206.12,206.14,13647
MOEX:SBER,2018-06-27T15:44:00+03:00,206.17,206.25,206.14,206.20,27131
MOEX:SBER,2018-06-27T15:45:00+03:00,206.19,206.45,206.19,206.34,28251
MOEX:SBER,2018-06-27T15:46:00+03:00,206.34,206.40,206.02,206.02,27093
MOEX:SBER,2018-06-27T15:47:00+03:00,206.02,206.07,205.87,205.89,26512
MOEX:SBER,2018-06-27T15:48:00+03:00,205.89,206.01,205.88,205.94,5471
MOEX:SBER,2018-06-27T15:49:00+03:00,205.98,206.10,205.94,206.05,4712
MOEX:SBER,2018-06-27T15:50:00+03:00,206.10,206.18,206.10,206.11,4257
MOEX:SBER,2018-06-27T15:51:00+03:00,206.11,206.15,205.90,205.95,12181
MOEX:SBER,2018-06-27T15:52:00+03:00,206.01,206.10,205.99,206.02,7769
MOEX:SBER,2018-06-27T15:53:00+03:00,206.03,206.03,205.87,205.87,14718
MOEX:SBER,2018-06-27T15:54:00+03:00,205.87,205.95,205.87,205.93,11186
MOEX:SBER,2018-06-27T15:55:00+03:00,205.95,205.99,205.87,205.92,6083
MOEX:SBER,2018-06-27T15:56:00+03:00,205.90,206.14,205.90,206.09,16240
MOEX:SBER,2018-06-27T15:57:00+03:00,206.09,206.37,206.08,206.35,11660
MOEX:SBER,2018-06-27T15:58:00+03:00,206.35,206.75,206.35,206.67,46068
MOEX:SBER,2018-06-27T15:59:00+03:00,206.67,206.69,206.43,206.43,35984
MOEX:SBER,2018-06-27T16:00:00+03:00,206.50,206.70,206.43,206.52,17307
MOEX:SBER,2018-06-27T16:01:00+03:00,206.60,206.74,206.51,206.61,15150
MOEX:SBER,2018-06-27T16:02:00+03:00,206.59,206.61,206.46,206.46,6435
MOEX:SBER,2018-06-27T16:03:00+03:00,206.50,206.56,206.45,206.47,4609
MOEX:SBER,2018-06-27T16:04:00+03:00,206.47,206.53,206.35,206.46,7769
MOEX:SBER,2018-06-27T16:05:00+03:00,206.46,206.59,206.46,206.52,2147
MOEX:SBER,2018-06-27T16:06:00+03:00,206.55,206.89,206.55,206.85,57333
MOEX:SBER,2018-06-27T16:07:00+03:00,206.85,206.97,206.82,206.91,45606
MOEX:SBER,2018-06-27T16:08:00+03:00,206.91,207.30,206.90,207.19,166924
MOEX:SBER,2018-06-27T16:09:00+03:00,207.19,207.35,207.04,207.06,54649
MOEX:SBER,2018-06-27T16:10:00+03:00,207.05,207.35,207.05,207.30,21353
MOEX:SBER,2018-06-27T16:11:00+03:00,207.30,207.44,207.10,207.39,44516
MOEX:SBER,2018-06-27T16:12:00+03:00,207.36,207.61,207.23,207.61,36629
MOEX:SBER,2018-06-27T16:13:00+03:00,207.63,207.80,207.44,207.77,40783
MOEX:SBER,2018-06-27T16:14:00+03:00,207.68,207.84,207.30,207.31,43315
MOEX:SBER,2018-06-27T16:15:00+03:00,207.38,207.64,207.32,207.51,14896
MOEX:SBER,2018-06-27T16:16:00+03:00,207.61,207.63,207.20,207.20,36572
MOEX:SBER,2018-06-27T16:17:00+03:00,207.21,207.25,206.65,206.76,41255
MOEX:SBER,2018-06-27T16:18:00+03:00,206.70,207.08,206.69,207.00,17642
MOEX:SBER,2018-06-27T16:19:00+03:00,207.00,207.05,206.89,207.05,10174
MOEX:SBER,2018-06-27T16:20:00+03:00,207.00,207.30,207.00,207.21,6390
MOEX:SBER,2018-06-27T16:21:00+03:00,207.21,207.54,207.19,207.44,23260
MOEX:SBER,2018-06-27T16:22:00+03:00,207.49,207.79,207.46,207.48,20813
MOEX:SBER,2018-06-27T16:23:00+03:00,207.46,207.55,207.01,207.03,10896
MOEX:SBER,2018-06-27T16:24:00+03:00,207.05,207.10,206.83,206.87,15107
MOEX:SBER,2018-06-27T16:25:00+03:00,206.87,207.46,206.87,207.36,6625
MOEX:SBER,2018-06-27T16:26:00+03:00,207.41,207.59,207.35,207.46,24745
MOEX:SBER,2018-06-27T16:27:00+03:00,207.50,207.50,207.10,207.14,8152
MOEX:SBER,2018-06-27T16:28:00+03:00,207.12,207.18,206.96,207.03,6317
MOEX:SBER,2018-06-27T16:29:00+03:00,207.03,207.20,207.00,207.10,15942
MOEX:SBER,2018-06-27T16:30:00+03:00,207.12,207.20,207.00,207.15,28586
MOEX:SBER,2018-06-27T16:31:00+03:00,207.15,207.16,206.91,207.01,12811
MOEX:SBER,2018-06-27T16:32:00+03:00,207.01,207.07,206.88,206.88,9655
MOEX:SBER,2018-06-27T16:33:00+03:00,206.88,207.05,206.80,206.80,12786
MOEX:SBER,2018-06-27T16:34:00+03:00,206.80,207.09,206.80,206.99,19383
MOEX:SBER,2018-06-27T16:35:00+03:00,206.99,207.10,206.91,207.04,6926
MOEX:SBER,2018-06-27T16:36:00+03:00,207.07,207.10,206.97,207.05,6315
MOEX:SBER,2018-06-27T16:37:00+03:00,207.05,207.16,206.90,207.16,25252
MOEX:SBER,2018-06-27T16:38:00+03:00,207.09,207.15,206.97,207.00,6131
MOEX:SBER,2018-06-27T16:39:00+03:00,207.00,207.12,206.83,206.84,18626
MOEX:SBER,2018-06-27T16:40:00+03:00,206.84,207.00,206.83,206.90,4915
MOEX:SBER,2018-06-27T16:41:00+03:00,206.88,206.98,206.75,206.76,10627
MOEX:SBER,2018-06-27T16:42:00+03:00,206.76,206.87,206.75,206.84,3368
MOEX:SBER,2018-06-27T16:43:00+03:00,206.78,206.99,206.77,206.85,18511
MOEX:SBER,2018-06-27T16:44:00+03:00,206.95,206.95,206.85,206.90,3172
MOEX:SBER,2018-06-27T16:45:00+03:00,206.90,206.98,206.88,206.98,11450
MOEX:SBER,2018-06-27T16:46:00+03:00,206.94,207.35,206.90,207.23,32402
MOEX:SBER,2018-06-27T16:47:00+03:00,207.22,207.28,207.09,207.15,7036
MOEX:SBER,2018-06-27T16:48:00+03:00,207.19,207.20,207.11,207.11,8316
MOEX:SBER,2018-06-27T16:49:00+03:00,207.12,207.27,207.12,207.25,10747
MOEX:SBER,2018-06-27T16:50:00+03:00,207.25,207.28,207.19,207.20,5188
MOEX:SBER,2018-06-27T16:51:00+03:00,207.24,207.24,207.07,207.11,8624
MOEX:SBER,2018-06-27T16:52:00+03:00,207.12,207.29,207.12,207.18,8039
MOEX:SBER,2018-06-27T16:53:00+03:00,207.22,207.22,207.15,207.22,193
MOEX:SBER,2018-06-27T16:54:00+03:00,207.18,207.20,207.18,207.18,1693
MOEX:SBER,2018-06-27T16:55:00+03:00,207.18,207.25,207.18,207.18,4791
MOEX:SBER,2018-06-27T16:56:00+03:00,207.18,207.34,207.18,207.27,3768
MOEX:SBER,2018-06-27T16:57:00+03:00,207.21,207.26,207.18,207.23,2675
MOEX:SBER,2018-06-27T16:58:00+03:00,207.28,207.39,207.27,207.27,5578
MOEX:SBER,2018-06-27T16:59:00+03:00,207.27,207.30,207.21,207.25,2549
MOEX:SBER,2018-06-27T17:00:00+03:00,207.25,207.69,207.22,207.58,30469
MOEX:SBER,2018-06-27T17:01:00+03:00,207.55,207.65,207.32,207.51,17105
MOEX:SBER,2018-06-27T17:02:00+03:00,207.49,207.63,207.49,207.59,8279
MOEX:SBER,2018-06-27T17:03:00+03:00,207.56,207.65,207.49,207.60,16511
MOEX:SBER,2018-06-27T17:04:00+03:00,207.58,207.68,207.35,207.51,8534
MOEX:SBER,2018-06-27T17:05:00+03:00,207.46,207.60,207.44,207.49,5012
MOEX:SBER,2018-06-27T17:06:00+03:00,207.50,207.59,207.50,207.53,2419
MOEX:SBER,2018-06-27T17:07:00+03:00,207.57,207.57,207.38,207.38,3140
MOEX:SBER,2018-06-27T17:08:00+03:00,207.38,207.40,207.24,207.32,7791
MOEX:SBER,2018-06-27T17:09:00+03:00,207.39,207.64,207.35,207.60,15518
MOEX:SBER,2018-06-27T17:10:00+03:00,207.52,207.93,207.52,207.90,39753
MOEX:SBER,2018-06-27T17:11:00+03:00,207.93,207.93,207.67,207.87,13021
MOEX:SBER,2018-06-27T17:12:00+03:00,207.92,208.23,207.90,208.18,42511
MOEX:SBER,2018-06-27T17:13:00+03:00,208.12,208.25,208.03,208.04,27463
MOEX:SBER,2018-06-27T17:14:00+03:00,208.07,208.30,208.00,208.05,33719
MOEX:SBER,2018-06-27T17:15:00+03:00,208.09,208.39,208.00,208.10,27903
MOEX:SBER,2018-06-27T17:16:00+03:00,208.11,208.30,208.10,208.13,14927
MOEX:SBER,2018-06-27T17:17:00+03:00,208.22,208.40,208.12,208.40,12622
MOEX:SBER,2018-06-27T17:18:00+03:00,208.39,208.50,208.34,208.40,33281
MOEX:SBER,2018-06-27T17:19:00+03:00,208.49,208.63,208.39,208.61,44407
MOEX:SBER,2018-06-27T17:20:00+03:00,208.61,208.80,208.54,208.60,40097
MOEX:SBER,2018-06-27T17:21:00+03:00,208.60,208.75,208.54,208.68,19486
MOEX:SBER,2018-06-27T17:22:00+03:00,208.68,208.80,208.60,208.72,17518
MOEX:SBER,2018-06-27T17:23:00+03:00,208.72,208.80,208.65,208.65,17057
MOEX:SBER,2018-06-27T17:24:00+03:00,208.69,208.70,208.42,208.46,10700
MOEX:SBER,2018-06-27T17:25:00+03:00,208.43,208.50,208.41,208.41,3056
MOEX:SBER,2018-06-27T17:26:00+03:00,208.42,208.43,208.27,208.34,12941
MOEX:SBER,2018-06-27T17:27:00+03:00,208.34,208.35,208.14,208.14,5475
MOEX:SBER,2018-06-27T17:28:00+03:00,208.17,208.23,208.12,208.19,5550
MOEX:SBER,2018-06-27T17:29:00+03:00,208.16,208.30,208.16,208.21,9053
MOEX:SBER,2018-06-27T17:30:00+03:00,208.28,208.90,208.28,208.71,29691
MOEX:SBER,2018-06-27T17:31:00+03:00,208.75,208.90,208.47,208.50,27404
MOEX:SBER,2018-06-27T17:32:00+03:00,208.50,208.50,208.29,208.30,7469
MOEX:SBER,2018-06-27T17:33:00+03:00,208.36,208.38,208.13,208.14,11469
MOEX:SBER,2018-06-27T17:34:00+03:00,208.14,208.22,208.00,208.05,14223
MOEX:SBER,2018-06-27T17:35:00+03:00,208.08,208.49,208.07,208.30,17580
MOEX:SBER,2018-06-27T17:36:00+03:00,208.30,208.65,208.27,208.49,15997
MOEX:SBER,2018-06-27T17:37:00+03:00,208.41,208.50,208.25,208.50,7868
MOEX:SBER,2018-06-27T17:38:00+03:00,208.49,208.67,208.49,208.67,4568
MOEX:SBER,2018-06-27T17:39:00+03:00,208.64,208.80,208.60,208.74,26705
MOEX:SBER,2018-06-27T17:40:00+03:00,208.71,208.81,208.13,208.34,28571
MOEX:SBER,2018-06-27T17:41:00+03:00,208.26,208.55,208.26,208.40,3930
MOEX:SBER,2018-06-27T17:42:00+03:00,208.40,208.50,208.32,208.48,4778
MOEX:SBER,2018-06-27T17:43:00+03:00,208.48,208.56,208.25,208.37,19497
MOEX:SBER,2018-06-27T17:44:00+03:00,208.38,208.43,208.18,208.18,4157
MOEX:SBER,2018-06-27T17:45:00+03:00,208.18,208.38,208.18,208.24,11311
MOEX:SBER,2018-06-27T17:46:00+03:00,208.30,208.30,208.23,208.28,616
MOEX:SBER,2018-06-27T17:47:00+03:00,208.28,208.42,208.28,208.30,6576
MOEX:SBER,2018-06-27T17:48:00+03:00,208.30,208.35,208.21,208.21,3380
MOEX:SBER,2018-06-27T17:49:00+03:00,208.20,208.20,208.09,208.10,9693
MOEX:SBER,2018-06-27T17:50:00+03:00,208.15,208.29,208.13,208.22,8612
MOEX:SBER,2018-06-27T17:51:00+03:00,208.22,208.30,208.18,208.20,7380
MOEX:SBER,2018-06-27T17:52:00+03:00,208.21,208.37,208.21,208.32,13848
MOEX:SBER,2018-06-27T17:53:00+03:00,208.32,208.39,208.24,208.33,6811
MOEX:SBER,2018-06-27T17:54:00+03:00,208.33,208.35,208.20,208.21,6566
MOEX:SBER,2018-06-27T17:55:00+03:00,208.21,208.30,208.21,208.22,3486
MOEX:SBER,2018-06-27T17:56:00+03:00,208.23,208.23,208.12,208.12,17909
MOEX:SBER,2018-06-27T17:57:00+03:00,208.13,208.21,208.03,208.14,23953
MOEX:SBER,2018-06-27T17:58:00+03:00,208.08,208.21,208.08,208.21,6921
MOEX:SBER,2018-06-27T17:59:00+03:00,208.20,208.31,208.19,208.30,10547
MOEX:SBER,2018-06-27T18:00:00+03:00,208.31,208.65,208.27,208.63,30858
MOEX:SBER,2018-06-27T18:01:00+03:00,208.62,208.63,208.50,208.53,11006
MOEX:SBER,2018-06-27T18:02:00+03:00,208.53,208.61,208.50,208.60,6037
MOEX:SBER,2018-06-27T18:03:00+03:00,208.57,208.65,208.57,208.65,5436
MOEX:SBER,2018-06-27T18:04:00+03:00,208.64,208.80,208.51,208.53,20216
MOEX:SBER,2018-06-27T18:05:00+03:00,208.53,208.67,208.50,208.67,20034
MOEX:SBER,2018-06-27T18:06:00+03:00,208.64,208.74,208.50,208.67,10507
MOEX:SBER,2018-06-27T18:07:00+03:00,208.66,209.10,208.65,209.09,44756
MOEX:SBER,2018-06-27T18:08:00+03:00,209.10,209.21,208.70,208.77,25140
MOEX:SBER,2018-06-27T18:09:00+03:00,208.77,209.33,208.76,208.99,50908
MOEX:SBER,2018-06-27T18:10:00+03:00,209.01,209.01,208.76,208.80,13238
MOEX:SBER,2018-06-27T18:11:00+03:00,208.83,209.00,208.76,208.92,15630
MOEX:SBER,2018-06-27T18:12:00+03:00,208.92,209.16,208.85,208.89,13851
MOEX:SBER,2018-06-27T18:13:00+03:00,208.94,209.10,208.89,209.02,9360
MOEX:SBER,2018-06-27T18:14:00+03:00,209.02,209.02,208.85,208.85,8184
MOEX:SBER,2018-06-27T18:15:00+03:00,208.86,208.87,208.76,208.80,8719
MOEX:SBER,2018-06-27T18:16:00+03:00,208.78,208.88,208.77,208.85,2134
MOEX:SBER,2018-06-27T18:17:00+03:00,208.85,208.90,208.54,208.64,25046
MOEX:SBER,2018-06-27T18:18:00+03:00,208.70,208.76,208.41,208.48,24219
MOEX:SBER,2018-06-27T18:19:00+03:00,208.49,208.55,208.20,208.36,52939
MOEX:SBER,2018-06-27T18:20:00+03:00,208.40,208.43,208.34,208.38,4277
MOEX:SBER,2018-06-27T18:21:00+03:00,208.38,208.39,208.10,208.30,25819
MOEX:SBER,2018-06-27T18:22:00+03:00,208.30,208.33,208.10,208.14,8659
MOEX:SBER,2018-06-27T18:23:00+03:00,208.14,208.20,208.02,208.14,12062
MOEX:SBER,2018-06-27T18:24:00+03:00,208.19,208.19,208.04,208.10,8212
MOEX:SBER,2018-06-27T18:25:00+03:00,208.15,208.21,208.10,208.13,6309
MOEX:SBER,2018-06-27T18:26:00+03:00,208.17,208.18,207.95,207.95,32111
MOEX:SBER,2018-06-27T18:27:00+03:00,207.95,208.02,207.95,207.99,16851
MOEX:SBER,2018-06-27T18:28:00+03:00,207.99,208.00,207.90,207.96,23469
MOEX:SBER,2018-06-27T18:29:00+03:00,207.96,208.15,207.96,208.05,24596
MOEX:SBER,2018-06-27T18:30:00+03:00,208.04,208.36,207.98,208.30,16596
MOEX:SBER,2018-06-27T18:31:00+03:00,208.30,208.39,208.01,208.14,16828
MOEX:SBER,2018-06-27T18:32:00+03:00,208.13,208.14,208.02,208.05,8923
MOEX:SBER,2018-06-27T18:33:00+03:00,208.08,208.09,208.01,208.09,6655
MOEX:SBER,2018-06-27T18:34:00+03:00,208.12,208.19,208.07,208.18,10786
MOEX:SBER,2018-06-27T18:35:00+03:00,208.19,208.26,208.15,208.25,20040
MOEX:SBER,2018-06-27T18:36:00+03:00,208.17,208.23,208.12,208.12,6820
MOEX:SBER,2018-06-27T18:37:00+03:00,208.13,208.18,208.04,208.18,24890
MOEX:SBER,2018-06-27T18:38:00+03:00,208.12,208.76,208.12,208.53,38408
MOEX:SBER,2018-06-27T18:39:00+03:00,208.53,208.59,208.36,208.50,16297
MOEX:SBER,2018-06-27T18:45:00+03:00,207.95,207.95,207.95,207.95,293648
MOEX:SBER,2018-06-27T18:46:00+03:00,207.95,207.95,207.95,207.95,3442
MOEX:SBER,2018-06-27T18:47:00+03:00,207.95,207.95,207.95,207.95,30
MOEX:SBER,2018-06-27T18:48:00+03:00,207.95,207.95,207.95,207.95,654
MOEX:SBER,2018-06-27T18:49:00+03:00,207.95,207.95,207.95,207.95,1101
