MOEX:POLY,2023-02-02T10:00:00+03:00,495.0,499.6,494.5,499.2,103264
MOEX:POLY,2023-02-02T10:01:00+03:00,499.2,500.0,498.0,499.4,64733
MOEX:POLY,2023-02-02T10:02:00+03:00,499.6,499.7,496.3,497.1,45795
MOEX:POLY,2023-02-02T10:03:00+03:00,497.2,497.9,496.3,496.4,15233
MOEX:POLY,2023-02-02T10:04:00+03:00,496.3,496.8,495.0,495.7,42274
MOEX:POLY,2023-02-02T10:05:00+03:00,495.2,495.2,493.7,494.3,26986
MOEX:POLY,2023-02-02T10:06:00+03:00,494.3,497.5,494.3,496.5,37117
MOEX:POLY,2023-02-02T10:07:00+03:00,496.7,497.5,496.5,497.5,8964
MOEX:POLY,2023-02-02T10:08:00+03:00,497.5,499.0,497.5,498.8,23727
MOEX:POLY,2023-02-02T10:09:00+03:00,498.9,502.0,498.8,500.0,116666
MOEX:POLY,2023-02-02T10:10:00+03:00,500.0,503.0,500.0,501.5,66872
MOEX:POLY,2023-02-02T10:11:00+03:00,501.6,503.0,501.2,501.5,52386
MOEX:POLY,2023-02-02T10:12:00+03:00,501.5,502.5,501.2,502.2,14168
MOEX:POLY,2023-02-02T10:13:00+03:00,502.2,503.3,501.7,503.1,35032
MOEX:POLY,2023-02-02T10:14:00+03:00,503.2,504.0,502.3,502.3,40199
MOEX:POLY,2023-02-02T10:15:00+03:00,502.4,503.9,502.3,503.6,20970
MOEX:POLY,2023-02-02T10:16:00+03:00,503.4,503.7,502.1,502.9,25342
MOEX:POLY,2023-02-02T10:17:00+03:00,502.9,503.0,502.3,502.3,16572
MOEX:POLY,2023-02-02T10:18:00+03:00,502.3,502.4,500.6,501.0,54596
MOEX:POLY,2023-02-02T10:19:00+03:00,501.2,501.9,500.9,501.9,8957
MOEX:POLY,2023-02-02T10:20:00+03:00,501.8,502.4,501.3,502.4,13485
MOEX:POLY,2023-02-02T10:21:00+03:00,502.4,502.4,501.6,501.7,7714
MOEX:POLY,2023-02-02T10:22:00+03:00,501.8,501.9,498.5,499.6,47311
MOEX:POLY,2023-02-02T10:23:00+03:00,499.3,499.5,498.5,499.0,14734
MOEX:POLY,2023-02-02T10:24:00+03:00,498.9,499.3,497.8,498.2,19091
MOEX:POLY,2023-02-02T10:25:00+03:00,498.2,498.4,497.8,497.8,14046
MOEX:POLY,2023-02-02T10:26:00+03:00,497.8,498.6,497.7,498.6,9211
MOEX:POLY,2023-02-02T10:27:00+03:00,498.6,499.4,498.3,499.4,8299
MOEX:POLY,2023-02-02T10:28:00+03:00,499.3,499.9,499.3,499.7,11372
MOEX:POLY,2023-02-02T10:29:00+03:00,499.7,500.9,499.7,500.4,21063
MOEX:POLY,2023-02-02T10:30:00+03:00,500.4,500.4,498.9,498.9,14324
MOEX:POLY,2023-02-02T10:31:00+03:00,499.0,499.0,497.5,497.5,14337
MOEX:POLY,2023-02-02T10:32:00+03:00,497.5,497.9,496.8,496.9,14187
MOEX:POLY,2023-02-02T10:33:00+03:00,496.9,498.0,496.9,498.0,6955
MOEX:POLY,2023-02-02T10:34:00+03:00,498.0,498.5,497.5,497.5,5701
MOEX:POLY,2023-02-02T10:35:00+03:00,497.7,497.9,497.1,497.4,7727
MOEX:POLY,2023-02-02T10:36:00+03:00,497.4,497.5,496.6,497.1,12635
MOEX:POLY,2023-02-02T10:37:00+03:00,497.1,497.4,497.0,497.2,8735
MOEX:POLY,2023-02-02T10:38:00+03:00,497.2,497.4,497.1,497.2,6404
MOEX:POLY,2023-02-02T10:39:00+03:00,497.3,497.3,496.6,496.6,10789
MOEX:POLY,2023-02-02T10:40:00+03:00,496.6,496.8,495.0,495.0,54959
MOEX:POLY,2023-02-02T10:41:00+03:00,495.0,496.1,494.8,495.5,19636
MOEX:POLY,2023-02-02T10:42:00+03:00,495.5,496.4,495.3,496.1,8829
MOEX:POLY,2023-02-02T10:43:00+03:00,496.2,496.7,496.0,496.7,9290
MOEX:POLY,2023-02-02T10:44:00+03:00,496.6,498.2,496.4,497.3,15611
MOEX:POLY,2023-02-02T10:45:00+03:00,497.4,497.5,497.0,497.4,6487
MOEX:POLY,2023-02-02T10:46:00+03:00,497.4,498.8,497.4,498.7,13710
MOEX:POLY,2023-02-02T10:47:00+03:00,498.7,498.8,497.7,497.8,14906
MOEX:POLY,2023-02-02T10:48:00+03:00,497.8,497.8,496.4,496.7,11448
MOEX:POLY,2023-02-02T10:49:00+03:00,496.7,498.0,495.6,495.6,22997
MOEX:POLY,2023-02-02T10:50:00+03:00,495.7,495.9,495.3,495.5,5679
MOEX:POLY,2023-02-02T10:51:00+03:00,495.5,496.7,495.4,496.5,5839
MOEX:POLY,2023-02-02T10:52:00+03:00,496.2,497.3,496.0,497.1,6928
MOEX:POLY,2023-02-02T10:53:00+03:00,497.0,497.3,497.0,497.2,709
MOEX:POLY,2023-02-02T10:54:00+03:00,497.2,497.7,497.1,497.4,3703
MOEX:POLY,2023-02-02T10:55:00+03:00,497.5,497.7,497.4,497.7,2031
MOEX:POLY,2023-02-02T10:56:00+03:00,497.6,497.7,496.2,496.9,7107
MOEX:POLY,2023-02-02T10:57:00+03:00,496.9,497.0,495.0,495.8,20012
MOEX:POLY,2023-02-02T10:58:00+03:00,495.8,496.5,495.8,496.5,1542
MOEX:POLY,2023-02-02T10:59:00+03:00,496.4,496.8,496.0,496.2,7727
MOEX:POLY,2023-02-02T11:00:00+03:00,496.2,496.3,496.0,496.3,2861
MOEX:POLY,2023-02-02T11:01:00+03:00,496.4,496.7,496.4,496.6,1541
MOEX:POLY,2023-02-02T11:02:00+03:00,496.6,497.3,496.6,497.3,8646
MOEX:POLY,2023-02-02T11:03:00+03:00,497.2,498.7,496.9,498.6,21153
MOEX:POLY,2023-02-02T11:04:00+03:00,498.6,498.8,497.8,498.7,5996
MOEX:POLY,2023-02-02T11:05:00+03:00,498.0,498.4,497.9,498.4,4680
MOEX:POLY,2023-02-02T11:06:00+03:00,498.0,498.3,498.0,498.3,323
MOEX:POLY,2023-02-02T11:07:00+03:00,498.3,499.0,498.0,499.0,7291
MOEX:POLY,2023-02-02T11:08:00+03:00,499.0,499.9,498.9,499.7,12439
MOEX:POLY,2023-02-02T11:09:00+03:00,499.7,499.9,499.2,499.4,11345
MOEX:POLY,2023-02-02T11:10:00+03:00,499.4,499.5,499.0,499.0,4687
MOEX:POLY,2023-02-02T11:11:00+03:00,499.0,499.0,498.1,498.3,3326
MOEX:POLY,2023-02-02T11:12:00+03:00,498.3,502.0,498.2,501.7,33317
MOEX:POLY,2023-02-02T11:13:00+03:00,501.7,501.8,500.3,501.0,15281
MOEX:POLY,2023-02-02T11:14:00+03:00,500.8,501.2,500.2,500.6,6302
MOEX:POLY,2023-02-02T11:15:00+03:00,500.5,500.5,500.0,500.1,9823
MOEX:POLY,2023-02-02T11:16:00+03:00,500.2,500.6,500.1,500.6,6156
MOEX:POLY,2023-02-02T11:17:00+03:00,500.6,500.9,500.4,500.7,2244
MOEX:POLY,2023-02-02T11:18:00+03:00,500.7,500.8,500.5,500.5,2108
MOEX:POLY,2023-02-02T11:19:00+03:00,500.6,500.6,500.0,500.2,16553
MOEX:POLY,2023-02-02T11:20:00+03:00,500.2,500.2,500.0,500.0,4935
MOEX:POLY,2023-02-02T11:21:00+03:00,500.0,500.8,500.0,500.6,10361
MOEX:POLY,2023-02-02T11:22:00+03:00,500.6,500.7,500.0,500.0,3398
MOEX:POLY,2023-02-02T11:23:00+03:00,500.0,500.2,500.0,500.2,10367
MOEX:POLY,2023-02-02T11:24:00+03:00,500.2,500.2,500.0,500.1,4769
MOEX:POLY,2023-02-02T11:25:00+03:00,500.0,500.2,500.0,500.0,3057
MOEX:POLY,2023-02-02T11:26:00+03:00,500.1,500.1,500.0,500.1,9502
MOEX:POLY,2023-02-02T11:27:00+03:00,500.1,500.6,500.0,500.5,4037
MOEX:POLY,2023-02-02T11:28:00+03:00,500.3,500.5,500.2,500.3,1376
MOEX:POLY,2023-02-02T11:29:00+03:00,500.3,500.5,500.2,500.4,1243
MOEX:POLY,2023-02-02T11:30:00+03:00,500.3,500.5,500.3,500.5,877
MOEX:POLY,2023-02-02T11:31:00+03:00,500.4,500.7,500.4,500.7,3939
MOEX:POLY,2023-02-02T11:32:00+03:00,500.5,500.6,500.2,500.6,3215
MOEX:POLY,2023-02-02T11:33:00+03:00,500.4,500.6,500.3,500.5,821
MOEX:POLY,2023-02-02T11:34:00+03:00,500.5,500.5,500.3,500.3,3960
MOEX:POLY,2023-02-02T11:35:00+03:00,500.4,500.4,500.2,500.3,2527
MOEX:POLY,2023-02-02T11:36:00+03:00,500.3,500.4,500.3,500.4,1452
MOEX:POLY,2023-02-02T11:37:00+03:00,500.4,500.4,500.2,500.2,5408
MOEX:POLY,2023-02-02T11:38:00+03:00,500.3,500.4,497.4,498.0,35849
MOEX:POLY,2023-02-02T11:39:00+03:00,497.6,498.7,497.4,498.7,10090
MOEX:POLY,2023-02-02T11:40:00+03:00,498.7,498.7,498.0,498.3,4191
MOEX:POLY,2023-02-02T11:41:00+03:00,498.2,498.4,498.1,498.1,3631
MOEX:POLY,2023-02-02T11:42:00+03:00,498.1,498.1,497.5,497.6,3331
MOEX:POLY,2023-02-02T11:43:00+03:00,497.6,498.4,497.5,498.2,2211
MOEX:POLY,2023-02-02T11:44:00+03:00,498.2,499.0,498.2,499.0,4926
MOEX:POLY,2023-02-02T11:45:00+03:00,498.9,499.1,498.9,499.1,2133
MOEX:POLY,2023-02-02T11:46:00+03:00,499.1,499.3,498.8,499.1,2059
MOEX:POLY,2023-02-02T11:47:00+03:00,499.1,499.7,499.1,499.6,2250
MOEX:POLY,2023-02-02T11:48:00+03:00,499.6,499.9,499.6,499.9,3303
MOEX:POLY,2023-02-02T11:49:00+03:00,499.9,500.5,499.8,500.5,6808
MOEX:POLY,2023-02-02T11:50:00+03:00,500.5,500.5,500.0,500.1,2512
MOEX:POLY,2023-02-02T11:51:00+03:00,500.1,500.3,500.0,500.2,2863
MOEX:POLY,2023-02-02T11:52:00+03:00,500.2,500.3,499.8,499.8,4147
MOEX:POLY,2023-02-02T11:53:00+03:00,499.8,500.0,499.4,499.4,2301
MOEX:POLY,2023-02-02T11:54:00+03:00,499.5,499.6,499.2,499.2,2871
MOEX:POLY,2023-02-02T11:55:00+03:00,499.5,499.5,499.2,499.4,1908
MOEX:POLY,2023-02-02T11:56:00+03:00,499.3,499.6,499.3,499.5,571
MOEX:POLY,2023-02-02T11:57:00+03:00,499.5,499.8,499.3,499.8,2102
MOEX:POLY,2023-02-02T11:58:00+03:00,499.5,500.0,499.5,499.7,1414
MOEX:POLY,2023-02-02T11:59:00+03:00,499.5,499.6,499.2,499.2,1530
MOEX:POLY,2023-02-02T12:00:00+03:00,499.4,499.8,499.1,499.4,1330
MOEX:POLY,2023-02-02T12:01:00+03:00,499.3,499.4,498.6,498.8,3042
MOEX:POLY,2023-02-02T12:02:00+03:00,498.8,499.0,498.3,498.6,7366
MOEX:POLY,2023-02-02T12:03:00+03:00,498.8,499.2,498.6,499.2,1304
MOEX:POLY,2023-02-02T12:04:00+03:00,499.1,499.2,498.9,499.1,1087
MOEX:POLY,2023-02-02T12:05:00+03:00,499.1,499.1,498.8,498.9,2582
MOEX:POLY,2023-02-02T12:06:00+03:00,498.9,498.9,498.2,498.7,3266
MOEX:POLY,2023-02-02T12:07:00+03:00,498.6,498.8,498.6,498.8,485
MOEX:POLY,2023-02-02T12:08:00+03:00,498.7,498.8,498.7,498.7,1165
MOEX:POLY,2023-02-02T12:09:00+03:00,498.8,499.0,498.7,498.8,1091
MOEX:POLY,2023-02-02T12:10:00+03:00,498.8,499.0,498.8,498.9,1599
MOEX:POLY,2023-02-02T12:11:00+03:00,498.8,498.9,498.7,498.7,389
MOEX:POLY,2023-02-02T12:12:00+03:00,498.8,498.8,498.7,498.8,375
MOEX:POLY,2023-02-02T12:13:00+03:00,498.9,498.9,498.7,498.7,210
MOEX:POLY,2023-02-02T12:14:00+03:00,498.7,498.7,498.4,498.5,858
MOEX:POLY,2023-02-02T12:15:00+03:00,498.4,498.4,498.1,498.1,1450
MOEX:POLY,2023-02-02T12:16:00+03:00,498.1,498.3,498.1,498.3,533
MOEX:POLY,2023-02-02T12:17:00+03:00,498.3,498.4,498.1,498.1,3193
MOEX:POLY,2023-02-02T12:18:00+03:00,498.1,498.2,498.1,498.2,1664
MOEX:POLY,2023-02-02T12:19:00+03:00,498.2,498.4,498.1,498.2,5496
MOEX:POLY,2023-02-02T12:20:00+03:00,498.2,498.4,498.2,498.4,1084
MOEX:POLY,2023-02-02T12:21:00+03:00,498.3,498.5,498.2,498.5,2993
MOEX:POLY,2023-02-02T12:22:00+03:00,498.5,498.5,498.4,498.5,5343
MOEX:POLY,2023-02-02T12:23:00+03:00,498.4,498.8,498.3,498.4,2217
MOEX:POLY,2023-02-02T12:24:00+03:00,498.8,498.9,498.5,498.7,447
MOEX:POLY,2023-02-02T12:25:00+03:00,498.7,498.7,498.2,498.6,2649
MOEX:POLY,2023-02-02T12:26:00+03:00,498.5,498.7,498.5,498.7,1094
MOEX:POLY,2023-02-02T12:27:00+03:00,498.7,498.9,498.6,498.8,734
MOEX:POLY,2023-02-02T12:28:00+03:00,498.7,498.8,498.5,498.6,349
MOEX:POLY,2023-02-02T12:29:00+03:00,498.7,498.7,498.4,498.4,850
MOEX:POLY,2023-02-02T12:30:00+03:00,498.5,498.6,498.3,498.4,1353
MOEX:POLY,2023-02-02T12:31:00+03:00,498.3,498.3,498.2,498.3,2303
MOEX:POLY,2023-02-02T12:32:00+03:00,498.3,498.3,498.2,498.2,1532
MOEX:POLY,2023-02-02T12:33:00+03:00,498.3,498.3,497.2,497.2,17399
MOEX:POLY,2023-02-02T12:34:00+03:00,497.3,497.5,496.7,496.9,10091
MOEX:POLY,2023-02-02T12:35:00+03:00,497.0,497.4,497.0,497.2,2191
MOEX:POLY,2023-02-02T12:36:00+03:00,497.4,497.5,497.1,497.5,5458
MOEX:POLY,2023-02-02T12:37:00+03:00,497.5,497.7,497.5,497.7,1100
MOEX:POLY,2023-02-02T12:38:00+03:00,497.7,497.8,497.5,497.5,3682
MOEX:POLY,2023-02-02T12:39:00+03:00,497.6,497.8,497.4,497.7,8045
MOEX:POLY,2023-02-02T12:40:00+03:00,497.6,497.8,497.5,497.8,557
MOEX:POLY,2023-02-02T12:41:00+03:00,497.8,497.9,497.5,497.9,1218
MOEX:POLY,2023-02-02T12:42:00+03:00,497.9,497.9,497.7,497.7,514
MOEX:POLY,2023-02-02T12:43:00+03:00,497.8,497.9,497.7,497.9,805
MOEX:POLY,2023-02-02T12:44:00+03:00,497.9,498.8,497.8,498.7,5327
MOEX:POLY,2023-02-02T12:45:00+03:00,498.7,498.9,498.1,498.1,1588
MOEX:POLY,2023-02-02T12:46:00+03:00,498.1,498.3,497.7,498.0,2822
MOEX:POLY,2023-02-02T12:47:00+03:00,498.0,498.0,497.9,498.0,1069
MOEX:POLY,2023-02-02T12:48:00+03:00,498.0,498.2,497.8,497.9,1028
MOEX:POLY,2023-02-02T12:49:00+03:00,498.1,498.1,497.8,498.1,622
MOEX:POLY,2023-02-02T12:50:00+03:00,497.9,498.1,497.8,498.1,626
MOEX:POLY,2023-02-02T12:51:00+03:00,498.0,498.8,498.0,498.8,2125
MOEX:POLY,2023-02-02T12:52:00+03:00,498.7,499.2,498.6,499.2,3529
MOEX:POLY,2023-02-02T12:53:00+03:00,499.2,500.0,498.9,499.8,9312
MOEX:POLY,2023-02-02T12:54:00+03:00,499.7,499.9,499.6,499.8,1906
MOEX:POLY,2023-02-02T12:55:00+03:00,499.8,499.9,499.6,499.9,2154
MOEX:POLY,2023-02-02T12:56:00+03:00,499.9,499.9,499.4,499.7,1205
MOEX:POLY,2023-02-02T12:57:00+03:00,499.5,499.7,499.1,499.2,1701
MOEX:POLY,2023-02-02T12:58:00+03:00,499.2,499.2,499.0,499.2,547
MOEX:POLY,2023-02-02T12:59:00+03:00,499.1,499.4,499.1,499.3,284
MOEX:POLY,2023-02-02T13:00:00+03:00,499.3,499.6,499.2,499.6,2156
MOEX:POLY,2023-02-02T13:01:00+03:00,499.6,499.7,499.5,499.7,978
MOEX:POLY,2023-02-02T13:02:00+03:00,499.7,500.0,499.6,500.0,14048
MOEX:POLY,2023-02-02T13:03:00+03:00,500.0,500.6,499.0,500.3,22606
MOEX:POLY,2023-02-02T13:04:00+03:00,500.2,500.2,499.6,500.0,2879
MOEX:POLY,2023-02-02T13:05:00+03:00,499.8,499.8,499.4,499.5,1300
MOEX:POLY,2023-02-02T13:06:00+03:00,499.5,499.5,498.1,498.1,6359
MOEX:POLY,2023-02-02T13:07:00+03:00,498.2,499.3,498.2,499.3,5832
MOEX:POLY,2023-02-02T13:08:00+03:00,499.3,499.4,499.1,499.4,146
MOEX:POLY,2023-02-02T13:09:00+03:00,499.4,499.4,499.0,499.1,163
MOEX:POLY,2023-02-02T13:10:00+03:00,499.0,499.4,499.0,499.4,136
MOEX:POLY,2023-02-02T13:11:00+03:00,499.3,499.5,499.2,499.2,403
MOEX:POLY,2023-02-02T13:12:00+03:00,499.3,499.5,499.2,499.5,503
MOEX:POLY,2023-02-02T13:13:00+03:00,499.5,500.7,499.5,500.5,10711
MOEX:POLY,2023-02-02T13:14:00+03:00,500.7,502.0,500.5,501.2,28351
MOEX:POLY,2023-02-02T13:15:00+03:00,501.4,501.4,500.9,501.1,1736
MOEX:POLY,2023-02-02T13:16:00+03:00,501.1,501.1,501.0,501.1,8545
MOEX:POLY,2023-02-02T13:17:00+03:00,501.1,501.1,501.0,501.0,3263
MOEX:POLY,2023-02-02T13:18:00+03:00,501.1,501.2,500.5,501.0,3686
MOEX:POLY,2023-02-02T13:19:00+03:00,500.8,500.9,500.0,500.6,3864
MOEX:POLY,2023-02-02T13:20:00+03:00,500.6,500.7,500.2,500.2,2251
MOEX:POLY,2023-02-02T13:21:00+03:00,500.5,500.7,500.5,500.5,204
MOEX:POLY,2023-02-02T13:22:00+03:00,500.6,500.8,500.5,500.5,475
MOEX:POLY,2023-02-02T13:23:00+03:00,500.5,500.7,500.5,500.6,688
MOEX:POLY,2023-02-02T13:24:00+03:00,500.6,500.6,500.0,500.0,2548
MOEX:POLY,2023-02-02T13:25:00+03:00,500.2,500.2,499.7,499.9,4138
MOEX:POLY,2023-02-02T13:26:00+03:00,499.9,500.0,499.7,499.8,1192
MOEX:POLY,2023-02-02T13:27:00+03:00,499.8,499.9,499.5,499.6,2362
MOEX:POLY,2023-02-02T13:28:00+03:00,499.6,500.0,499.5,500.0,3423
MOEX:POLY,2023-02-02T13:29:00+03:00,500.0,500.5,500.0,500.5,2362
MOEX:POLY,2023-02-02T13:30:00+03:00,500.4,500.5,500.3,500.3,176
MOEX:POLY,2023-02-02T13:31:00+03:00,500.3,500.3,500.0,500.0,1211
MOEX:POLY,2023-02-02T13:32:00+03:00,500.2,500.3,500.0,500.2,2847
MOEX:POLY,2023-02-02T13:33:00+03:00,500.3,500.6,500.3,500.6,1803
MOEX:POLY,2023-02-02T13:34:00+03:00,500.6,500.6,500.4,500.4,131
MOEX:POLY,2023-02-02T13:35:00+03:00,500.4,500.8,500.4,500.5,1064
MOEX:POLY,2023-02-02T13:36:00+03:00,500.5,501.1,500.5,500.7,2190
MOEX:POLY,2023-02-02T13:37:00+03:00,500.7,500.9,500.7,500.9,687
MOEX:POLY,2023-02-02T13:38:00+03:00,500.8,501.1,500.8,501.1,2270
MOEX:POLY,2023-02-02T13:39:00+03:00,501.1,501.2,500.9,501.0,1070
MOEX:POLY,2023-02-02T13:40:00+03:00,501.0,501.4,500.6,500.6,6255
MOEX:POLY,2023-02-02T13:41:00+03:00,500.6,500.9,500.5,500.8,1320
MOEX:POLY,2023-02-02T13:42:00+03:00,500.8,500.9,500.2,500.4,2546
MOEX:POLY,2023-02-02T13:43:00+03:00,500.5,500.8,500.5,500.8,548
MOEX:POLY,2023-02-02T13:44:00+03:00,500.8,501.0,500.6,500.7,2203
MOEX:POLY,2023-02-02T13:45:00+03:00,500.8,501.0,500.8,500.9,1646
MOEX:POLY,2023-02-02T13:46:00+03:00,501.0,501.5,500.8,501.2,6720
MOEX:POLY,2023-02-02T13:47:00+03:00,501.2,501.3,501.0,501.0,1063
MOEX:POLY,2023-02-02T13:48:00+03:00,501.1,501.2,501.0,501.0,2583
MOEX:POLY,2023-02-02T13:49:00+03:00,501.1,501.2,501.0,501.2,811
MOEX:POLY,2023-02-02T13:50:00+03:00,501.2,501.2,501.1,501.2,517
MOEX:POLY,2023-02-02T13:51:00+03:00,501.2,501.5,501.1,501.2,4383
MOEX:POLY,2023-02-02T13:52:00+03:00,501.4,501.5,501.3,501.5,2386
MOEX:POLY,2023-02-02T13:53:00+03:00,501.5,501.5,501.4,501.5,1921
MOEX:POLY,2023-02-02T13:54:00+03:00,501.5,501.5,500.5,501.2,12896
MOEX:POLY,2023-02-02T13:55:00+03:00,501.1,501.3,501.0,501.1,849
MOEX:POLY,2023-02-02T13:56:00+03:00,501.1,501.2,500.9,501.0,845
MOEX:POLY,2023-02-02T13:57:00+03:00,501.0,501.1,500.7,500.9,2059
MOEX:POLY,2023-02-02T13:58:00+03:00,500.7,501.1,500.6,501.1,1839
MOEX:POLY,2023-02-02T13:59:00+03:00,501.2,501.4,500.9,501.2,1173
MOEX:POLY,2023-02-02T14:00:00+03:00,501.2,501.2,501.0,501.1,2062
MOEX:POLY,2023-02-02T14:01:00+03:00,501.1,501.2,501.0,501.2,448
MOEX:POLY,2023-02-02T14:02:00+03:00,501.2,501.2,501.0,501.1,2235
MOEX:POLY,2023-02-02T14:03:00+03:00,501.0,501.1,501.0,501.0,1430
MOEX:POLY,2023-02-02T14:04:00+03:00,501.1,501.1,500.9,501.0,2271
MOEX:POLY,2023-02-02T14:05:00+03:00,501.0,501.1,501.0,501.0,1939
MOEX:POLY,2023-02-02T14:06:00+03:00,501.1,501.1,501.0,501.1,890
MOEX:POLY,2023-02-02T14:07:00+03:00,501.1,501.2,501.1,501.2,483
MOEX:POLY,2023-02-02T14:08:00+03:00,501.2,501.2,501.1,501.2,2163
MOEX:POLY,2023-02-02T14:09:00+03:00,501.2,501.2,501.0,501.0,2893
MOEX:POLY,2023-02-02T14:10:00+03:00,501.0,501.3,501.0,501.3,3321
MOEX:POLY,2023-02-02T14:11:00+03:00,501.3,501.3,500.9,501.0,1877
MOEX:POLY,2023-02-02T14:12:00+03:00,500.9,501.0,500.6,500.7,12598
MOEX:POLY,2023-02-02T14:13:00+03:00,500.6,500.7,500.2,500.3,4647
MOEX:POLY,2023-02-02T14:14:00+03:00,500.3,500.6,500.3,500.6,204
MOEX:POLY,2023-02-02T14:15:00+03:00,500.5,500.7,500.4,500.7,16
MOEX:POLY,2023-02-02T14:16:00+03:00,500.8,500.9,500.8,500.9,1320
MOEX:POLY,2023-02-02T14:17:00+03:00,500.7,501.0,500.7,500.9,1206
MOEX:POLY,2023-02-02T14:18:00+03:00,501.0,501.0,500.9,500.9,5410
MOEX:POLY,2023-02-02T14:19:00+03:00,500.7,500.9,500.5,500.5,419
MOEX:POLY,2023-02-02T14:20:00+03:00,500.8,500.8,500.5,500.8,140
MOEX:POLY,2023-02-02T14:21:00+03:00,500.8,500.8,500.5,500.5,183
MOEX:POLY,2023-02-02T14:22:00+03:00,500.7,500.8,500.5,500.6,2069
MOEX:POLY,2023-02-02T14:23:00+03:00,500.5,500.6,500.5,500.6,695
MOEX:POLY,2023-02-02T14:24:00+03:00,500.6,500.7,500.5,500.6,69
MOEX:POLY,2023-02-02T14:25:00+03:00,500.7,500.7,500.4,500.4,2740
MOEX:POLY,2023-02-02T14:26:00+03:00,500.6,500.7,500.3,500.6,1192
MOEX:POLY,2023-02-02T14:27:00+03:00,500.3,501.5,500.3,501.5,5812
MOEX:POLY,2023-02-02T14:28:00+03:00,501.5,501.8,501.4,501.7,7935
MOEX:POLY,2023-02-02T14:29:00+03:00,501.6,501.7,501.4,501.4,3630
MOEX:POLY,2023-02-02T14:30:00+03:00,501.6,501.6,501.1,501.1,1071
MOEX:POLY,2023-02-02T14:31:00+03:00,501.5,501.5,501.1,501.2,468
MOEX:POLY,2023-02-02T14:32:00+03:00,501.1,501.2,501.0,501.0,594
MOEX:POLY,2023-02-02T14:33:00+03:00,501.0,501.7,501.0,501.6,3859
MOEX:POLY,2023-02-02T14:34:00+03:00,501.7,501.8,501.4,501.8,1916
MOEX:POLY,2023-02-02T14:35:00+03:00,501.7,502.9,501.7,502.9,29151
MOEX:POLY,2023-02-02T14:36:00+03:00,502.9,503.0,502.1,502.4,17714
MOEX:POLY,2023-02-02T14:37:00+03:00,502.4,502.7,502.3,502.6,1454
MOEX:POLY,2023-02-02T14:38:00+03:00,502.6,503.4,502.6,503.4,7983
MOEX:POLY,2023-02-02T14:39:00+03:00,503.4,503.9,503.2,503.9,29488
MOEX:POLY,2023-02-02T14:40:00+03:00,503.8,504.7,503.3,504.1,38858
MOEX:POLY,2023-02-02T14:41:00+03:00,504.1,504.2,502.6,503.0,11570
MOEX:POLY,2023-02-02T14:42:00+03:00,503.0,503.5,502.9,503.3,1916
MOEX:POLY,2023-02-02T14:43:00+03:00,503.5,503.5,503.3,503.5,4101
MOEX:POLY,2023-02-02T14:44:00+03:00,503.5,503.7,503.4,503.7,1185
MOEX:POLY,2023-02-02T14:45:00+03:00,503.7,504.0,503.6,504.0,1810
MOEX:POLY,2023-02-02T14:46:00+03:00,504.1,504.6,504.1,504.6,10402
MOEX:POLY,2023-02-02T14:47:00+03:00,504.5,504.6,504.0,504.1,6124
MOEX:POLY,2023-02-02T14:48:00+03:00,504.2,504.5,504.0,504.5,2750
MOEX:POLY,2023-02-02T14:49:00+03:00,504.5,504.5,503.7,504.0,6828
MOEX:POLY,2023-02-02T14:50:00+03:00,504.1,504.2,503.2,503.8,5355
MOEX:POLY,2023-02-02T14:51:00+03:00,503.8,503.8,503.1,503.1,3488
MOEX:POLY,2023-02-02T14:52:00+03:00,503.2,503.3,502.5,502.6,11345
MOEX:POLY,2023-02-02T14:53:00+03:00,502.5,503.3,502.5,502.9,5543
MOEX:POLY,2023-02-02T14:54:00+03:00,502.8,503.1,502.7,502.7,3405
MOEX:POLY,2023-02-02T14:55:00+03:00,502.7,502.8,502.1,502.6,3707
MOEX:POLY,2023-02-02T14:56:00+03:00,502.6,502.7,502.5,502.7,611
MOEX:POLY,2023-02-02T14:57:00+03:00,502.7,503.1,502.6,503.0,4706
MOEX:POLY,2023-02-02T14:58:00+03:00,503.0,503.6,503.0,503.6,2702
MOEX:POLY,2023-02-02T14:59:00+03:00,503.6,503.6,503.0,503.0,1349
MOEX:POLY,2023-02-02T15:00:00+03:00,503.0,503.1,503.0,503.0,2608
MOEX:POLY,2023-02-02T15:01:00+03:00,503.1,503.5,502.9,503.2,1895
MOEX:POLY,2023-02-02T15:02:00+03:00,503.4,503.7,503.2,503.6,4841
MOEX:POLY,2023-02-02T15:03:00+03:00,503.5,503.7,503.5,503.6,839
MOEX:POLY,2023-02-02T15:04:00+03:00,503.6,504.0,503.4,504.0,5643
MOEX:POLY,2023-02-02T15:05:00+03:00,503.6,504.0,503.6,503.9,1947
MOEX:POLY,2023-02-02T15:06:00+03:00,503.9,504.5,503.9,504.3,13783
MOEX:POLY,2023-02-02T15:07:00+03:00,504.3,504.6,504.2,504.6,6260
MOEX:POLY,2023-02-02T15:08:00+03:00,504.5,504.8,504.3,504.6,15612
MOEX:POLY,2023-02-02T15:09:00+03:00,504.5,504.5,504.0,504.5,5085
MOEX:POLY,2023-02-02T15:10:00+03:00,504.5,505.9,504.4,505.5,80703
MOEX:POLY,2023-02-02T15:11:00+03:00,505.3,506.0,504.7,505.4,18928
MOEX:POLY,2023-02-02T15:12:00+03:00,505.4,505.7,505.1,505.2,9092
MOEX:POLY,2023-02-02T15:13:00+03:00,505.2,505.2,504.3,504.8,13046
MOEX:POLY,2023-02-02T15:14:00+03:00,504.8,505.5,504.7,505.0,8050
MOEX:POLY,2023-02-02T15:15:00+03:00,505.0,505.7,505.0,505.5,10631
MOEX:POLY,2023-02-02T15:16:00+03:00,505.4,505.5,505.2,505.5,2499
MOEX:POLY,2023-02-02T15:17:00+03:00,505.5,505.8,505.3,505.7,6694
MOEX:POLY,2023-02-02T15:18:00+03:00,505.7,506.7,505.6,506.6,21837
MOEX:POLY,2023-02-02T15:19:00+03:00,506.3,506.3,506.0,506.1,1501
MOEX:POLY,2023-02-02T15:20:00+03:00,506.1,506.3,506.0,506.1,6057
MOEX:POLY,2023-02-02T15:21:00+03:00,506.0,506.0,505.6,505.7,4317
MOEX:POLY,2023-02-02T15:22:00+03:00,505.7,505.8,505.5,505.7,2947
MOEX:POLY,2023-02-02T15:23:00+03:00,505.7,506.6,505.6,506.6,8742
MOEX:POLY,2023-02-02T15:24:00+03:00,506.6,506.8,506.5,506.8,4481
MOEX:POLY,2023-02-02T15:25:00+03:00,506.8,508.0,506.7,508.0,35885
MOEX:POLY,2023-02-02T15:26:00+03:00,507.9,508.2,507.4,507.7,22476
MOEX:POLY,2023-02-02T15:27:00+03:00,507.8,508.2,507.7,508.1,13646
MOEX:POLY,2023-02-02T15:28:00+03:00,508.2,508.5,507.8,508.3,14204
MOEX:POLY,2023-02-02T15:29:00+03:00,508.3,508.3,507.2,507.5,10962
MOEX:POLY,2023-02-02T15:30:00+03:00,507.4,508.0,507.3,508.0,4701
MOEX:POLY,2023-02-02T15:31:00+03:00,508.0,508.0,507.8,507.8,4077
MOEX:POLY,2023-02-02T15:32:00+03:00,507.8,508.0,507.8,507.8,11570
MOEX:POLY,2023-02-02T15:33:00+03:00,507.9,507.9,507.1,507.1,9880
MOEX:POLY,2023-02-02T15:34:00+03:00,507.1,507.2,506.0,506.9,18056
MOEX:POLY,2023-02-02T15:35:00+03:00,506.6,507.7,506.4,507.7,5636
MOEX:POLY,2023-02-02T15:36:00+03:00,507.6,507.8,507.4,507.6,3880
MOEX:POLY,2023-02-02T15:37:00+03:00,507.5,507.7,507.5,507.7,2575
MOEX:POLY,2023-02-02T15:38:00+03:00,507.7,507.8,507.6,507.7,2905
MOEX:POLY,2023-02-02T15:39:00+03:00,507.7,507.7,507.3,507.4,5430
MOEX:POLY,2023-02-02T15:40:00+03:00,507.4,507.5,507.3,507.4,5372
MOEX:POLY,2023-02-02T15:41:00+03:00,507.4,507.5,507.3,507.3,824
MOEX:POLY,2023-02-02T15:42:00+03:00,507.4,507.4,506.3,506.4,6892
MOEX:POLY,2023-02-02T15:43:00+03:00,506.4,506.9,505.5,506.9,13183
MOEX:POLY,2023-02-02T15:44:00+03:00,506.9,507.2,506.8,507.1,6283
MOEX:POLY,2023-02-02T15:45:00+03:00,507.1,507.1,506.4,506.6,5222
MOEX:POLY,2023-02-02T15:46:00+03:00,506.7,506.7,506.2,506.2,1817
MOEX:POLY,2023-02-02T15:47:00+03:00,506.2,506.3,505.1,505.3,8297
MOEX:POLY,2023-02-02T15:48:00+03:00,505.3,506.0,505.1,505.9,11785
MOEX:POLY,2023-02-02T15:49:00+03:00,505.9,506.0,505.5,506.0,3340
MOEX:POLY,2023-02-02T15:50:00+03:00,505.9,506.3,505.9,506.3,6843
MOEX:POLY,2023-02-02T15:51:00+03:00,506.3,506.9,506.3,506.9,2436
MOEX:POLY,2023-02-02T15:52:00+03:00,506.7,507.5,506.7,507.3,6271
MOEX:POLY,2023-02-02T15:53:00+03:00,507.3,507.5,506.9,507.3,4094
MOEX:POLY,2023-02-02T15:54:00+03:00,507.1,507.4,507.0,507.3,555
MOEX:POLY,2023-02-02T15:55:00+03:00,507.3,507.9,507.2,507.8,6246
MOEX:POLY,2023-02-02T15:56:00+03:00,507.8,508.2,507.7,508.2,10264
MOEX:POLY,2023-02-02T15:57:00+03:00,508.1,508.6,508.1,508.5,11137
MOEX:POLY,2023-02-02T15:58:00+03:00,508.6,509.3,508.5,509.2,26600
MOEX:POLY,2023-02-02T15:59:00+03:00,509.2,509.7,509.1,509.4,15128
MOEX:POLY,2023-02-02T16:00:00+03:00,509.5,510.0,509.1,510.0,29478
MOEX:POLY,2023-02-02T16:01:00+03:00,510.0,511.0,509.7,510.6,28168
MOEX:POLY,2023-02-02T16:02:00+03:00,510.9,511.1,510.8,511.1,10478
MOEX:POLY,2023-02-02T16:03:00+03:00,511.0,511.7,510.9,511.3,14120
MOEX:POLY,2023-02-02T16:04:00+03:00,511.3,511.4,511.1,511.1,9348
MOEX:POLY,2023-02-02T16:05:00+03:00,511.1,511.2,509.8,509.9,22229
MOEX:POLY,2023-02-02T16:06:00+03:00,509.9,510.0,509.6,510.0,10288
MOEX:POLY,2023-02-02T16:07:00+03:00,510.0,510.9,509.8,510.3,16381
MOEX:POLY,2023-02-02T16:08:00+03:00,510.4,511.0,510.0,510.2,12570
MOEX:POLY,2023-02-02T16:09:00+03:00,510.2,510.2,508.2,508.7,23119
MOEX:POLY,2023-02-02T16:10:00+03:00,508.4,509.0,508.2,508.6,16208
MOEX:POLY,2023-02-02T16:11:00+03:00,508.6,510.8,508.0,510.2,25247
MOEX:POLY,2023-02-02T16:12:00+03:00,510.1,510.5,509.3,510.0,6195
MOEX:POLY,2023-02-02T16:13:00+03:00,510.0,511.2,509.7,511.1,20167
MOEX:POLY,2023-02-02T16:14:00+03:00,511.1,512.7,510.8,512.6,30385
MOEX:POLY,2023-02-02T16:15:00+03:00,512.5,513.8,512.4,513.5,23930
MOEX:POLY,2023-02-02T16:16:00+03:00,513.5,514.8,513.5,514.1,20272
MOEX:POLY,2023-02-02T16:17:00+03:00,514.1,514.5,514.0,514.0,16175
MOEX:POLY,2023-02-02T16:18:00+03:00,514.0,514.1,513.2,513.8,8426
MOEX:POLY,2023-02-02T16:19:00+03:00,513.7,513.8,513.0,513.2,9002
MOEX:POLY,2023-02-02T16:20:00+03:00,513.2,513.4,513.0,513.1,7493
MOEX:POLY,2023-02-02T16:21:00+03:00,513.0,513.0,512.6,512.7,10201
MOEX:POLY,2023-02-02T16:22:00+03:00,512.8,513.8,512.4,513.5,16011
MOEX:POLY,2023-02-02T16:23:00+03:00,513.4,513.7,513.1,513.6,8189
MOEX:POLY,2023-02-02T16:24:00+03:00,513.7,514.5,513.6,514.4,17621
MOEX:POLY,2023-02-02T16:25:00+03:00,514.4,515.0,514.0,515.0,18710
MOEX:POLY,2023-02-02T16:26:00+03:00,515.0,516.7,514.6,516.7,54356
MOEX:POLY,2023-02-02T16:27:00+03:00,516.6,516.7,515.3,515.6,20936
MOEX:POLY,2023-02-02T16:28:00+03:00,515.7,515.7,514.7,515.3,18797
MOEX:POLY,2023-02-02T16:29:00+03:00,515.2,515.5,514.7,514.8,10504
MOEX:POLY,2023-02-02T16:30:00+03:00,514.8,515.2,514.0,514.9,15944
MOEX:POLY,2023-02-02T16:31:00+03:00,514.9,515.1,514.4,514.9,7661
MOEX:POLY,2023-02-02T16:32:00+03:00,514.9,515.8,514.7,515.3,14779
MOEX:POLY,2023-02-02T16:33:00+03:00,515.3,516.0,515.0,515.9,16858
MOEX:POLY,2023-02-02T16:34:00+03:00,515.9,516.0,515.5,515.8,13726
MOEX:POLY,2023-02-02T16:35:00+03:00,515.6,517.8,515.6,517.4,66698
MOEX:POLY,2023-02-02T16:36:00+03:00,517.4,519.0,517.4,518.1,48046
MOEX:POLY,2023-02-02T16:37:00+03:00,518.1,518.3,517.5,518.1,24485
MOEX:POLY,2023-02-02T16:38:00+03:00,518.1,518.9,518.0,518.2,21538
MOEX:POLY,2023-02-02T16:39:00+03:00,518.5,519.4,518.2,519.1,22359
MOEX:POLY,2023-02-02T16:40:00+03:00,519.3,519.5,518.7,519.5,32629
MOEX:POLY,2023-02-02T16:41:00+03:00,519.4,520.2,517.7,518.3,109944
MOEX:POLY,2023-02-02T16:42:00+03:00,518.5,518.7,517.2,517.5,23766
MOEX:POLY,2023-02-02T16:43:00+03:00,517.5,517.5,516.2,516.6,35884
MOEX:POLY,2023-02-02T16:44:00+03:00,516.7,517.8,516.6,516.6,32651
MOEX:POLY,2023-02-02T16:45:00+03:00,516.7,517.5,516.5,517.2,23517
MOEX:POLY,2023-02-02T16:46:00+03:00,517.2,517.5,516.7,517.4,16047
MOEX:POLY,2023-02-02T16:47:00+03:00,517.4,517.5,516.7,517.4,8325
MOEX:POLY,2023-02-02T16:48:00+03:00,517.3,518.0,517.1,517.5,17434
MOEX:POLY,2023-02-02T16:49:00+03:00,517.6,517.7,517.2,517.5,5441
MOEX:POLY,2023-02-02T16:50:00+03:00,517.6,517.8,517.1,517.1,9573
MOEX:POLY,2023-02-02T16:51:00+03:00,517.1,517.2,516.7,516.9,9724
MOEX:POLY,2023-02-02T16:52:00+03:00,516.8,517.0,515.4,515.4,28118
MOEX:POLY,2023-02-02T16:53:00+03:00,515.4,516.0,515.4,515.8,16134
MOEX:POLY,2023-02-02T16:54:00+03:00,515.8,515.8,515.2,515.5,13622
MOEX:POLY,2023-02-02T16:55:00+03:00,515.5,517.4,515.3,516.8,14218
MOEX:POLY,2023-02-02T16:56:00+03:00,516.8,516.9,515.7,515.8,3832
MOEX:POLY,2023-02-02T16:57:00+03:00,515.8,516.0,515.6,515.9,4685
MOEX:POLY,2023-02-02T16:58:00+03:00,515.9,516.0,515.3,515.7,12614
MOEX:POLY,2023-02-02T16:59:00+03:00,515.8,516.0,515.4,515.4,6493
MOEX:POLY,2023-02-02T17:00:00+03:00,515.5,515.7,515.4,515.6,3810
MOEX:POLY,2023-02-02T17:01:00+03:00,515.6,516.3,515.5,516.0,10484
MOEX:POLY,2023-02-02T17:02:00+03:00,516.1,516.4,516.0,516.4,6522
MOEX:POLY,2023-02-02T17:03:00+03:00,516.4,517.1,516.3,516.7,10062
MOEX:POLY,2023-02-02T17:04:00+03:00,516.7,519.0,516.6,517.6,22737
MOEX:POLY,2023-02-02T17:05:00+03:00,517.9,518.2,517.4,517.6,7040
MOEX:POLY,2023-02-02T17:06:00+03:00,517.4,517.9,517.4,517.5,5107
MOEX:POLY,2023-02-02T17:07:00+03:00,517.6,518.7,517.5,518.3,14994
MOEX:POLY,2023-02-02T17:08:00+03:00,518.6,519.0,518.4,518.9,8713
MOEX:POLY,2023-02-02T17:09:00+03:00,519.0,519.2,518.7,518.8,14916
MOEX:POLY,2023-02-02T17:10:00+03:00,518.7,518.9,518.0,518.2,6762
MOEX:POLY,2023-02-02T17:11:00+03:00,518.1,519.8,518.0,519.6,18995
MOEX:POLY,2023-02-02T17:12:00+03:00,519.7,523.0,519.3,521.8,77967
MOEX:POLY,2023-02-02T17:13:00+03:00,521.9,524.2,521.8,524.0,78036
MOEX:POLY,2023-02-02T17:14:00+03:00,524.0,524.4,522.0,522.8,29912
MOEX:POLY,2023-02-02T17:15:00+03:00,522.8,524.0,522.3,522.8,28028
MOEX:POLY,2023-02-02T17:16:00+03:00,523.0,523.0,521.6,522.3,25220
MOEX:POLY,2023-02-02T17:17:00+03:00,522.5,522.5,521.1,521.6,14849
MOEX:POLY,2023-02-02T17:18:00+03:00,521.6,521.7,520.1,520.9,33120
MOEX:POLY,2023-02-02T17:19:00+03:00,520.8,521.9,520.8,521.9,7349
MOEX:POLY,2023-02-02T17:20:00+03:00,521.9,522.5,521.8,521.8,15410
MOEX:POLY,2023-02-02T17:21:00+03:00,521.8,521.9,521.0,521.2,12353
MOEX:POLY,2023-02-02T17:22:00+03:00,521.1,521.5,520.6,520.6,16099
MOEX:POLY,2023-02-02T17:23:00+03:00,520.6,521.8,520.5,521.5,6829
MOEX:POLY,2023-02-02T17:24:00+03:00,521.5,521.9,520.9,521.0,6617
MOEX:POLY,2023-02-02T17:25:00+03:00,520.9,521.5,520.9,521.5,3428
MOEX:POLY,2023-02-02T17:26:00+03:00,521.6,521.9,521.1,521.4,10385
MOEX:POLY,2023-02-02T17:27:00+03:00,521.4,521.8,521.4,521.4,2631
MOEX:POLY,2023-02-02T17:28:00+03:00,521.6,521.8,521.5,521.7,3984
MOEX:POLY,2023-02-02T17:29:00+03:00,521.8,522.8,521.6,522.6,27878
MOEX:POLY,2023-02-02T17:30:00+03:00,522.6,523.4,522.6,522.8,12772
MOEX:POLY,2023-02-02T17:31:00+03:00,522.7,523.8,522.5,523.7,13770
MOEX:POLY,2023-02-02T17:32:00+03:00,523.7,524.0,523.3,523.8,14268
MOEX:POLY,2023-02-02T17:33:00+03:00,523.8,523.8,522.1,522.1,17710
MOEX:POLY,2023-02-02T17:34:00+03:00,522.4,522.7,521.2,521.3,18140
MOEX:POLY,2023-02-02T17:35:00+03:00,521.6,521.7,521.1,521.1,8498
MOEX:POLY,2023-02-02T17:36:00+03:00,521.2,522.7,521.1,522.5,8289
MOEX:POLY,2023-02-02T17:37:00+03:00,522.4,522.5,520.8,521.0,24618
MOEX:POLY,2023-02-02T17:38:00+03:00,521.0,522.0,520.7,521.5,5480
MOEX:POLY,2023-02-02T17:39:00+03:00,521.6,521.7,520.6,521.5,10084
MOEX:POLY,2023-02-02T17:40:00+03:00,521.2,522.0,521.2,522.0,8448
MOEX:POLY,2023-02-02T17:41:00+03:00,522.0,522.4,521.7,521.8,7473
MOEX:POLY,2023-02-02T17:42:00+03:00,521.8,522.0,521.6,521.6,5635
MOEX:POLY,2023-02-02T17:43:00+03:00,521.9,522.1,521.7,522.0,7477
MOEX:POLY,2023-02-02T17:44:00+03:00,522.0,522.1,521.4,521.4,11000
MOEX:POLY,2023-02-02T17:45:00+03:00,521.6,522.0,521.4,521.7,4434
MOEX:POLY,2023-02-02T17:46:00+03:00,521.7,521.9,521.3,521.4,6561
MOEX:POLY,2023-02-02T17:47:00+03:00,521.5,521.5,518.8,520.4,80408
MOEX:POLY,2023-02-02T17:48:00+03:00,520.3,520.3,518.3,518.7,31220
MOEX:POLY,2023-02-02T17:49:00+03:00,519.0,520.3,518.7,519.6,14104
MOEX:POLY,2023-02-02T17:50:00+03:00,519.8,519.8,518.6,518.9,12468
MOEX:POLY,2023-02-02T17:51:00+03:00,519.0,519.9,518.9,519.8,5654
MOEX:POLY,2023-02-02T17:52:00+03:00,519.8,519.8,517.1,518.0,47804
MOEX:POLY,2023-02-02T17:53:00+03:00,517.7,518.6,517.3,518.2,16452
MOEX:POLY,2023-02-02T17:54:00+03:00,518.5,518.9,517.3,517.4,16431
MOEX:POLY,2023-02-02T17:55:00+03:00,517.4,517.6,516.2,517.3,35352
MOEX:POLY,2023-02-02T17:56:00+03:00,517.2,517.6,516.5,516.5,10871
MOEX:POLY,2023-02-02T17:57:00+03:00,516.6,516.6,515.6,516.1,34401
MOEX:POLY,2023-02-02T17:58:00+03:00,516.1,517.3,516.0,516.7,13128
MOEX:POLY,2023-02-02T17:59:00+03:00,516.8,516.9,515.8,515.9,13203
MOEX:POLY,2023-02-02T18:00:00+03:00,515.9,516.5,514.2,514.2,57099
MOEX:POLY,2023-02-02T18:01:00+03:00,514.3,515.1,513.5,514.4,55856
MOEX:POLY,2023-02-02T18:02:00+03:00,514.8,515.6,514.7,515.3,12681
MOEX:POLY,2023-02-02T18:03:00+03:00,515.3,515.5,514.3,514.3,12718
MOEX:POLY,2023-02-02T18:04:00+03:00,514.4,515.8,514.4,514.6,27918
MOEX:POLY,2023-02-02T18:05:00+03:00,514.9,514.9,514.0,514.5,17246
MOEX:POLY,2023-02-02T18:06:00+03:00,514.5,515.9,514.3,515.6,23667
MOEX:POLY,2023-02-02T18:07:00+03:00,515.7,516.6,515.5,516.0,24044
MOEX:POLY,2023-02-02T18:08:00+03:00,516.1,516.8,515.7,516.8,14168
MOEX:POLY,2023-02-02T18:09:00+03:00,516.8,518.4,516.8,517.9,30822
MOEX:POLY,2023-02-02T18:10:00+03:00,517.8,518.3,516.8,516.9,22030
MOEX:POLY,2023-02-02T18:11:00+03:00,516.9,516.9,516.3,516.5,7228
MOEX:POLY,2023-02-02T18:12:00+03:00,516.5,518.0,516.5,516.9,12767
MOEX:POLY,2023-02-02T18:13:00+03:00,516.7,517.3,515.5,516.5,12805
MOEX:POLY,2023-02-02T18:14:00+03:00,516.5,516.5,515.6,516.3,9055
MOEX:POLY,2023-02-02T18:15:00+03:00,516.3,517.3,515.9,516.9,10503
MOEX:POLY,2023-02-02T18:16:00+03:00,516.9,517.0,516.3,516.9,3632
MOEX:POLY,2023-02-02T18:17:00+03:00,516.9,517.1,516.1,516.4,11639
MOEX:POLY,2023-02-02T18:18:00+03:00,516.5,517.1,516.0,517.0,19531
MOEX:POLY,2023-02-02T18:19:00+03:00,516.9,517.8,516.5,517.5,13174
MOEX:POLY,2023-02-02T18:20:00+03:00,517.6,518.9,517.5,518.5,13471
MOEX:POLY,2023-02-02T18:21:00+03:00,518.5,518.5,516.9,517.0,21621
MOEX:POLY,2023-02-02T18:22:00+03:00,517.0,517.0,516.9,517.0,7992
MOEX:POLY,2023-02-02T18:23:00+03:00,517.0,517.7,516.9,517.6,12289
MOEX:POLY,2023-02-02T18:24:00+03:00,517.7,517.7,516.6,517.5,6447
MOEX:POLY,2023-02-02T18:25:00+03:00,517.4,517.6,517.4,517.5,3047
MOEX:POLY,2023-02-02T18:26:00+03:00,517.5,517.5,517.2,517.4,2670
MOEX:POLY,2023-02-02T18:27:00+03:00,517.3,517.5,517.2,517.4,889
MOEX:POLY,2023-02-02T18:28:00+03:00,517.3,517.4,517.0,517.2,2640
MOEX:POLY,2023-02-02T18:29:00+03:00,517.2,517.2,516.7,517.0,5569
MOEX:POLY,2023-02-02T18:30:00+03:00,517.0,517.0,515.0,515.0,21769
MOEX:POLY,2023-02-02T18:31:00+03:00,515.6,515.9,515.0,515.4,8722
MOEX:POLY,2023-02-02T18:32:00+03:00,515.2,515.7,515.1,515.4,10561
MOEX:POLY,2023-02-02T18:33:00+03:00,515.6,516.0,515.5,515.7,1686
MOEX:POLY,2023-02-02T18:34:00+03:00,515.8,515.8,515.1,515.3,4722
MOEX:POLY,2023-02-02T18:35:00+03:00,515.3,515.6,515.2,515.4,4172
MOEX:POLY,2023-02-02T18:36:00+03:00,515.6,516.0,515.5,515.9,4628
MOEX:POLY,2023-02-02T18:37:00+03:00,515.8,517.5,515.7,516.7,16880
MOEX:POLY,2023-02-02T18:38:00+03:00,516.6,517.5,516.6,517.3,11320
MOEX:POLY,2023-02-02T18:39:00+03:00,517.3,518.1,517.2,518.0,14881
MOEX:POLY,2023-02-02T18:45:00+03:00,517.7,517.7,517.7,517.7,4103
MOEX:POLY,2023-02-02T18:46:00+03:00,517.7,517.7,517.7,517.7,2266
MOEX:POLY,2023-02-02T18:47:00+03:00,517.7,517.7,517.7,517.7,1194
MOEX:POLY,2023-02-02T18:48:00+03:00,517.7,517.7,517.7,517.7,1036
MOEX:POLY,2023-02-02T18:49:00+03:00,517.7,517.7,517.7,517.7,913
MOEX:POLY,2023-02-02T19:04:00+03:00,518.0,518.0,518.0,518.0,1745
MOEX:POLY,2023-02-02T19:05:00+03:00,518.1,518.5,518.0,518.3,1578
MOEX:POLY,2023-02-02T19:06:00+03:00,518.0,521.8,518.0,519.6,12983
MOEX:POLY,2023-02-02T19:07:00+03:00,519.6,520.7,519.6,520.4,10932
MOEX:POLY,2023-02-02T19:08:00+03:00,520.5,522.9,520.5,521.8,33473
MOEX:POLY,2023-02-02T19:09:00+03:00,521.9,522.0,521.0,521.3,9036
MOEX:POLY,2023-02-02T19:10:00+03:00,521.2,521.4,520.6,520.7,6619
MOEX:POLY,2023-02-02T19:11:00+03:00,520.8,520.8,519.7,519.9,11878
MOEX:POLY,2023-02-02T19:12:00+03:00,519.8,520.8,519.8,520.8,6091
MOEX:POLY,2023-02-02T19:13:00+03:00,520.6,520.7,519.3,519.3,6490
MOEX:POLY,2023-02-02T19:14:00+03:00,519.4,519.5,518.2,518.6,9580
MOEX:POLY,2023-02-02T19:15:00+03:00,518.3,518.6,518.3,518.3,3494
MOEX:POLY,2023-02-02T19:16:00+03:00,518.4,519.0,518.3,518.8,3444
MOEX:POLY,2023-02-02T19:17:00+03:00,518.8,519.3,518.8,519.1,1230
MOEX:POLY,2023-02-02T19:18:00+03:00,519.4,519.4,519.1,519.4,707
MOEX:POLY,2023-02-02T19:19:00+03:00,519.3,519.9,519.2,519.8,3485
MOEX:POLY,2023-02-02T19:20:00+03:00,519.8,520.1,519.7,520.1,4289
MOEX:POLY,2023-02-02T19:21:00+03:00,520.1,520.4,519.8,520.4,3114
MOEX:POLY,2023-02-02T19:22:00+03:00,520.5,520.6,520.4,520.4,2292
MOEX:POLY,2023-02-02T19:23:00+03:00,520.5,520.5,518.5,519.1,8764
MOEX:POLY,2023-02-02T19:24:00+03:00,519.0,519.0,518.0,518.1,5498
MOEX:POLY,2023-02-02T19:25:00+03:00,518.5,518.5,518.0,518.0,4221
MOEX:POLY,2023-02-02T19:26:00+03:00,518.1,518.2,517.4,517.4,10975
MOEX:POLY,2023-02-02T19:27:00+03:00,517.7,518.1,517.3,517.4,3675
MOEX:POLY,2023-02-02T19:28:00+03:00,517.4,517.5,516.5,516.7,10229
MOEX:POLY,2023-02-02T19:29:00+03:00,516.5,518.0,516.5,517.3,10013
MOEX:POLY,2023-02-02T19:30:00+03:00,517.4,518.0,517.3,517.3,1926
MOEX:POLY,2023-02-02T19:31:00+03:00,517.4,517.4,516.1,516.8,7625
MOEX:POLY,2023-02-02T19:32:00+03:00,516.8,517.2,516.7,517.0,3781
MOEX:POLY,2023-02-02T19:33:00+03:00,517.0,517.3,516.6,517.3,5279
MOEX:POLY,2023-02-02T19:34:00+03:00,517.3,517.3,516.7,517.0,1982
MOEX:POLY,2023-02-02T19:35:00+03:00,517.0,517.3,516.7,517.3,3527
MOEX:POLY,2023-02-02T19:36:00+03:00,517.3,517.3,516.8,517.1,3761
MOEX:POLY,2023-02-02T19:37:00+03:00,517.0,517.2,516.9,516.9,567
MOEX:POLY,2023-02-02T19:38:00+03:00,517.0,517.0,516.4,516.5,4505
MOEX:POLY,2023-02-02T19:39:00+03:00,516.7,516.9,516.5,516.8,2809
MOEX:POLY,2023-02-02T19:40:00+03:00,516.8,516.9,516.6,516.9,2947
MOEX:POLY,2023-02-02T19:41:00+03:00,516.9,517.4,516.8,517.2,4129
MOEX:POLY,2023-02-02T19:42:00+03:00,517.2,517.6,517.2,517.6,4675
MOEX:POLY,2023-02-02T19:43:00+03:00,517.5,517.8,517.5,517.8,1340
MOEX:POLY,2023-02-02T19:44:00+03:00,517.7,517.8,517.3,517.5,1597
MOEX:POLY,2023-02-02T19:45:00+03:00,517.4,517.5,517.0,517.2,6007
MOEX:POLY,2023-02-02T19:46:00+03:00,517.0,517.1,516.7,516.7,2518
MOEX:POLY,2023-02-02T19:47:00+03:00,516.8,516.8,516.3,516.6,1179
MOEX:POLY,2023-02-02T19:48:00+03:00,516.6,516.8,516.5,516.7,894
MOEX:POLY,2023-02-02T19:49:00+03:00,516.6,516.7,516.4,516.4,1039
MOEX:POLY,2023-02-02T19:50:00+03:00,516.6,516.6,516.0,516.0,8727
MOEX:POLY,2023-02-02T19:51:00+03:00,516.0,516.1,515.3,515.3,9903
MOEX:POLY,2023-02-02T19:52:00+03:00,515.3,515.3,514.1,514.8,48985
MOEX:POLY,2023-02-02T19:53:00+03:00,514.8,515.0,514.4,514.6,8911
MOEX:POLY,2023-02-02T19:54:00+03:00,514.6,514.6,514.2,514.2,8636
MOEX:POLY,2023-02-02T19:55:00+03:00,514.3,514.3,510.0,510.8,104423
MOEX:POLY,2023-02-02T19:56:00+03:00,510.9,512.5,510.0,512.5,31424
MOEX:POLY,2023-02-02T19:57:00+03:00,512.3,512.5,511.1,511.8,9955
MOEX:POLY,2023-02-02T19:58:00+03:00,511.8,512.0,511.1,511.8,8291
MOEX:POLY,2023-02-02T19:59:00+03:00,511.8,512.2,511.8,512.2,7093
MOEX:POLY,2023-02-02T20:00:00+03:00,512.2,512.7,512.1,512.7,7331
MOEX:POLY,2023-02-02T20:01:00+03:00,512.7,514.4,512.7,513.9,19457
MOEX:POLY,2023-02-02T20:02:00+03:00,513.8,514.2,513.0,513.8,11552
MOEX:POLY,2023-02-02T20:03:00+03:00,513.8,513.8,512.9,512.9,8648
MOEX:POLY,2023-02-02T20:04:00+03:00,513.0,513.8,512.9,513.8,4550
MOEX:POLY,2023-02-02T20:05:00+03:00,513.7,513.8,513.4,513.5,1745
MOEX:POLY,2023-02-02T20:06:00+03:00,513.5,513.9,513.4,513.4,3202
MOEX:POLY,2023-02-02T20:07:00+03:00,513.5,513.8,513.2,513.4,3670
MOEX:POLY,2023-02-02T20:08:00+03:00,513.5,513.7,513.1,513.5,1159
MOEX:POLY,2023-02-02T20:09:00+03:00,513.5,513.6,513.1,513.2,6738
MOEX:POLY,2023-02-02T20:10:00+03:00,513.2,513.3,512.0,512.0,16746
MOEX:POLY,2023-02-02T20:11:00+03:00,512.0,512.0,510.9,510.9,10597
MOEX:POLY,2023-02-02T20:12:00+03:00,511.0,511.4,510.2,510.8,9637
MOEX:POLY,2023-02-02T20:13:00+03:00,510.8,511.5,510.6,511.2,5453
MOEX:POLY,2023-02-02T20:14:00+03:00,511.1,512.0,511.0,511.9,9364
MOEX:POLY,2023-02-02T20:15:00+03:00,511.9,512.0,511.6,511.9,5571
MOEX:POLY,2023-02-02T20:16:00+03:00,512.0,512.0,511.3,511.6,6604
MOEX:POLY,2023-02-02T20:17:00+03:00,511.4,512.0,511.4,511.5,2105
MOEX:POLY,2023-02-02T20:18:00+03:00,511.5,511.9,511.5,511.9,3125
MOEX:POLY,2023-02-02T20:19:00+03:00,511.9,512.5,511.8,512.1,8147
MOEX:POLY,2023-02-02T20:20:00+03:00,512.3,512.3,511.4,511.8,5490
MOEX:POLY,2023-02-02T20:21:00+03:00,511.8,511.9,511.6,511.8,126
MOEX:POLY,2023-02-02T20:22:00+03:00,511.8,512.0,511.7,511.8,4819
MOEX:POLY,2023-02-02T20:23:00+03:00,512.0,512.1,511.8,512.0,1426
MOEX:POLY,2023-02-02T20:24:00+03:00,512.0,512.5,511.8,511.9,6236
MOEX:POLY,2023-02-02T20:25:00+03:00,511.9,511.9,511.0,511.5,8821
MOEX:POLY,2023-02-02T20:26:00+03:00,511.5,511.5,510.5,510.8,5766
MOEX:POLY,2023-02-02T20:27:00+03:00,510.7,511.0,510.5,510.8,6655
MOEX:POLY,2023-02-02T20:28:00+03:00,510.9,510.9,510.6,510.8,3831
MOEX:POLY,2023-02-02T20:29:00+03:00,510.9,510.9,510.4,510.6,7011
MOEX:POLY,2023-02-02T20:30:00+03:00,510.4,510.7,510.3,510.3,10204
MOEX:POLY,2023-02-02T20:31:00+03:00,510.4,510.4,508.8,509.0,43527
MOEX:POLY,2023-02-02T20:32:00+03:00,509.1,509.9,508.2,509.8,18712
MOEX:POLY,2023-02-02T20:33:00+03:00,509.9,510.4,509.3,509.7,4746
MOEX:POLY,2023-02-02T20:34:00+03:00,509.6,509.7,509.1,509.5,3322
MOEX:POLY,2023-02-02T20:35:00+03:00,509.6,510.2,509.4,509.6,8744
MOEX:POLY,2023-02-02T20:36:00+03:00,509.6,509.9,509.6,509.8,4380
MOEX:POLY,2023-02-02T20:37:00+03:00,509.7,510.6,509.7,510.6,7214
MOEX:POLY,2023-02-02T20:38:00+03:00,510.6,510.6,510.1,510.1,2163
MOEX:POLY,2023-02-02T20:39:00+03:00,510.2,511.9,509.9,511.8,10233
MOEX:POLY,2023-02-02T20:40:00+03:00,511.5,511.8,511.1,511.1,3004
MOEX:POLY,2023-02-02T20:41:00+03:00,511.1,511.4,511.0,511.2,1093
MOEX:POLY,2023-02-02T20:42:00+03:00,511.2,511.2,511.0,511.0,889
MOEX:POLY,2023-02-02T20:43:00+03:00,510.7,510.7,510.4,510.5,775
MOEX:POLY,2023-02-02T20:44:00+03:00,510.4,510.6,510.4,510.6,1861
MOEX:POLY,2023-02-02T20:45:00+03:00,510.5,511.0,510.5,511.0,1177
MOEX:POLY,2023-02-02T20:46:00+03:00,510.9,510.9,510.6,510.8,581
MOEX:POLY,2023-02-02T20:47:00+03:00,510.8,510.8,510.5,510.5,653
MOEX:POLY,2023-02-02T20:48:00+03:00,510.5,510.8,510.4,510.7,2805
MOEX:POLY,2023-02-02T20:49:00+03:00,510.5,510.6,510.4,510.6,527
MOEX:POLY,2023-02-02T20:50:00+03:00,510.6,510.6,510.2,510.5,916
MOEX:POLY,2023-02-02T20:51:00+03:00,510.5,510.5,509.1,509.3,13232
MOEX:POLY,2023-02-02T20:52:00+03:00,509.1,509.1,506.4,507.0,40067
MOEX:POLY,2023-02-02T20:53:00+03:00,507.0,508.0,506.4,507.5,21075
MOEX:POLY,2023-02-02T20:54:00+03:00,507.4,507.4,506.4,507.0,7516
MOEX:POLY,2023-02-02T20:55:00+03:00,507.0,507.1,506.2,506.8,13231
MOEX:POLY,2023-02-02T20:56:00+03:00,506.5,507.5,506.3,507.2,8499
MOEX:POLY,2023-02-02T20:57:00+03:00,507.2,508.0,507.1,507.6,3886
MOEX:POLY,2023-02-02T20:58:00+03:00,507.8,508.5,507.6,508.1,5610
MOEX:POLY,2023-02-02T20:59:00+03:00,508.2,508.2,507.3,507.7,8103
MOEX:POLY,2023-02-02T21:00:00+03:00,507.7,508.0,506.8,507.0,6378
MOEX:POLY,2023-02-02T21:01:00+03:00,506.8,507.2,506.7,506.8,2304
MOEX:POLY,2023-02-02T21:02:00+03:00,506.8,507.0,506.6,506.9,3074
MOEX:POLY,2023-02-02T21:03:00+03:00,506.8,507.2,506.8,507.2,6949
MOEX:POLY,2023-02-02T21:04:00+03:00,507.3,509.8,507.3,509.0,19736
MOEX:POLY,2023-02-02T21:05:00+03:00,509.0,509.4,507.8,508.0,8968
MOEX:POLY,2023-02-02T21:06:00+03:00,508.0,508.0,507.6,507.9,2467
MOEX:POLY,2023-02-02T21:07:00+03:00,507.8,507.9,507.7,507.8,1031
MOEX:POLY,2023-02-02T21:08:00+03:00,507.9,507.9,507.8,507.9,1156
MOEX:POLY,2023-02-02T21:09:00+03:00,507.9,508.0,507.5,507.9,1043
MOEX:POLY,2023-02-02T21:10:00+03:00,507.9,508.0,507.8,507.8,931
MOEX:POLY,2023-02-02T21:11:00+03:00,507.9,508.2,507.9,508.2,1819
MOEX:POLY,2023-02-02T21:12:00+03:00,508.2,511.0,508.2,510.8,20836
MOEX:POLY,2023-02-02T21:13:00+03:00,510.8,512.8,510.8,511.0,17118
MOEX:POLY,2023-02-02T21:14:00+03:00,511.2,511.4,510.3,510.5,5943
MOEX:POLY,2023-02-02T21:15:00+03:00,510.6,511.1,510.0,510.9,4473
MOEX:POLY,2023-02-02T21:16:00+03:00,510.8,510.9,510.6,510.6,6477
MOEX:POLY,2023-02-02T21:17:00+03:00,510.7,510.7,510.4,510.7,3209
MOEX:POLY,2023-02-02T21:18:00+03:00,510.7,511.4,510.7,511.4,6909
MOEX:POLY,2023-02-02T21:19:00+03:00,511.3,512.4,511.3,512.3,9146
MOEX:POLY,2023-02-02T21:20:00+03:00,512.3,512.8,512.1,512.7,8059
MOEX:POLY,2023-02-02T21:21:00+03:00,512.6,512.8,512.2,512.8,7963
MOEX:POLY,2023-02-02T21:22:00+03:00,512.8,514.5,512.7,514.5,10574
MOEX:POLY,2023-02-02T21:23:00+03:00,514.3,515.0,513.8,514.8,25168
MOEX:POLY,2023-02-02T21:24:00+03:00,514.8,515.0,514.3,514.5,23043
MOEX:POLY,2023-02-02T21:25:00+03:00,514.3,514.3,513.9,514.0,17340
MOEX:POLY,2023-02-02T21:26:00+03:00,514.0,514.0,512.9,513.2,4374
MOEX:POLY,2023-02-02T21:27:00+03:00,513.2,513.3,513.0,513.0,5433
MOEX:POLY,2023-02-02T21:28:00+03:00,513.0,513.1,512.5,512.8,5904
MOEX:POLY,2023-02-02T21:29:00+03:00,512.8,514.0,512.8,513.7,8420
MOEX:POLY,2023-02-02T21:30:00+03:00,513.6,513.6,512.8,513.4,2526
MOEX:POLY,2023-02-02T21:31:00+03:00,513.3,513.5,513.0,513.5,4949
MOEX:POLY,2023-02-02T21:32:00+03:00,513.5,513.5,513.2,513.4,2174
MOEX:POLY,2023-02-02T21:33:00+03:00,513.2,513.5,513.0,513.3,6338
MOEX:POLY,2023-02-02T21:34:00+03:00,513.4,513.4,513.1,513.1,772
MOEX:POLY,2023-02-02T21:35:00+03:00,513.2,513.4,513.0,513.0,1956
MOEX:POLY,2023-02-02T21:36:00+03:00,513.1,513.2,512.3,512.6,5359
MOEX:POLY,2023-02-02T21:37:00+03:00,512.6,512.6,510.0,510.0,39889
MOEX:POLY,2023-02-02T21:38:00+03:00,510.3,510.5,509.0,509.8,19513
MOEX:POLY,2023-02-02T21:39:00+03:00,509.8,510.0,508.2,509.9,29406
MOEX:POLY,2023-02-02T21:40:00+03:00,509.8,510.3,509.8,510.3,2875
MOEX:POLY,2023-02-02T21:41:00+03:00,510.3,511.1,510.1,510.8,5038
MOEX:POLY,2023-02-02T21:42:00+03:00,510.8,511.7,510.7,511.7,5193
MOEX:POLY,2023-02-02T21:43:00+03:00,511.8,512.5,511.5,511.8,4125
MOEX:POLY,2023-02-02T21:44:00+03:00,511.8,512.0,511.7,511.8,2493
MOEX:POLY,2023-02-02T21:45:00+03:00,511.8,511.9,510.8,511.0,5790
MOEX:POLY,2023-02-02T21:46:00+03:00,511.1,511.1,510.8,511.0,2900
MOEX:POLY,2023-02-02T21:47:00+03:00,510.9,511.0,510.9,511.0,662
MOEX:POLY,2023-02-02T21:48:00+03:00,511.0,511.0,510.7,510.7,1024
MOEX:POLY,2023-02-02T21:49:00+03:00,511.0,511.0,510.5,510.8,417
MOEX:POLY,2023-02-02T21:50:00+03:00,510.8,510.9,510.8,510.8,271
MOEX:POLY,2023-02-02T21:51:00+03:00,510.8,511.1,510.8,511.1,2493
MOEX:POLY,2023-02-02T21:52:00+03:00,511.1,511.6,511.0,511.6,1605
MOEX:POLY,2023-02-02T21:53:00+03:00,511.6,512.0,511.6,511.7,1537
MOEX:POLY,2023-02-02T21:54:00+03:00,511.8,511.9,511.6,511.7,1341
MOEX:POLY,2023-02-02T21:55:00+03:00,511.7,512.0,511.6,512.0,3436
MOEX:POLY,2023-02-02T21:56:00+03:00,511.9,512.4,511.9,512.0,3885
MOEX:POLY,2023-02-02T21:57:00+03:00,512.0,512.3,511.9,512.1,1450
MOEX:POLY,2023-02-02T21:58:00+03:00,512.0,512.2,512.0,512.0,474
MOEX:POLY,2023-02-02T21:59:00+03:00,512.1,512.6,512.0,512.4,3411
MOEX:POLY,2023-02-02T22:00:00+03:00,512.5,512.5,512.2,512.4,804
MOEX:POLY,2023-02-02T22:01:00+03:00,512.5,512.6,512.1,512.4,6000
MOEX:POLY,2023-02-02T22:02:00+03:00,512.5,512.7,512.4,512.7,1946
MOEX:POLY,2023-02-02T22:03:00+03:00,512.7,512.8,512.0,512.8,3007
MOEX:POLY,2023-02-02T22:04:00+03:00,512.8,512.9,512.7,512.9,2173
MOEX:POLY,2023-02-02T22:05:00+03:00,512.9,513.2,512.7,512.9,3698
MOEX:POLY,2023-02-02T22:06:00+03:00,512.9,513.3,512.8,513.3,2342
MOEX:POLY,2023-02-02T22:07:00+03:00,513.3,514.2,513.3,514.1,9295
MOEX:POLY,2023-02-02T22:08:00+03:00,514.1,514.3,514.0,514.0,3499
MOEX:POLY,2023-02-02T22:09:00+03:00,514.2,514.4,514.0,514.2,6397
MOEX:POLY,2023-02-02T22:10:00+03:00,514.2,514.2,513.2,513.7,8577
MOEX:POLY,2023-02-02T22:11:00+03:00,513.7,513.9,512.9,513.1,8101
MOEX:POLY,2023-02-02T22:12:00+03:00,513.1,513.4,512.5,512.5,4303
MOEX:POLY,2023-02-02T22:13:00+03:00,512.7,512.7,512.0,512.3,4860
MOEX:POLY,2023-02-02T22:14:00+03:00,512.3,512.3,511.6,512.0,3678
MOEX:POLY,2023-02-02T22:15:00+03:00,512.0,512.6,512.0,512.3,3234
MOEX:POLY,2023-02-02T22:16:00+03:00,512.3,512.7,512.1,512.5,1562
MOEX:POLY,2023-02-02T22:17:00+03:00,512.5,512.7,512.0,512.2,2522
MOEX:POLY,2023-02-02T22:18:00+03:00,512.2,512.8,512.2,512.5,2110
MOEX:POLY,2023-02-02T22:19:00+03:00,512.7,512.8,512.2,512.2,4763
MOEX:POLY,2023-02-02T22:20:00+03:00,512.4,512.9,512.2,512.2,2933
MOEX:POLY,2023-02-02T22:21:00+03:00,512.5,512.8,512.2,512.5,597
MOEX:POLY,2023-02-02T22:22:00+03:00,512.2,512.6,512.1,512.6,1651
MOEX:POLY,2023-02-02T22:23:00+03:00,512.1,512.2,511.1,511.7,6990
MOEX:POLY,2023-02-02T22:24:00+03:00,511.5,511.6,510.8,511.2,7435
MOEX:POLY,2023-02-02T22:25:00+03:00,511.2,511.2,511.0,511.1,1891
MOEX:POLY,2023-02-02T22:26:00+03:00,511.0,511.6,511.0,511.4,1064
MOEX:POLY,2023-02-02T22:27:00+03:00,511.4,511.4,511.0,511.0,1529
MOEX:POLY,2023-02-02T22:28:00+03:00,511.0,511.3,510.9,511.0,3132
MOEX:POLY,2023-02-02T22:29:00+03:00,511.0,511.0,510.0,510.0,17628
MOEX:POLY,2023-02-02T22:30:00+03:00,510.2,510.4,509.8,510.1,1716
MOEX:POLY,2023-02-02T22:31:00+03:00,510.0,510.7,510.0,510.7,3112
MOEX:POLY,2023-02-02T22:32:00+03:00,510.7,511.5,510.7,511.2,4073
MOEX:POLY,2023-02-02T22:33:00+03:00,511.2,511.5,511.0,511.3,2292
MOEX:POLY,2023-02-02T22:34:00+03:00,511.2,511.3,510.6,511.3,1658
MOEX:POLY,2023-02-02T22:35:00+03:00,511.1,511.2,511.0,511.1,1866
MOEX:POLY,2023-02-02T22:36:00+03:00,511.0,511.2,510.8,511.0,1357
MOEX:POLY,2023-02-02T22:37:00+03:00,511.0,511.0,510.6,510.9,684
MOEX:POLY,2023-02-02T22:38:00+03:00,510.9,510.9,510.5,510.7,2385
MOEX:POLY,2023-02-02T22:39:00+03:00,510.6,511.0,510.5,510.6,2327
MOEX:POLY,2023-02-02T22:40:00+03:00,510.6,511.4,510.5,511.2,4929
MOEX:POLY,2023-02-02T22:41:00+03:00,511.1,511.3,510.7,511.3,905
MOEX:POLY,2023-02-02T22:42:00+03:00,511.3,511.3,511.2,511.2,394
MOEX:POLY,2023-02-02T22:43:00+03:00,511.1,511.2,511.0,511.0,1931
MOEX:POLY,2023-02-02T22:44:00+03:00,511.0,511.2,510.9,511.2,415
MOEX:POLY,2023-02-02T22:45:00+03:00,511.2,511.2,510.7,510.8,1237
MOEX:POLY,2023-02-02T22:46:00+03:00,510.7,510.8,510.6,510.8,909
MOEX:POLY,2023-02-02T22:47:00+03:00,510.8,510.8,510.7,510.7,1527
MOEX:POLY,2023-02-02T22:48:00+03:00,510.6,510.9,510.5,510.7,3711
MOEX:POLY,2023-02-02T22:49:00+03:00,511.0,511.0,510.6,510.8,348
MOEX:POLY,2023-02-02T22:50:00+03:00,510.8,510.8,510.5,510.8,1164
MOEX:POLY,2023-02-02T22:51:00+03:00,510.8,511.2,510.7,510.8,1460
MOEX:POLY,2023-02-02T22:52:00+03:00,511.2,511.2,510.7,510.7,1290
MOEX:POLY,2023-02-02T22:53:00+03:00,511.1,511.2,510.6,510.7,1616
MOEX:POLY,2023-02-02T22:54:00+03:00,510.7,511.2,510.6,510.8,463
MOEX:POLY,2023-02-02T22:55:00+03:00,511.1,511.2,510.5,511.0,1812
MOEX:POLY,2023-02-02T22:56:00+03:00,511.0,511.1,510.5,510.9,465
MOEX:POLY,2023-02-02T22:57:00+03:00,510.9,510.9,510.5,510.8,501
MOEX:POLY,2023-02-02T22:58:00+03:00,510.6,510.9,510.5,510.5,924
MOEX:POLY,2023-02-02T22:59:00+03:00,510.5,511.0,510.0,510.2,3484
MOEX:POLY,2023-02-02T23:00:00+03:00,510.2,510.3,510.0,510.0,2474
MOEX:POLY,2023-02-02T23:01:00+03:00,510.3,510.5,510.0,510.5,1183
MOEX:POLY,2023-02-02T23:02:00+03:00,510.5,510.9,510.4,510.9,1423
MOEX:POLY,2023-02-02T23:03:00+03:00,510.7,511.0,510.1,511.0,4353
MOEX:POLY,2023-02-02T23:04:00+03:00,511.0,511.0,510.8,511.0,387
MOEX:POLY,2023-02-02T23:05:00+03:00,511.0,511.3,511.0,511.3,3252
MOEX:POLY,2023-02-02T23:06:00+03:00,511.1,511.5,511.1,511.4,1875
MOEX:POLY,2023-02-02T23:07:00+03:00,511.3,511.7,511.2,511.6,2508
MOEX:POLY,2023-02-02T23:08:00+03:00,511.7,512.0,511.3,511.4,8833
MOEX:POLY,2023-02-02T23:09:00+03:00,511.3,511.8,511.3,511.7,1097
MOEX:POLY,2023-02-02T23:10:00+03:00,511.6,511.7,511.3,511.7,242
MOEX:POLY,2023-02-02T23:11:00+03:00,511.7,511.7,511.5,511.7,1964
MOEX:POLY,2023-02-02T23:12:00+03:00,511.7,512.6,511.6,512.3,5124
MOEX:POLY,2023-02-02T23:13:00+03:00,512.0,512.6,512.0,512.5,921
MOEX:POLY,2023-02-02T23:14:00+03:00,512.5,512.6,512.2,512.5,543
MOEX:POLY,2023-02-02T23:15:00+03:00,512.4,512.5,512.2,512.3,784
MOEX:POLY,2023-02-02T23:16:00+03:00,512.3,512.6,512.2,512.5,5052
MOEX:POLY,2023-02-02T23:17:00+03:00,512.6,512.6,512.5,512.6,1668
MOEX:POLY,2023-02-02T23:18:00+03:00,512.5,512.6,512.3,512.3,1178
MOEX:POLY,2023-02-02T23:19:00+03:00,512.4,512.4,511.7,511.8,2018
MOEX:POLY,2023-02-02T23:20:00+03:00,511.8,512.3,511.8,512.2,582
MOEX:POLY,2023-02-02T23:21:00+03:00,512.2,512.2,511.8,512.0,403
MOEX:POLY,2023-02-02T23:22:00+03:00,512.0,512.2,511.2,512.2,3557
MOEX:POLY,2023-02-02T23:23:00+03:00,511.8,512.2,511.8,511.9,347
MOEX:POLY,2023-02-02T23:24:00+03:00,511.8,512.0,511.6,512.0,99
MOEX:POLY,2023-02-02T23:25:00+03:00,511.7,512.0,511.6,511.6,112
MOEX:POLY,2023-02-02T23:26:00+03:00,511.9,511.9,511.7,511.9,388
MOEX:POLY,2023-02-02T23:27:00+03:00,511.9,511.9,511.5,511.5,2878
MOEX:POLY,2023-02-02T23:28:00+03:00,511.5,511.8,511.3,511.6,350
MOEX:POLY,2023-02-02T23:29:00+03:00,511.7,511.7,511.6,511.6,854
MOEX:POLY,2023-02-02T23:30:00+03:00,511.6,511.8,511.4,511.8,350
MOEX:POLY,2023-02-02T23:31:00+03:00,511.4,511.8,511.4,511.6,331
MOEX:POLY,2023-02-02T23:32:00+03:00,511.8,511.9,511.6,511.8,1428
MOEX:POLY,2023-02-02T23:33:00+03:00,511.8,511.9,511.6,511.6,2333
MOEX:POLY,2023-02-02T23:34:00+03:00,511.7,511.7,511.5,511.5,602
MOEX:POLY,2023-02-02T23:35:00+03:00,511.5,511.9,511.4,511.6,2411
MOEX:POLY,2023-02-02T23:36:00+03:00,511.9,511.9,511.6,511.8,1548
MOEX:POLY,2023-02-02T23:37:00+03:00,511.8,512.2,511.7,512.2,5199
MOEX:POLY,2023-02-02T23:38:00+03:00,512.1,512.3,511.7,511.8,2603
MOEX:POLY,2023-02-02T23:39:00+03:00,511.7,512.2,511.3,512.2,3302
MOEX:POLY,2023-02-02T23:40:00+03:00,512.1,512.2,511.6,512.1,2976
MOEX:POLY,2023-02-02T23:41:00+03:00,512.1,512.2,511.6,511.7,1308
MOEX:POLY,2023-02-02T23:42:00+03:00,511.7,512.0,511.7,512.0,1085
MOEX:POLY,2023-02-02T23:43:00+03:00,512.0,512.0,511.7,512.0,3956
MOEX:POLY,2023-02-02T23:44:00+03:00,512.0,512.4,511.9,512.2,3508
MOEX:POLY,2023-02-02T23:45:00+03:00,512.2,514.0,512.1,514.0,24993
MOEX:POLY,2023-02-02T23:46:00+03:00,514.0,514.1,512.9,513.9,10348
MOEX:POLY,2023-02-02T23:47:00+03:00,513.7,513.9,513.2,513.2,3904
MOEX:POLY,2023-02-02T23:48:00+03:00,513.2,513.9,512.9,513.8,8604
MOEX:POLY,2023-02-02T23:49:00+03:00,513.6,513.8,512.4,513.3,8348
