MOEX:SBER,2020-09-01T10:00:00+03:00,226.71,227.00,226.35,226.47,55317
MOEX:SBER,2020-09-01T10:01:00+03:00,226.51,226.99,226.40,226.89,16324
MOEX:SBER,2020-09-01T10:02:00+03:00,226.84,226.85,226.54,226.57,9568
MOEX:SBER,2020-09-01T10:03:00+03:00,226.51,226.52,226.11,226.27,28185
MOEX:SBER,2020-09-01T10:04:00+03:00,226.26,226.53,226.19,226.27,30959
MOEX:SBER,2020-09-01T10:05:00+03:00,226.26,226.54,226.17,226.39,39530
MOEX:SBER,2020-09-01T10:06:00+03:00,226.40,226.59,226.33,226.55,37299
MOEX:SBER,2020-09-01T10:07:00+03:00,226.59,226.75,226.41,226.48,19581
MOEX:SBER,2020-09-01T10:08:00+03:00,226.51,226.75,226.51,226.74,6578
MOEX:SBER,2020-09-01T10:09:00+03:00,226.68,227.12,226.52,227.01,55217
MOEX:SBER,2020-09-01T10:10:00+03:00,227.01,227.07,226.66,226.82,25391
MOEX:SBER,2020-09-01T10:11:00+03:00,226.81,226.96,226.69,226.88,28853
MOEX:SBER,2020-09-01T10:12:00+03:00,226.88,226.90,226.65,226.70,12154
MOEX:SBER,2020-09-01T10:13:00+03:00,226.69,226.75,226.64,226.75,4455
MOEX:SBER,2020-09-01T10:14:00+03:00,226.73,227.10,226.73,227.08,23729
MOEX:SBER,2020-09-01T10:15:00+03:00,227.09,227.29,226.95,227.10,10311
MOEX:SBER,2020-09-01T10:16:00+03:00,227.12,227.19,226.95,226.95,7996
MOEX:SBER,2020-09-01T10:17:00+03:00,226.95,227.18,226.90,227.14,9039
MOEX:SBER,2020-09-01T10:18:00+03:00,227.16,227.23,227.05,227.07,4886
MOEX:SBER,2020-09-01T10:19:00+03:00,227.05,227.09,226.92,226.96,11502
MOEX:SBER,2020-09-01T10:20:00+03:00,226.96,227.28,226.93,227.28,42709
MOEX:SBER,2020-09-01T10:21:00+03:00,227.28,227.45,227.28,227.45,14744
MOEX:SBER,2020-09-01T10:22:00+03:00,227.41,227.45,227.27,227.40,6985
MOEX:SBER,2020-09-01T10:23:00+03:00,227.37,227.59,227.37,227.46,28682
MOEX:SBER,2020-09-01T10:24:00+03:00,227.47,227.50,227.21,227.35,5735
MOEX:SBER,2020-09-01T10:25:00+03:00,227.35,227.45,227.15,227.19,7225
MOEX:SBER,2020-09-01T10:26:00+03:00,227.19,227.29,227.15,227.25,6931
MOEX:SBER,2020-09-01T10:27:00+03:00,227.25,227.30,227.01,227.10,9025
MOEX:SBER,2020-09-01T10:28:00+03:00,227.10,227.24,227.10,227.18,1692
MOEX:SBER,2020-09-01T10:29:00+03:00,227.20,227.30,227.14,227.18,3442
MOEX:SBER,2020-09-01T10:30:00+03:00,227.19,227.20,227.01,227.09,7760
MOEX:SBER,2020-09-01T10:31:00+03:00,227.05,227.10,226.89,226.89,18838
MOEX:SBER,2020-09-01T10:32:00+03:00,226.95,227.00,226.79,226.86,10118
MOEX:SBER,2020-09-01T10:33:00+03:00,226.86,227.14,226.86,226.97,5900
MOEX:SBER,2020-09-01T10:34:00+03:00,226.97,226.99,226.77,226.79,3103
MOEX:SBER,2020-09-01T10:35:00+03:00,226.80,227.01,226.78,226.91,3657
MOEX:SBER,2020-09-01T10:36:00+03:00,226.96,227.02,226.86,226.96,2562
MOEX:SBER,2020-09-01T10:37:00+03:00,226.95,226.98,226.80,226.85,3292
MOEX:SBER,2020-09-01T10:38:00+03:00,226.81,226.84,226.70,226.74,9538
MOEX:SBER,2020-09-01T10:39:00+03:00,226.74,226.79,226.55,226.75,14559
MOEX:SBER,2020-09-01T10:40:00+03:00,226.76,226.97,226.76,226.91,7524
MOEX:SBER,2020-09-01T10:41:00+03:00,226.94,227.12,226.90,227.11,22152
MOEX:SBER,2020-09-01T10:42:00+03:00,227.09,227.15,227.06,227.07,3395
MOEX:SBER,2020-09-01T10:43:00+03:00,227.12,227.30,227.09,227.30,9819
MOEX:SBER,2020-09-01T10:44:00+03:00,227.25,227.30,227.14,227.18,6782
MOEX:SBER,2020-09-01T10:45:00+03:00,227.14,227.46,227.12,227.45,36889
MOEX:SBER,2020-09-01T10:46:00+03:00,227.45,227.47,227.30,227.32,7180
MOEX:SBER,2020-09-01T10:47:00+03:00,227.32,227.34,227.14,227.21,5197
MOEX:SBER,2020-09-01T10:48:00+03:00,227.22,227.43,227.22,227.31,7487
MOEX:SBER,2020-09-01T10:49:00+03:00,227.31,227.36,227.28,227.30,7346
MOEX:SBER,2020-09-01T10:50:00+03:00,227.29,227.36,227.28,227.33,6453
MOEX:SBER,2020-09-01T10:51:00+03:00,227.33,227.42,227.28,227.30,10915
MOEX:SBER,2020-09-01T10:52:00+03:00,227.31,227.33,227.26,227.33,5681
MOEX:SBER,2020-09-01T10:53:00+03:00,227.33,227.33,227.28,227.33,1635
MOEX:SBER,2020-09-01T10:54:00+03:00,227.34,227.42,227.33,227.37,5131
MOEX:SBER,2020-09-01T10:55:00+03:00,227.37,227.44,227.32,227.36,6158
MOEX:SBER,2020-09-01T10:56:00+03:00,227.35,227.37,227.29,227.37,16772
MOEX:SBER,2020-09-01T10:57:00+03:00,227.37,227.53,227.32,227.43,53866
MOEX:SBER,2020-09-01T10:58:00+03:00,227.43,227.54,227.43,227.52,14343
MOEX:SBER,2020-09-01T10:59:00+03:00,227.50,227.80,227.41,227.67,28959
MOEX:SBER,2020-09-01T11:00:00+03:00,227.68,227.82,227.68,227.75,14933
MOEX:SBER,2020-09-01T11:01:00+03:00,227.75,227.83,227.65,227.65,7631
MOEX:SBER,2020-09-01T11:02:00+03:00,227.65,227.75,227.55,227.58,5841
MOEX:SBER,2020-09-01T11:03:00+03:00,227.56,227.56,227.31,227.31,7374
MOEX:SBER,2020-09-01T11:04:00+03:00,227.32,227.47,227.26,227.45,4417
MOEX:SBER,2020-09-01T11:05:00+03:00,227.42,227.46,227.32,227.42,2369
MOEX:SBER,2020-09-01T11:06:00+03:00,227.42,227.50,227.30,227.30,3337
MOEX:SBER,2020-09-01T11:07:00+03:00,227.30,227.31,227.16,227.23,15209
MOEX:SBER,2020-09-01T11:08:00+03:00,227.24,227.30,227.24,227.30,808
MOEX:SBER,2020-09-01T11:09:00+03:00,227.29,227.37,227.22,227.26,8655
MOEX:SBER,2020-09-01T11:10:00+03:00,227.26,227.36,227.22,227.35,3257
MOEX:SBER,2020-09-01T11:11:00+03:00,227.40,227.52,227.25,227.36,7311
MOEX:SBER,2020-09-01T11:12:00+03:00,227.33,227.50,227.33,227.47,4861
MOEX:SBER,2020-09-01T11:13:00+03:00,227.45,227.50,227.40,227.47,5013
MOEX:SBER,2020-09-01T11:14:00+03:00,227.49,227.50,227.40,227.40,2058
MOEX:SBER,2020-09-01T11:15:00+03:00,227.43,227.43,226.95,227.01,25008
MOEX:SBER,2020-09-01T11:16:00+03:00,227.01,227.19,226.98,227.19,2342
MOEX:SBER,2020-09-01T11:17:00+03:00,227.19,227.27,227.10,227.27,2884
MOEX:SBER,2020-09-01T11:18:00+03:00,227.27,227.38,227.25,227.34,2202
MOEX:SBER,2020-09-01T11:19:00+03:00,227.36,227.36,227.30,227.36,1211
MOEX:SBER,2020-09-01T11:20:00+03:00,227.36,227.46,227.36,227.38,3000
MOEX:SBER,2020-09-01T11:21:00+03:00,227.38,227.44,227.20,227.27,3643
MOEX:SBER,2020-09-01T11:22:00+03:00,227.22,227.32,227.22,227.29,1820
MOEX:SBER,2020-09-01T11:23:00+03:00,227.25,227.30,226.96,227.04,14528
MOEX:SBER,2020-09-01T11:24:00+03:00,227.10,227.26,227.05,227.14,16739
MOEX:SBER,2020-09-01T11:25:00+03:00,227.16,227.25,226.84,226.98,14077
MOEX:SBER,2020-09-01T11:26:00+03:00,226.98,227.01,226.90,226.96,4928
MOEX:SBER,2020-09-01T11:27:00+03:00,226.95,226.99,226.75,226.92,9570
MOEX:SBER,2020-09-01T11:28:00+03:00,226.92,226.94,226.88,226.90,2614
MOEX:SBER,2020-09-01T11:29:00+03:00,226.90,226.90,226.85,226.87,1477
MOEX:SBER,2020-09-01T11:30:00+03:00,226.87,226.89,226.60,226.64,15248
MOEX:SBER,2020-09-01T11:31:00+03:00,226.69,226.72,226.56,226.70,20201
MOEX:SBER,2020-09-01T11:32:00+03:00,226.70,226.70,226.38,226.50,55181
MOEX:SBER,2020-09-01T11:33:00+03:00,226.49,226.62,226.36,226.60,10095
MOEX:SBER,2020-09-01T11:34:00+03:00,226.59,226.71,226.59,226.63,4501
MOEX:SBER,2020-09-01T11:35:00+03:00,226.63,226.82,226.62,226.75,5803
MOEX:SBER,2020-09-01T11:36:00+03:00,226.82,226.85,226.69,226.73,3228
MOEX:SBER,2020-09-01T11:37:00+03:00,226.75,226.89,226.75,226.87,1995
MOEX:SBER,2020-09-01T11:38:00+03:00,226.87,226.92,226.70,226.76,4186
MOEX:SBER,2020-09-01T11:39:00+03:00,226.76,226.85,226.70,226.70,4568
MOEX:SBER,2020-09-01T11:40:00+03:00,226.72,226.75,226.47,226.47,10906
MOEX:SBER,2020-09-01T11:41:00+03:00,226.50,226.58,226.40,226.45,6688
MOEX:SBER,2020-09-01T11:42:00+03:00,226.43,226.49,226.25,226.32,17392
MOEX:SBER,2020-09-01T11:43:00+03:00,226.31,226.40,226.20,226.40,25098
MOEX:SBER,2020-09-01T11:44:00+03:00,226.40,226.54,226.38,226.53,2669
MOEX:SBER,2020-09-01T11:45:00+03:00,226.54,226.61,226.50,226.61,1683
MOEX:SBER,2020-09-01T11:46:00+03:00,226.61,226.76,226.61,226.70,3121
MOEX:SBER,2020-09-01T11:47:00+03:00,226.79,226.80,226.70,226.78,4189
MOEX:SBER,2020-09-01T11:48:00+03:00,226.75,226.75,226.55,226.64,12305
MOEX:SBER,2020-09-01T11:49:00+03:00,226.66,226.79,226.62,226.75,938
MOEX:SBER,2020-09-01T11:50:00+03:00,226.76,226.85,226.73,226.84,6738
MOEX:SBER,2020-09-01T11:51:00+03:00,226.77,226.84,226.37,226.50,7134
MOEX:SBER,2020-09-01T11:52:00+03:00,226.56,226.56,226.18,226.24,16546
MOEX:SBER,2020-09-01T11:53:00+03:00,226.23,226.35,226.15,226.35,4447
MOEX:SBER,2020-09-01T11:54:00+03:00,226.35,226.35,226.05,226.19,22718
MOEX:SBER,2020-09-01T11:55:00+03:00,226.15,226.24,226.01,226.09,5749
MOEX:SBER,2020-09-01T11:56:00+03:00,226.15,226.30,226.15,226.28,5371
MOEX:SBER,2020-09-01T11:57:00+03:00,226.30,226.43,226.24,226.36,3321
MOEX:SBER,2020-09-01T11:58:00+03:00,226.35,226.43,226.30,226.42,1656
MOEX:SBER,2020-09-01T11:59:00+03:00,226.42,226.43,226.36,226.36,1095
MOEX:SBER,2020-09-01T12:00:00+03:00,226.38,226.38,226.22,226.23,3136
MOEX:SBER,2020-09-01T12:01:00+03:00,226.23,226.35,226.18,226.29,1728
MOEX:SBER,2020-09-01T12:02:00+03:00,226.32,226.40,226.18,226.27,1938
MOEX:SBER,2020-09-01T12:03:00+03:00,226.19,226.27,226.08,226.22,4344
MOEX:SBER,2020-09-01T12:04:00+03:00,226.22,226.30,226.20,226.25,1058
MOEX:SBER,2020-09-01T12:05:00+03:00,226.31,226.63,226.31,226.55,17938
MOEX:SBER,2020-09-01T12:06:00+03:00,226.57,226.64,226.39,226.54,4441
MOEX:SBER,2020-09-01T12:07:00+03:00,226.56,226.56,226.24,226.42,5020
MOEX:SBER,2020-09-01T12:08:00+03:00,226.42,226.42,226.23,226.42,4831
MOEX:SBER,2020-09-01T12:09:00+03:00,226.42,226.49,226.40,226.42,978
MOEX:SBER,2020-09-01T12:10:00+03:00,226.49,226.54,226.40,226.48,3901
MOEX:SBER,2020-09-01T12:11:00+03:00,226.48,226.57,226.43,226.43,1706
MOEX:SBER,2020-09-01T12:12:00+03:00,226.40,226.50,226.40,226.42,1483
MOEX:SBER,2020-09-01T12:13:00+03:00,226.42,226.62,226.42,226.62,2145
MOEX:SBER,2020-09-01T12:14:00+03:00,226.60,226.62,226.45,226.61,2471
MOEX:SBER,2020-09-01T12:15:00+03:00,226.60,226.65,226.58,226.62,1328
MOEX:SBER,2020-09-01T12:16:00+03:00,226.62,226.70,226.60,226.70,1031
MOEX:SBER,2020-09-01T12:17:00+03:00,226.70,226.73,226.67,226.73,763
MOEX:SBER,2020-09-01T12:18:00+03:00,226.73,226.81,226.71,226.77,1387
MOEX:SBER,2020-09-01T12:19:00+03:00,226.77,226.99,226.52,226.71,24060
MOEX:SBER,2020-09-01T12:20:00+03:00,226.77,226.96,226.77,226.88,1470
MOEX:SBER,2020-09-01T12:21:00+03:00,226.88,226.94,226.87,226.88,2436
MOEX:SBER,2020-09-01T12:22:00+03:00,226.88,226.88,226.57,226.63,4163
MOEX:SBER,2020-09-01T12:23:00+03:00,226.63,226.70,226.60,226.70,2081
MOEX:SBER,2020-09-01T12:24:00+03:00,226.66,226.73,226.64,226.68,1266
MOEX:SBER,2020-09-01T12:25:00+03:00,226.72,226.85,226.72,226.80,1850
MOEX:SBER,2020-09-01T12:26:00+03:00,226.80,226.86,226.76,226.77,651
MOEX:SBER,2020-09-01T12:27:00+03:00,226.79,226.83,226.69,226.69,1098
MOEX:SBER,2020-09-01T12:28:00+03:00,226.70,226.85,226.61,226.83,2910
MOEX:SBER,2020-09-01T12:29:00+03:00,226.78,226.81,226.70,226.77,613
MOEX:SBER,2020-09-01T12:30:00+03:00,226.77,226.80,226.73,226.80,938
MOEX:SBER,2020-09-01T12:31:00+03:00,226.78,226.80,226.74,226.76,794
MOEX:SBER,2020-09-01T12:32:00+03:00,226.76,226.79,226.76,226.79,278
MOEX:SBER,2020-09-01T12:33:00+03:00,226.76,226.76,226.56,226.58,6566
MOEX:SBER,2020-09-01T12:34:00+03:00,226.59,226.77,226.59,226.77,1817
MOEX:SBER,2020-09-01T12:35:00+03:00,226.77,226.80,226.76,226.80,1108
MOEX:SBER,2020-09-01T12:36:00+03:00,226.79,226.90,226.79,226.84,14591
MOEX:SBER,2020-09-01T12:37:00+03:00,226.84,226.95,226.81,226.93,3208
MOEX:SBER,2020-09-01T12:38:00+03:00,226.93,227.05,226.84,226.92,27307
MOEX:SBER,2020-09-01T12:39:00+03:00,226.95,226.97,226.86,226.93,12501
MOEX:SBER,2020-09-01T12:40:00+03:00,226.97,226.99,226.86,226.86,1136
MOEX:SBER,2020-09-01T12:41:00+03:00,226.91,226.91,226.79,226.79,3869
MOEX:SBER,2020-09-01T12:42:00+03:00,226.86,226.86,226.76,226.76,2721
MOEX:SBER,2020-09-01T12:43:00+03:00,226.78,226.78,226.65,226.70,12716
MOEX:SBER,2020-09-01T12:44:00+03:00,226.69,226.72,226.57,226.62,2579
MOEX:SBER,2020-09-01T12:45:00+03:00,226.65,226.78,226.65,226.72,2070
MOEX:SBER,2020-09-01T12:46:00+03:00,226.73,226.81,226.71,226.72,3527
MOEX:SBER,2020-09-01T12:47:00+03:00,226.71,226.72,226.66,226.67,803
MOEX:SBER,2020-09-01T12:48:00+03:00,226.66,226.66,226.56,226.63,4056
MOEX:SBER,2020-09-01T12:49:00+03:00,226.62,226.77,226.59,226.73,1092
MOEX:SBER,2020-09-01T12:50:00+03:00,226.73,226.78,226.70,226.75,477
MOEX:SBER,2020-09-01T12:51:00+03:00,226.78,226.78,226.71,226.77,777
MOEX:SBER,2020-09-01T12:52:00+03:00,226.77,226.77,226.63,226.69,771
MOEX:SBER,2020-09-01T12:53:00+03:00,226.69,226.69,226.59,226.68,1033
MOEX:SBER,2020-09-01T12:54:00+03:00,226.69,226.69,226.40,226.45,17079
MOEX:SBER,2020-09-01T12:55:00+03:00,226.45,226.55,226.40,226.53,4432
MOEX:SBER,2020-09-01T12:56:00+03:00,226.58,226.58,226.50,226.50,1302
MOEX:SBER,2020-09-01T12:57:00+03:00,226.50,226.57,226.47,226.55,1823
MOEX:SBER,2020-09-01T12:58:00+03:00,226.55,226.63,226.38,226.50,2357
MOEX:SBER,2020-09-01T12:59:00+03:00,226.47,226.59,226.47,226.54,1354
MOEX:SBER,2020-09-01T13:00:00+03:00,226.54,226.59,226.40,226.40,1693
MOEX:SBER,2020-09-01T13:01:00+03:00,226.41,226.42,226.20,226.34,10561
MOEX:SBER,2020-09-01T13:02:00+03:00,226.34,226.40,226.28,226.40,801
MOEX:SBER,2020-09-01T13:03:00+03:00,226.40,226.53,226.36,226.53,1019
MOEX:SBER,2020-09-01T13:04:00+03:00,226.53,226.57,226.45,226.51,2641
MOEX:SBER,2020-09-01T13:05:00+03:00,226.44,226.51,226.42,226.50,942
MOEX:SBER,2020-09-01T13:06:00+03:00,226.50,226.56,226.43,226.56,1233
MOEX:SBER,2020-09-01T13:07:00+03:00,226.56,226.56,226.43,226.50,1779
MOEX:SBER,2020-09-01T13:08:00+03:00,226.50,226.52,226.41,226.42,1105
MOEX:SBER,2020-09-01T13:09:00+03:00,226.49,226.52,226.42,226.49,681
MOEX:SBER,2020-09-01T13:10:00+03:00,226.52,226.60,226.50,226.53,2297
MOEX:SBER,2020-09-01T13:11:00+03:00,226.59,226.59,226.44,226.48,2830
MOEX:SBER,2020-09-01T13:12:00+03:00,226.49,226.58,226.47,226.56,1341
MOEX:SBER,2020-09-01T13:13:00+03:00,226.58,226.58,226.52,226.56,353
MOEX:SBER,2020-09-01T13:14:00+03:00,226.54,226.56,226.52,226.53,542
MOEX:SBER,2020-09-01T13:15:00+03:00,226.56,226.80,226.54,226.66,7353
MOEX:SBER,2020-09-01T13:16:00+03:00,226.74,226.74,226.57,226.59,1658
MOEX:SBER,2020-09-01T13:17:00+03:00,226.59,226.74,226.56,226.70,1344
MOEX:SBER,2020-09-01T13:18:00+03:00,226.76,226.85,226.72,226.74,3783
MOEX:SBER,2020-09-01T13:19:00+03:00,226.76,226.85,226.75,226.84,916
MOEX:SBER,2020-09-01T13:20:00+03:00,226.81,226.88,226.75,226.78,2333
MOEX:SBER,2020-09-01T13:21:00+03:00,226.75,226.83,226.66,226.69,4244
MOEX:SBER,2020-09-01T13:22:00+03:00,226.69,226.69,226.57,226.60,1164
MOEX:SBER,2020-09-01T13:23:00+03:00,226.58,226.65,226.58,226.65,1288
MOEX:SBER,2020-09-01T13:24:00+03:00,226.65,226.77,226.64,226.71,597
MOEX:SBER,2020-09-01T13:25:00+03:00,226.73,226.76,226.73,226.76,87
MOEX:SBER,2020-09-01T13:26:00+03:00,226.76,226.79,226.52,226.65,4546
MOEX:SBER,2020-09-01T13:27:00+03:00,226.66,226.67,226.57,226.64,1364
MOEX:SBER,2020-09-01T13:28:00+03:00,226.62,226.65,226.60,226.63,478
MOEX:SBER,2020-09-01T13:29:00+03:00,226.65,226.65,226.46,226.58,3142
MOEX:SBER,2020-09-01T13:30:00+03:00,226.56,226.59,226.51,226.51,2137
MOEX:SBER,2020-09-01T13:31:00+03:00,226.56,226.62,226.50,226.50,1153
MOEX:SBER,2020-09-01T13:32:00+03:00,226.50,226.50,226.48,226.48,63
MOEX:SBER,2020-09-01T13:33:00+03:00,226.50,226.57,226.50,226.53,850
MOEX:SBER,2020-09-01T13:34:00+03:00,226.56,226.62,226.51,226.55,901
MOEX:SBER,2020-09-01T13:35:00+03:00,226.55,226.68,226.48,226.48,4382
MOEX:SBER,2020-09-01T13:36:00+03:00,226.50,226.61,226.48,226.58,2072
MOEX:SBER,2020-09-01T13:37:00+03:00,226.58,226.58,226.53,226.57,328
MOEX:SBER,2020-09-01T13:38:00+03:00,226.53,226.66,226.53,226.66,1446
MOEX:SBER,2020-09-01T13:39:00+03:00,226.65,226.76,226.62,226.73,2680
MOEX:SBER,2020-09-01T13:40:00+03:00,226.69,226.77,226.69,226.75,1013
MOEX:SBER,2020-09-01T13:41:00+03:00,226.75,226.77,226.75,226.75,605
MOEX:SBER,2020-09-01T13:42:00+03:00,226.75,226.75,226.69,226.69,439
MOEX:SBER,2020-09-01T13:43:00+03:00,226.67,226.74,226.67,226.73,1363
MOEX:SBER,2020-09-01T13:44:00+03:00,226.75,226.79,226.75,226.76,2311
MOEX:SBER,2020-09-01T13:45:00+03:00,226.75,226.83,226.75,226.78,908
MOEX:SBER,2020-09-01T13:46:00+03:00,226.82,226.82,226.78,226.80,323
MOEX:SBER,2020-09-01T13:47:00+03:00,226.80,226.86,226.71,226.74,8071
MOEX:SBER,2020-09-01T13:48:00+03:00,226.74,226.74,226.68,226.74,735
MOEX:SBER,2020-09-01T13:49:00+03:00,226.71,226.84,226.67,226.84,1138
MOEX:SBER,2020-09-01T13:50:00+03:00,226.85,226.85,226.81,226.83,319
MOEX:SBER,2020-09-01T13:51:00+03:00,226.83,226.83,226.69,226.74,1255
MOEX:SBER,2020-09-01T13:52:00+03:00,226.73,226.79,226.72,226.78,1127
MOEX:SBER,2020-09-01T13:53:00+03:00,226.79,226.80,226.78,226.80,810
MOEX:SBER,2020-09-01T13:54:00+03:00,226.79,226.87,226.79,226.87,1683
MOEX:SBER,2020-09-01T13:55:00+03:00,226.87,226.92,226.87,226.92,4335
MOEX:SBER,2020-09-01T13:56:00+03:00,226.92,226.97,226.87,226.87,1391
MOEX:SBER,2020-09-01T13:57:00+03:00,226.87,226.91,226.73,226.89,4607
MOEX:SBER,2020-09-01T13:58:00+03:00,226.85,226.89,226.85,226.87,410
MOEX:SBER,2020-09-01T13:59:00+03:00,226.87,226.90,226.85,226.87,1679
MOEX:SBER,2020-09-01T14:00:00+03:00,226.91,226.92,226.87,226.87,921
MOEX:SBER,2020-09-01T14:01:00+03:00,226.90,226.90,226.82,226.82,1409
MOEX:SBER,2020-09-01T14:02:00+03:00,226.87,226.87,226.82,226.82,534
MOEX:SBER,2020-09-01T14:03:00+03:00,226.85,226.85,226.82,226.85,445
MOEX:SBER,2020-09-01T14:04:00+03:00,226.84,226.85,226.84,226.85,286
MOEX:SBER,2020-09-01T14:05:00+03:00,226.85,226.93,226.85,226.92,2200
MOEX:SBER,2020-09-01T14:06:00+03:00,226.91,226.92,226.89,226.92,163
MOEX:SBER,2020-09-01T14:07:00+03:00,226.90,226.90,226.85,226.89,555
MOEX:SBER,2020-09-01T14:08:00+03:00,226.88,226.89,226.87,226.88,545
MOEX:SBER,2020-09-01T14:09:00+03:00,226.88,226.96,226.82,226.95,2954
MOEX:SBER,2020-09-01T14:10:00+03:00,226.95,226.97,226.89,226.89,1116
MOEX:SBER,2020-09-01T14:11:00+03:00,226.91,226.97,226.84,226.95,1963
MOEX:SBER,2020-09-01T14:12:00+03:00,226.97,227.11,226.95,227.00,13878
MOEX:SBER,2020-09-01T14:13:00+03:00,226.94,227.07,226.94,227.04,1228
MOEX:SBER,2020-09-01T14:14:00+03:00,227.04,227.19,227.02,227.09,4611
MOEX:SBER,2020-09-01T14:15:00+03:00,227.09,227.20,227.03,227.06,4255
MOEX:SBER,2020-09-01T14:16:00+03:00,227.09,227.09,226.97,226.99,2728
MOEX:SBER,2020-09-01T14:17:00+03:00,226.96,226.99,226.92,226.96,4017
MOEX:SBER,2020-09-01T14:18:00+03:00,226.91,227.00,226.90,226.93,5690
MOEX:SBER,2020-09-01T14:19:00+03:00,226.95,227.01,226.95,226.98,16680
MOEX:SBER,2020-09-01T14:20:00+03:00,226.93,227.09,226.90,227.09,7579
MOEX:SBER,2020-09-01T14:21:00+03:00,227.08,227.18,227.05,227.05,3927
MOEX:SBER,2020-09-01T14:22:00+03:00,227.05,227.07,226.94,227.00,3444
MOEX:SBER,2020-09-01T14:23:00+03:00,226.96,227.07,226.94,227.00,9718
MOEX:SBER,2020-09-01T14:24:00+03:00,227.03,227.08,226.88,227.04,10924
MOEX:SBER,2020-09-01T14:25:00+03:00,227.05,227.19,227.05,227.15,4114
MOEX:SBER,2020-09-01T14:26:00+03:00,227.18,227.25,227.08,227.20,6463
MOEX:SBER,2020-09-01T14:27:00+03:00,227.18,227.29,227.18,227.26,4198
MOEX:SBER,2020-09-01T14:28:00+03:00,227.21,227.30,227.16,227.29,2320
MOEX:SBER,2020-09-01T14:29:00+03:00,227.29,227.30,227.10,227.24,4620
MOEX:SBER,2020-09-01T14:30:00+03:00,227.24,227.36,227.06,227.06,23049
MOEX:SBER,2020-09-01T14:31:00+03:00,227.12,227.12,227.00,227.02,3250
MOEX:SBER,2020-09-01T14:32:00+03:00,226.98,227.11,226.95,226.99,1804
MOEX:SBER,2020-09-01T14:33:00+03:00,226.98,227.03,226.92,226.96,3771
MOEX:SBER,2020-09-01T14:34:00+03:00,226.99,226.99,226.85,226.91,2156
MOEX:SBER,2020-09-01T14:35:00+03:00,226.89,226.99,226.89,226.98,1471
MOEX:SBER,2020-09-01T14:36:00+03:00,226.99,227.09,226.98,227.06,663
MOEX:SBER,2020-09-01T14:37:00+03:00,227.06,227.08,226.91,226.94,3367
MOEX:SBER,2020-09-01T14:38:00+03:00,226.94,226.98,226.77,226.82,7197
MOEX:SBER,2020-09-01T14:39:00+03:00,226.85,226.86,226.74,226.84,9678
MOEX:SBER,2020-09-01T14:40:00+03:00,226.84,226.85,226.72,226.76,2041
MOEX:SBER,2020-09-01T14:41:00+03:00,226.76,226.84,226.70,226.83,2086
MOEX:SBER,2020-09-01T14:42:00+03:00,226.84,226.84,226.71,226.71,548
MOEX:SBER,2020-09-01T14:43:00+03:00,226.77,226.79,226.72,226.79,619
MOEX:SBER,2020-09-01T14:44:00+03:00,226.79,226.89,226.78,226.83,2102
MOEX:SBER,2020-09-01T14:45:00+03:00,226.80,226.83,226.80,226.83,599
MOEX:SBER,2020-09-01T14:46:00+03:00,226.82,226.93,226.81,226.92,1145
MOEX:SBER,2020-09-01T14:47:00+03:00,226.92,226.92,226.83,226.83,324
MOEX:SBER,2020-09-01T14:48:00+03:00,226.85,226.85,226.81,226.85,232
MOEX:SBER,2020-09-01T14:49:00+03:00,226.85,226.85,226.78,226.83,441
MOEX:SBER,2020-09-01T14:50:00+03:00,226.85,226.90,226.83,226.90,1907
MOEX:SBER,2020-09-01T14:51:00+03:00,226.89,226.90,226.86,226.86,165
MOEX:SBER,2020-09-01T14:52:00+03:00,226.86,226.86,226.75,226.75,1394
MOEX:SBER,2020-09-01T14:53:00+03:00,226.75,226.81,226.70,226.81,1933
MOEX:SBER,2020-09-01T14:54:00+03:00,226.81,226.89,226.80,226.82,2060
MOEX:SBER,2020-09-01T14:55:00+03:00,226.80,226.94,226.75,226.89,10695
MOEX:SBER,2020-09-01T14:56:00+03:00,226.92,227.07,226.92,227.06,1556
MOEX:SBER,2020-09-01T14:57:00+03:00,227.06,227.07,227.01,227.02,2339
MOEX:SBER,2020-09-01T14:58:00+03:00,227.03,227.07,227.02,227.02,330
MOEX:SBER,2020-09-01T14:59:00+03:00,227.07,227.07,226.98,227.03,1321
MOEX:SBER,2020-09-01T15:00:00+03:00,227.01,227.08,226.98,227.00,2633
MOEX:SBER,2020-09-01T15:01:00+03:00,226.99,227.07,226.86,227.07,2551
MOEX:SBER,2020-09-01T15:02:00+03:00,227.07,227.20,227.05,227.12,2204
MOEX:SBER,2020-09-01T15:03:00+03:00,227.10,227.14,227.02,227.06,1223
MOEX:SBER,2020-09-01T15:04:00+03:00,227.06,227.30,227.06,227.30,6688
MOEX:SBER,2020-09-01T15:05:00+03:00,227.22,227.29,227.16,227.26,619
MOEX:SBER,2020-09-01T15:06:00+03:00,227.25,227.32,227.17,227.25,1984
MOEX:SBER,2020-09-01T15:07:00+03:00,227.25,227.29,227.18,227.22,958
MOEX:SBER,2020-09-01T15:08:00+03:00,227.23,227.25,227.15,227.21,1810
MOEX:SBER,2020-09-01T15:09:00+03:00,227.20,227.30,227.17,227.29,2325
MOEX:SBER,2020-09-01T15:10:00+03:00,227.23,227.38,227.21,227.29,8330
MOEX:SBER,2020-09-01T15:11:00+03:00,227.29,227.29,227.17,227.24,5105
MOEX:SBER,2020-09-01T15:12:00+03:00,227.22,227.24,227.05,227.09,1607
MOEX:SBER,2020-09-01T15:13:00+03:00,227.05,227.31,227.02,227.31,5430
MOEX:SBER,2020-09-01T15:14:00+03:00,227.29,227.60,227.27,227.60,32773
MOEX:SBER,2020-09-01T15:15:00+03:00,227.60,227.67,227.46,227.49,18155
MOEX:SBER,2020-09-01T15:16:00+03:00,227.43,227.45,227.37,227.42,3685
MOEX:SBER,2020-09-01T15:17:00+03:00,227.42,227.45,227.35,227.39,3358
MOEX:SBER,2020-09-01T15:18:00+03:00,227.38,227.44,227.37,227.41,689
MOEX:SBER,2020-09-01T15:19:00+03:00,227.43,227.43,227.26,227.26,2497
MOEX:SBER,2020-09-01T15:20:00+03:00,227.32,227.33,227.26,227.29,793
MOEX:SBER,2020-09-01T15:21:00+03:00,227.29,227.29,227.26,227.27,438
MOEX:SBER,2020-09-01T15:22:00+03:00,227.27,227.37,227.27,227.33,3026
MOEX:SBER,2020-09-01T15:23:00+03:00,227.40,227.40,227.17,227.27,8732
MOEX:SBER,2020-09-01T15:24:00+03:00,227.27,227.27,227.06,227.10,5334
MOEX:SBER,2020-09-01T15:25:00+03:00,227.10,227.12,227.06,227.10,2626
MOEX:SBER,2020-09-01T15:26:00+03:00,227.07,227.15,226.99,227.10,5159
MOEX:SBER,2020-09-01T15:27:00+03:00,227.03,227.11,227.03,227.07,1862
MOEX:SBER,2020-09-01T15:28:00+03:00,227.10,227.20,227.06,227.20,2080
MOEX:SBER,2020-09-01T15:29:00+03:00,227.17,227.17,226.73,227.07,27430
MOEX:SBER,2020-09-01T15:30:00+03:00,227.04,227.45,226.97,227.31,23865
MOEX:SBER,2020-09-01T15:31:00+03:00,227.24,227.26,227.04,227.15,3955
MOEX:SBER,2020-09-01T15:32:00+03:00,227.15,227.22,227.09,227.17,2967
MOEX:SBER,2020-09-01T15:33:00+03:00,227.09,227.13,227.04,227.09,1428
MOEX:SBER,2020-09-01T15:34:00+03:00,227.09,227.24,227.09,227.17,3153
MOEX:SBER,2020-09-01T15:35:00+03:00,227.14,227.15,227.10,227.10,537
MOEX:SBER,2020-09-01T15:36:00+03:00,227.11,227.20,227.11,227.16,1806
MOEX:SBER,2020-09-01T15:37:00+03:00,227.18,227.24,227.18,227.23,1959
MOEX:SBER,2020-09-01T15:38:00+03:00,227.23,227.25,227.23,227.25,208
MOEX:SBER,2020-09-01T15:39:00+03:00,227.25,227.27,227.24,227.27,1600
MOEX:SBER,2020-09-01T15:40:00+03:00,227.28,227.33,227.16,227.19,2506
MOEX:SBER,2020-09-01T15:41:00+03:00,227.15,227.15,227.01,227.06,9504
MOEX:SBER,2020-09-01T15:42:00+03:00,227.06,227.14,227.00,227.00,3091
MOEX:SBER,2020-09-01T15:43:00+03:00,227.06,227.07,227.01,227.04,2924
MOEX:SBER,2020-09-01T15:44:00+03:00,227.05,227.05,226.94,226.97,2668
MOEX:SBER,2020-09-01T15:45:00+03:00,226.94,226.97,226.80,226.80,4003
MOEX:SBER,2020-09-01T15:46:00+03:00,226.78,226.80,226.75,226.78,1167
MOEX:SBER,2020-09-01T15:47:00+03:00,226.78,226.79,226.60,226.68,7365
MOEX:SBER,2020-09-01T15:48:00+03:00,226.64,226.77,226.59,226.73,4831
MOEX:SBER,2020-09-01T15:49:00+03:00,226.76,226.82,226.73,226.82,3177
MOEX:SBER,2020-09-01T15:50:00+03:00,226.80,226.85,226.80,226.84,286
MOEX:SBER,2020-09-01T15:51:00+03:00,226.81,226.84,226.78,226.80,758
MOEX:SBER,2020-09-01T15:52:00+03:00,226.80,226.80,226.63,226.66,2922
MOEX:SBER,2020-09-01T15:53:00+03:00,226.66,226.78,226.60,226.76,5684
MOEX:SBER,2020-09-01T15:54:00+03:00,226.71,226.93,226.71,226.92,9865
MOEX:SBER,2020-09-01T15:55:00+03:00,226.92,226.98,226.77,226.96,4623
MOEX:SBER,2020-09-01T15:56:00+03:00,226.97,226.97,226.90,226.94,1967
MOEX:SBER,2020-09-01T15:57:00+03:00,226.90,226.92,226.84,226.86,3756
MOEX:SBER,2020-09-01T15:58:00+03:00,226.81,226.88,226.73,226.80,7294
MOEX:SBER,2020-09-01T15:59:00+03:00,226.74,226.83,226.70,226.74,4662
MOEX:SBER,2020-09-01T16:00:00+03:00,226.71,226.75,226.46,226.68,20577
MOEX:SBER,2020-09-01T16:01:00+03:00,226.71,226.73,226.40,226.41,6104
MOEX:SBER,2020-09-01T16:02:00+03:00,226.41,226.45,226.21,226.22,12237
MOEX:SBER,2020-09-01T16:03:00+03:00,226.24,226.46,226.21,226.46,4049
MOEX:SBER,2020-09-01T16:04:00+03:00,226.47,226.53,226.43,226.50,1657
MOEX:SBER,2020-09-01T16:05:00+03:00,226.50,226.52,226.34,226.36,4971
MOEX:SBER,2020-09-01T16:06:00+03:00,226.40,226.40,226.21,226.35,13373
MOEX:SBER,2020-09-01T16:07:00+03:00,226.37,226.41,226.30,226.35,2253
MOEX:SBER,2020-09-01T16:08:00+03:00,226.39,226.41,226.33,226.34,1751
MOEX:SBER,2020-09-01T16:09:00+03:00,226.39,226.43,226.13,226.39,39589
MOEX:SBER,2020-09-01T16:10:00+03:00,226.39,226.48,226.33,226.38,15164
MOEX:SBER,2020-09-01T16:11:00+03:00,226.44,226.48,226.27,226.38,12761
MOEX:SBER,2020-09-01T16:12:00+03:00,226.39,226.40,226.22,226.30,17632
MOEX:SBER,2020-09-01T16:13:00+03:00,226.30,226.30,226.23,226.30,2793
MOEX:SBER,2020-09-01T16:14:00+03:00,226.30,226.49,226.27,226.47,14887
MOEX:SBER,2020-09-01T16:15:00+03:00,226.42,226.43,226.23,226.32,3413
MOEX:SBER,2020-09-01T16:16:00+03:00,226.30,226.36,226.28,226.31,1491
MOEX:SBER,2020-09-01T16:17:00+03:00,226.31,226.35,226.28,226.31,9122
MOEX:SBER,2020-09-01T16:18:00+03:00,226.34,226.34,226.23,226.31,3895
MOEX:SBER,2020-09-01T16:19:00+03:00,226.31,226.48,226.31,226.39,2476
MOEX:SBER,2020-09-01T16:20:00+03:00,226.40,226.40,226.19,226.19,4536
MOEX:SBER,2020-09-01T16:21:00+03:00,226.18,226.20,226.10,226.11,5049
MOEX:SBER,2020-09-01T16:22:00+03:00,226.15,226.20,226.02,226.13,18276
MOEX:SBER,2020-09-01T16:23:00+03:00,226.15,226.30,226.15,226.22,1987
MOEX:SBER,2020-09-01T16:24:00+03:00,226.22,226.28,226.16,226.19,1352
MOEX:SBER,2020-09-01T16:25:00+03:00,226.17,226.30,226.17,226.30,3424
MOEX:SBER,2020-09-01T16:26:00+03:00,226.28,226.40,226.28,226.29,2924
MOEX:SBER,2020-09-01T16:27:00+03:00,226.32,226.43,226.30,226.37,2583
MOEX:SBER,2020-09-01T16:28:00+03:00,226.37,226.50,226.37,226.45,2610
MOEX:SBER,2020-09-01T16:29:00+03:00,226.47,226.69,226.47,226.59,8040
MOEX:SBER,2020-09-01T16:30:00+03:00,226.57,226.80,226.52,226.73,16425
MOEX:SBER,2020-09-01T16:31:00+03:00,226.77,226.79,226.61,226.69,9961
MOEX:SBER,2020-09-01T16:32:00+03:00,226.72,227.00,226.68,226.92,32642
MOEX:SBER,2020-09-01T16:33:00+03:00,226.90,227.00,226.73,226.78,8091
MOEX:SBER,2020-09-01T16:34:00+03:00,226.77,226.94,226.73,226.90,8171
MOEX:SBER,2020-09-01T16:35:00+03:00,226.90,226.90,226.77,226.84,1831
MOEX:SBER,2020-09-01T16:36:00+03:00,226.84,226.90,226.77,226.78,903
MOEX:SBER,2020-09-01T16:37:00+03:00,226.78,226.80,226.64,226.66,2761
MOEX:SBER,2020-09-01T16:38:00+03:00,226.66,226.78,226.63,226.76,13433
MOEX:SBER,2020-09-01T16:39:00+03:00,226.76,226.81,226.66,226.70,2591
MOEX:SBER,2020-09-01T16:40:00+03:00,226.70,226.98,226.66,226.78,23093
MOEX:SBER,2020-09-01T16:41:00+03:00,226.77,226.81,226.75,226.76,1609
MOEX:SBER,2020-09-01T16:42:00+03:00,226.76,226.96,226.76,226.85,10661
MOEX:SBER,2020-09-01T16:43:00+03:00,226.81,226.92,226.81,226.92,2602
MOEX:SBER,2020-09-01T16:44:00+03:00,226.92,226.92,226.83,226.83,635
MOEX:SBER,2020-09-01T16:45:00+03:00,226.88,227.00,226.84,226.96,11224
MOEX:SBER,2020-09-01T16:46:00+03:00,226.93,227.20,226.93,227.06,19593
MOEX:SBER,2020-09-01T16:47:00+03:00,227.07,227.15,227.03,227.10,3412
MOEX:SBER,2020-09-01T16:48:00+03:00,227.17,227.17,227.07,227.14,3099
MOEX:SBER,2020-09-01T16:49:00+03:00,227.15,227.18,227.10,227.18,3241
MOEX:SBER,2020-09-01T16:50:00+03:00,227.18,227.18,227.00,227.08,1732
MOEX:SBER,2020-09-01T16:51:00+03:00,227.08,227.08,226.98,227.00,1149
MOEX:SBER,2020-09-01T16:52:00+03:00,227.00,227.04,226.94,226.98,2330
MOEX:SBER,2020-09-01T16:53:00+03:00,226.95,226.98,226.93,226.93,572
MOEX:SBER,2020-09-01T16:54:00+03:00,226.96,226.96,226.84,226.87,1332
MOEX:SBER,2020-09-01T16:55:00+03:00,226.83,226.86,226.69,226.74,3217
MOEX:SBER,2020-09-01T16:56:00+03:00,226.74,226.82,226.65,226.68,4763
MOEX:SBER,2020-09-01T16:57:00+03:00,226.66,226.75,226.64,226.73,1248
MOEX:SBER,2020-09-01T16:58:00+03:00,226.73,226.75,226.61,226.72,2901
MOEX:SBER,2020-09-01T16:59:00+03:00,226.72,226.72,226.57,226.67,3045
MOEX:SBER,2020-09-01T17:00:00+03:00,226.67,226.82,226.64,226.80,7144
MOEX:SBER,2020-09-01T17:01:00+03:00,226.82,226.99,226.80,226.89,2395
MOEX:SBER,2020-09-01T17:02:00+03:00,226.83,226.98,226.83,226.86,4825
MOEX:SBER,2020-09-01T17:03:00+03:00,226.86,226.91,226.73,226.78,7657
MOEX:SBER,2020-09-01T17:04:00+03:00,226.81,226.85,226.66,226.66,3144
MOEX:SBER,2020-09-01T17:05:00+03:00,226.68,226.94,226.66,226.87,4229
MOEX:SBER,2020-09-01T17:06:00+03:00,226.87,226.96,226.83,226.87,1453
MOEX:SBER,2020-09-01T17:07:00+03:00,226.87,227.08,226.85,226.85,20857
MOEX:SBER,2020-09-01T17:08:00+03:00,226.85,226.89,226.79,226.83,1671
MOEX:SBER,2020-09-01T17:09:00+03:00,226.83,227.00,226.83,226.88,7531
MOEX:SBER,2020-09-01T17:10:00+03:00,226.88,226.95,226.79,226.87,1705
MOEX:SBER,2020-09-01T17:11:00+03:00,226.93,227.00,226.90,226.90,1046
MOEX:SBER,2020-09-01T17:12:00+03:00,226.95,227.01,226.91,226.96,2849
MOEX:SBER,2020-09-01T17:13:00+03:00,226.98,227.08,226.97,227.00,3213
MOEX:SBER,2020-09-01T17:14:00+03:00,226.97,227.01,226.90,227.01,3646
MOEX:SBER,2020-09-01T17:15:00+03:00,227.03,227.15,227.01,227.11,12667
MOEX:SBER,2020-09-01T17:16:00+03:00,227.09,227.10,227.06,227.10,2000
MOEX:SBER,2020-09-01T17:17:00+03:00,227.10,227.13,227.07,227.13,12991
MOEX:SBER,2020-09-01T17:18:00+03:00,227.09,227.16,226.96,226.97,10394
MOEX:SBER,2020-09-01T17:19:00+03:00,226.93,227.03,226.92,227.03,1549
MOEX:SBER,2020-09-01T17:20:00+03:00,227.01,227.02,226.95,226.95,3009
MOEX:SBER,2020-09-01T17:21:00+03:00,226.96,226.98,226.92,226.98,1003
MOEX:SBER,2020-09-01T17:22:00+03:00,226.98,227.30,226.98,227.30,13034
MOEX:SBER,2020-09-01T17:23:00+03:00,227.30,227.40,227.21,227.25,33291
MOEX:SBER,2020-09-01T17:24:00+03:00,227.26,227.32,227.19,227.32,4693
MOEX:SBER,2020-09-01T17:25:00+03:00,227.32,227.51,227.32,227.48,61512
MOEX:SBER,2020-09-01T17:26:00+03:00,227.45,227.58,227.44,227.46,13551
MOEX:SBER,2020-09-01T17:27:00+03:00,227.41,227.52,227.40,227.46,11418
MOEX:SBER,2020-09-01T17:28:00+03:00,227.48,227.58,227.46,227.52,12818
MOEX:SBER,2020-09-01T17:29:00+03:00,227.54,227.74,227.51,227.73,32614
MOEX:SBER,2020-09-01T17:30:00+03:00,227.73,227.74,227.61,227.68,17785
MOEX:SBER,2020-09-01T17:31:00+03:00,227.68,227.97,227.68,227.88,52506
MOEX:SBER,2020-09-01T17:32:00+03:00,227.85,227.97,227.80,227.85,10622
MOEX:SBER,2020-09-01T17:33:00+03:00,227.85,227.91,227.76,227.89,7178
MOEX:SBER,2020-09-01T17:34:00+03:00,227.89,227.90,227.80,227.85,4069
MOEX:SBER,2020-09-01T17:35:00+03:00,227.85,227.85,227.67,227.74,5526
MOEX:SBER,2020-09-01T17:36:00+03:00,227.74,227.90,227.74,227.79,5054
MOEX:SBER,2020-09-01T17:37:00+03:00,227.79,227.79,227.65,227.69,3304
MOEX:SBER,2020-09-01T17:38:00+03:00,227.68,227.76,227.54,227.61,6435
MOEX:SBER,2020-09-01T17:39:00+03:00,227.61,227.68,227.51,227.51,3837
MOEX:SBER,2020-09-01T17:40:00+03:00,227.53,227.69,227.51,227.65,4023
MOEX:SBER,2020-09-01T17:41:00+03:00,227.64,227.69,227.61,227.66,5641
MOEX:SBER,2020-09-01T17:42:00+03:00,227.66,227.67,227.55,227.58,9340
MOEX:SBER,2020-09-01T17:43:00+03:00,227.59,227.63,227.51,227.63,5516
MOEX:SBER,2020-09-01T17:44:00+03:00,227.63,227.70,227.57,227.70,4577
MOEX:SBER,2020-09-01T17:45:00+03:00,227.72,227.73,227.58,227.65,13617
MOEX:SBER,2020-09-01T17:46:00+03:00,227.60,227.69,227.59,227.61,6196
MOEX:SBER,2020-09-01T17:47:00+03:00,227.62,227.70,227.62,227.70,3754
MOEX:SBER,2020-09-01T17:48:00+03:00,227.70,227.70,227.51,227.51,7049
MOEX:SBER,2020-09-01T17:49:00+03:00,227.55,227.60,227.51,227.60,3424
MOEX:SBER,2020-09-01T17:50:00+03:00,227.54,227.60,227.52,227.59,765
MOEX:SBER,2020-09-01T17:51:00+03:00,227.56,227.74,227.52,227.70,8365
MOEX:SBER,2020-09-01T17:52:00+03:00,227.70,227.74,227.65,227.68,5090
MOEX:SBER,2020-09-01T17:53:00+03:00,227.71,227.80,227.70,227.76,6001
MOEX:SBER,2020-09-01T17:54:00+03:00,227.79,227.84,227.70,227.73,5125
MOEX:SBER,2020-09-01T17:55:00+03:00,227.73,227.73,227.57,227.60,4376
MOEX:SBER,2020-09-01T17:56:00+03:00,227.58,227.66,227.56,227.63,5188
MOEX:SBER,2020-09-01T17:57:00+03:00,227.58,227.58,227.30,227.32,5049
MOEX:SBER,2020-09-01T17:58:00+03:00,227.33,227.36,227.18,227.25,6480
MOEX:SBER,2020-09-01T17:59:00+03:00,227.27,227.27,227.11,227.15,3287
MOEX:SBER,2020-09-01T18:00:00+03:00,227.16,227.30,227.16,227.26,6888
MOEX:SBER,2020-09-01T18:01:00+03:00,227.26,227.28,227.18,227.25,4791
MOEX:SBER,2020-09-01T18:02:00+03:00,227.25,227.37,227.23,227.31,3856
MOEX:SBER,2020-09-01T18:03:00+03:00,227.31,227.33,227.20,227.20,4360
MOEX:SBER,2020-09-01T18:04:00+03:00,227.20,227.24,227.11,227.11,1057
MOEX:SBER,2020-09-01T18:05:00+03:00,227.11,227.28,227.11,227.26,8635
MOEX:SBER,2020-09-01T18:06:00+03:00,227.24,227.30,227.19,227.30,2322
MOEX:SBER,2020-09-01T18:07:00+03:00,227.30,227.30,227.10,227.10,5129
MOEX:SBER,2020-09-01T18:08:00+03:00,227.11,227.21,227.10,227.19,3804
MOEX:SBER,2020-09-01T18:09:00+03:00,227.18,227.18,227.08,227.15,3947
MOEX:SBER,2020-09-01T18:10:00+03:00,227.13,227.24,227.10,227.21,2892
MOEX:SBER,2020-09-01T18:11:00+03:00,227.20,227.24,227.10,227.15,3366
MOEX:SBER,2020-09-01T18:12:00+03:00,227.16,227.17,227.13,227.16,801
MOEX:SBER,2020-09-01T18:13:00+03:00,227.17,227.24,227.13,227.23,5599
MOEX:SBER,2020-09-01T18:14:00+03:00,227.20,227.24,227.18,227.24,955
MOEX:SBER,2020-09-01T18:15:00+03:00,227.20,227.29,227.20,227.25,2887
MOEX:SBER,2020-09-01T18:16:00+03:00,227.29,227.34,227.28,227.30,2721
MOEX:SBER,2020-09-01T18:17:00+03:00,227.27,227.27,227.16,227.20,4290
MOEX:SBER,2020-09-01T18:18:00+03:00,227.19,227.22,227.18,227.19,2918
MOEX:SBER,2020-09-01T18:19:00+03:00,227.19,227.25,227.17,227.21,2902
MOEX:SBER,2020-09-01T18:20:00+03:00,227.22,227.29,227.21,227.26,3658
MOEX:SBER,2020-09-01T18:21:00+03:00,227.28,227.28,227.19,227.23,4437
MOEX:SBER,2020-09-01T18:22:00+03:00,227.23,227.28,227.17,227.25,9264
MOEX:SBER,2020-09-01T18:23:00+03:00,227.26,227.26,227.15,227.20,6819
MOEX:SBER,2020-09-01T18:24:00+03:00,227.22,227.23,227.10,227.16,9521
MOEX:SBER,2020-09-01T18:25:00+03:00,227.16,227.23,227.12,227.18,8440
MOEX:SBER,2020-09-01T18:26:00+03:00,227.23,227.29,227.18,227.25,10515
MOEX:SBER,2020-09-01T18:27:00+03:00,227.24,227.29,227.23,227.26,6728
MOEX:SBER,2020-09-01T18:28:00+03:00,227.25,227.38,227.24,227.37,8013
MOEX:SBER,2020-09-01T18:29:00+03:00,227.38,227.42,227.25,227.25,9921
MOEX:SBER,2020-09-01T18:30:00+03:00,227.25,227.32,227.20,227.20,9050
MOEX:SBER,2020-09-01T18:31:00+03:00,227.18,227.20,227.10,227.11,8092
MOEX:SBER,2020-09-01T18:32:00+03:00,227.11,227.17,227.05,227.14,10314
MOEX:SBER,2020-09-01T18:33:00+03:00,227.12,227.17,227.03,227.11,13562
MOEX:SBER,2020-09-01T18:34:00+03:00,227.11,227.14,227.02,227.13,9357
MOEX:SBER,2020-09-01T18:35:00+03:00,227.14,227.22,227.14,227.20,6346
MOEX:SBER,2020-09-01T18:36:00+03:00,227.20,227.22,227.13,227.19,3537
MOEX:SBER,2020-09-01T18:37:00+03:00,227.19,227.19,227.05,227.06,3264
MOEX:SBER,2020-09-01T18:38:00+03:00,227.10,227.18,227.06,227.17,5330
MOEX:SBER,2020-09-01T18:39:00+03:00,227.16,227.34,227.11,227.11,7059
MOEX:SBER,2020-09-01T18:45:00+03:00,226.72,226.72,226.72,226.72,165076
MOEX:SBER,2020-09-01T18:46:00+03:00,226.72,226.72,226.72,226.72,15
MOEX:SBER,2020-09-01T18:48:00+03:00,226.72,226.72,226.72,226.72,5
MOEX:SBER,2020-09-01T19:04:00+03:00,226.99,226.99,226.99,226.99,60
MOEX:SBER,2020-09-01T19:05:00+03:00,226.99,227.39,226.99,227.30,11101
MOEX:SBER,2020-09-01T19:06:00+03:00,227.30,227.38,227.14,227.31,5105
MOEX:SBER,2020-09-01T19:07:00+03:00,227.19,227.32,227.18,227.27,880
MOEX:SBER,2020-09-01T19:08:00+03:00,227.27,227.28,227.19,227.28,259
MOEX:SBER,2020-09-01T19:09:00+03:00,227.28,227.28,227.19,227.20,450
MOEX:SBER,2020-09-01T19:10:00+03:00,227.27,227.28,227.20,227.28,539
MOEX:SBER,2020-09-01T19:11:00+03:00,227.20,227.27,227.15,227.26,1524
MOEX:SBER,2020-09-01T19:12:00+03:00,227.27,227.27,227.17,227.27,41
MOEX:SBER,2020-09-01T19:13:00+03:00,227.26,227.27,227.19,227.20,41
MOEX:SBER,2020-09-01T19:14:00+03:00,227.27,227.28,227.20,227.28,129
MOEX:SBER,2020-09-01T19:15:00+03:00,227.28,227.33,227.27,227.30,685
MOEX:SBER,2020-09-01T19:16:00+03:00,227.30,227.37,227.30,227.30,1095
MOEX:SBER,2020-09-01T19:17:00+03:00,227.35,227.36,227.30,227.30,1032
MOEX:SBER,2020-09-01T19:18:00+03:00,227.35,227.38,227.27,227.30,519
MOEX:SBER,2020-09-01T19:19:00+03:00,227.30,227.32,227.30,227.30,251
MOEX:SBER,2020-09-01T19:20:00+03:00,227.33,227.36,227.21,227.21,780
MOEX:SBER,2020-09-01T19:21:00+03:00,227.22,227.31,227.22,227.30,198
MOEX:SBER,2020-09-01T19:22:00+03:00,227.23,227.30,227.23,227.30,81
MOEX:SBER,2020-09-01T19:23:00+03:00,227.29,227.36,227.20,227.36,776
MOEX:SBER,2020-09-01T19:24:00+03:00,227.25,227.34,227.20,227.20,475
MOEX:SBER,2020-09-01T19:25:00+03:00,227.20,227.34,227.20,227.30,435
MOEX:SBER,2020-09-01T19:26:00+03:00,227.29,227.30,227.20,227.28,206
MOEX:SBER,2020-09-01T19:27:00+03:00,227.27,227.32,227.22,227.28,588
MOEX:SBER,2020-09-01T19:28:00+03:00,227.30,227.34,227.28,227.33,114
MOEX:SBER,2020-09-01T19:29:00+03:00,227.28,227.38,227.28,227.36,284
MOEX:SBER,2020-09-01T19:30:00+03:00,227.28,227.30,227.20,227.25,1659
MOEX:SBER,2020-09-01T19:31:00+03:00,227.29,227.35,227.29,227.35,107
MOEX:SBER,2020-09-01T19:32:00+03:00,227.30,227.35,227.17,227.23,2149
MOEX:SBER,2020-09-01T19:33:00+03:00,227.23,227.23,227.17,227.23,55
MOEX:SBER,2020-09-01T19:34:00+03:00,227.16,227.23,227.15,227.23,152
MOEX:SBER,2020-09-01T19:35:00+03:00,227.23,227.23,227.15,227.22,53
MOEX:SBER,2020-09-01T19:36:00+03:00,227.22,227.23,227.15,227.22,96
MOEX:SBER,2020-09-01T19:37:00+03:00,227.20,227.23,227.15,227.15,688
MOEX:SBER,2020-09-01T19:38:00+03:00,227.21,227.29,227.21,227.29,77
MOEX:SBER,2020-09-01T19:39:00+03:00,227.23,227.23,227.21,227.21,15
MOEX:SBER,2020-09-01T19:40:00+03:00,227.20,227.27,227.15,227.21,75
MOEX:SBER,2020-09-01T19:41:00+03:00,227.21,227.25,227.21,227.25,36
MOEX:SBER,2020-09-01T19:42:00+03:00,227.26,227.27,227.21,227.22,100
MOEX:SBER,2020-09-01T19:43:00+03:00,227.22,227.23,227.15,227.22,50
MOEX:SBER,2020-09-01T19:44:00+03:00,227.22,227.23,227.15,227.21,214
MOEX:SBER,2020-09-01T19:45:00+03:00,227.22,227.22,227.15,227.22,430
MOEX:SBER,2020-09-01T19:46:00+03:00,227.22,227.22,227.15,227.21,91
MOEX:SBER,2020-09-01T19:47:00+03:00,227.15,227.21,227.15,227.21,23
MOEX:SBER,2020-09-01T19:48:00+03:00,227.21,227.21,227.17,227.17,6
MOEX:SBER,2020-09-01T19:49:00+03:00,227.21,227.24,227.17,227.24,100
MOEX:SBER,2020-09-01T19:50:00+03:00,227.22,227.24,227.22,227.24,7
MOEX:SBER,2020-09-01T19:51:00+03:00,227.17,227.24,227.17,227.19,18
MOEX:SBER,2020-09-01T19:52:00+03:00,227.24,227.24,227.24,227.24,2
MOEX:SBER,2020-09-01T19:53:00+03:00,227.24,227.24,227.15,227.15,180
MOEX:SBER,2020-09-01T19:54:00+03:00,227.19,227.23,227.13,227.23,92
MOEX:SBER,2020-09-01T19:55:00+03:00,227.13,227.24,227.13,227.13,73
MOEX:SBER,2020-09-01T19:56:00+03:00,227.13,227.24,227.10,227.12,369
MOEX:SBER,2020-09-01T19:57:00+03:00,227.12,227.21,227.11,227.11,118
MOEX:SBER,2020-09-01T19:58:00+03:00,227.19,227.19,227.10,227.19,90
MOEX:SBER,2020-09-01T19:59:00+03:00,227.10,227.10,227.00,227.03,861
MOEX:SBER,2020-09-01T20:00:00+03:00,227.03,227.08,226.85,226.89,3712
MOEX:SBER,2020-09-01T20:01:00+03:00,226.90,227.00,226.87,227.00,15
MOEX:SBER,2020-09-01T20:02:00+03:00,227.00,227.00,226.92,226.92,74
MOEX:SBER,2020-09-01T20:03:00+03:00,226.92,226.98,226.90,226.90,454
MOEX:SBER,2020-09-01T20:04:00+03:00,226.90,226.98,226.90,226.96,801
MOEX:SBER,2020-09-01T20:05:00+03:00,226.90,226.99,226.90,226.99,287
MOEX:SBER,2020-09-01T20:06:00+03:00,226.93,226.93,226.83,226.91,894
MOEX:SBER,2020-09-01T20:07:00+03:00,226.82,226.91,226.82,226.83,173
MOEX:SBER,2020-09-01T20:08:00+03:00,226.93,226.93,226.83,226.93,154
MOEX:SBER,2020-09-01T20:09:00+03:00,226.84,226.92,226.80,226.90,2057
MOEX:SBER,2020-09-01T20:10:00+03:00,226.85,226.90,226.79,226.89,399
MOEX:SBER,2020-09-01T20:11:00+03:00,226.89,226.89,226.77,226.85,127
MOEX:SBER,2020-09-01T20:12:00+03:00,226.85,226.85,226.77,226.84,315
MOEX:SBER,2020-09-01T20:13:00+03:00,226.84,226.85,226.84,226.85,2
MOEX:SBER,2020-09-01T20:14:00+03:00,226.85,226.85,226.77,226.84,255
MOEX:SBER,2020-09-01T20:15:00+03:00,226.84,226.84,226.80,226.84,259
MOEX:SBER,2020-09-01T20:16:00+03:00,226.84,226.90,226.83,226.90,837
MOEX:SBER,2020-09-01T20:17:00+03:00,226.90,226.99,226.90,226.99,134
MOEX:SBER,2020-09-01T20:18:00+03:00,226.99,227.01,226.91,226.91,81
MOEX:SBER,2020-09-01T20:19:00+03:00,227.00,227.00,226.88,226.88,10
MOEX:SBER,2020-09-01T20:20:00+03:00,226.98,226.99,226.85,226.92,1113
MOEX:SBER,2020-09-01T20:21:00+03:00,226.93,226.95,226.93,226.95,107
MOEX:SBER,2020-09-01T20:22:00+03:00,226.95,227.00,226.86,226.94,684
MOEX:SBER,2020-09-01T20:23:00+03:00,226.94,226.95,226.86,226.93,117
MOEX:SBER,2020-09-01T20:24:00+03:00,226.96,226.97,226.96,226.96,38
MOEX:SBER,2020-09-01T20:25:00+03:00,226.90,226.96,226.85,226.96,401
MOEX:SBER,2020-09-01T20:26:00+03:00,226.95,226.99,226.95,226.99,375
MOEX:SBER,2020-09-01T20:27:00+03:00,226.96,227.04,226.96,227.04,154
MOEX:SBER,2020-09-01T20:28:00+03:00,227.04,227.10,227.04,227.09,188
MOEX:SBER,2020-09-01T20:29:00+03:00,227.09,227.10,227.06,227.06,203
MOEX:SBER,2020-09-01T20:30:00+03:00,227.10,227.10,227.10,227.10,61
MOEX:SBER,2020-09-01T20:31:00+03:00,227.07,227.10,227.07,227.10,35
MOEX:SBER,2020-09-01T20:32:00+03:00,227.10,227.15,227.10,227.15,423
MOEX:SBER,2020-09-01T20:33:00+03:00,227.10,227.13,227.09,227.13,50
MOEX:SBER,2020-09-01T20:34:00+03:00,227.13,227.13,227.10,227.12,30
MOEX:SBER,2020-09-01T20:35:00+03:00,227.12,227.13,227.07,227.12,171
MOEX:SBER,2020-09-01T20:36:00+03:00,227.12,227.13,227.07,227.10,49
MOEX:SBER,2020-09-01T20:37:00+03:00,227.12,227.12,227.00,227.00,93
MOEX:SBER,2020-09-01T20:38:00+03:00,227.07,227.07,227.00,227.07,345
MOEX:SBER,2020-09-01T20:39:00+03:00,227.00,227.07,227.00,227.00,60
MOEX:SBER,2020-09-01T20:40:00+03:00,227.00,227.09,227.00,227.00,168
MOEX:SBER,2020-09-01T20:41:00+03:00,227.09,227.10,227.01,227.02,163
MOEX:SBER,2020-09-01T20:42:00+03:00,227.07,227.07,227.01,227.07,229
MOEX:SBER,2020-09-01T20:43:00+03:00,227.07,227.07,227.00,227.07,46
MOEX:SBER,2020-09-01T20:44:00+03:00,227.07,227.07,227.01,227.07,22
MOEX:SBER,2020-09-01T20:45:00+03:00,227.00,227.07,227.00,227.00,26
MOEX:SBER,2020-09-01T20:46:00+03:00,227.00,227.07,227.00,227.00,276
MOEX:SBER,2020-09-01T20:47:00+03:00,227.07,227.07,227.00,227.00,170
MOEX:SBER,2020-09-01T20:48:00+03:00,227.07,227.07,227.00,227.07,276
MOEX:SBER,2020-09-01T20:49:00+03:00,227.07,227.16,227.07,227.07,993
MOEX:SBER,2020-09-01T20:50:00+03:00,227.09,227.09,227.09,227.09,235
MOEX:SBER,2020-09-01T20:51:00+03:00,227.13,227.13,227.08,227.08,43
MOEX:SBER,2020-09-01T20:52:00+03:00,227.13,227.13,227.08,227.08,25
MOEX:SBER,2020-09-01T20:53:00+03:00,227.13,227.13,227.13,227.13,1
MOEX:SBER,2020-09-01T20:54:00+03:00,227.13,227.16,227.08,227.08,295
MOEX:SBER,2020-09-01T20:56:00+03:00,227.09,227.10,227.02,227.02,330
MOEX:SBER,2020-09-01T20:57:00+03:00,227.17,227.19,227.04,227.04,308
MOEX:SBER,2020-09-01T20:58:00+03:00,227.04,227.14,227.01,227.02,278
MOEX:SBER,2020-09-01T20:59:00+03:00,227.10,227.10,227.01,227.01,33
MOEX:SBER,2020-09-01T21:00:00+03:00,227.03,227.10,227.03,227.10,11
MOEX:SBER,2020-09-01T21:01:00+03:00,227.10,227.10,227.03,227.06,382
MOEX:SBER,2020-09-01T21:02:00+03:00,227.04,227.04,227.04,227.04,2
MOEX:SBER,2020-09-01T21:03:00+03:00,227.10,227.10,227.04,227.04,15
MOEX:SBER,2020-09-01T21:04:00+03:00,227.10,227.10,227.04,227.05,107
MOEX:SBER,2020-09-01T21:05:00+03:00,227.10,227.10,227.05,227.10,37
MOEX:SBER,2020-09-01T21:06:00+03:00,227.10,227.10,227.03,227.10,8
MOEX:SBER,2020-09-01T21:07:00+03:00,227.05,227.10,227.02,227.10,69
MOEX:SBER,2020-09-01T21:08:00+03:00,227.03,227.10,227.03,227.03,73
MOEX:SBER,2020-09-01T21:09:00+03:00,227.05,227.10,227.03,227.10,312
MOEX:SBER,2020-09-01T21:10:00+03:00,227.10,227.10,227.08,227.08,16
MOEX:SBER,2020-09-01T21:11:00+03:00,227.09,227.10,227.09,227.10,120
MOEX:SBER,2020-09-01T21:12:00+03:00,227.10,227.10,227.10,227.10,112
MOEX:SBER,2020-09-01T21:13:00+03:00,227.10,227.10,227.09,227.10,110
MOEX:SBER,2020-09-01T21:14:00+03:00,227.06,227.06,227.05,227.06,87
MOEX:SBER,2020-09-01T21:15:00+03:00,227.05,227.06,227.05,227.05,110
MOEX:SBER,2020-09-01T21:16:00+03:00,227.05,227.06,227.05,227.05,325
MOEX:SBER,2020-09-01T21:17:00+03:00,227.06,227.06,227.06,227.06,18
MOEX:SBER,2020-09-01T21:18:00+03:00,227.06,227.06,227.04,227.06,7
MOEX:SBER,2020-09-01T21:19:00+03:00,227.04,227.09,227.04,227.05,38
MOEX:SBER,2020-09-01T21:20:00+03:00,227.09,227.10,227.05,227.05,27
MOEX:SBER,2020-09-01T21:21:00+03:00,227.05,227.10,227.05,227.10,41
MOEX:SBER,2020-09-01T21:22:00+03:00,227.10,227.10,227.06,227.06,19
MOEX:SBER,2020-09-01T21:23:00+03:00,227.10,227.10,227.06,227.10,7
MOEX:SBER,2020-09-01T21:24:00+03:00,227.10,227.14,227.10,227.14,1233
MOEX:SBER,2020-09-01T21:25:00+03:00,227.15,227.17,227.15,227.17,116
MOEX:SBER,2020-09-01T21:26:00+03:00,227.16,227.18,227.08,227.15,291
MOEX:SBER,2020-09-01T21:27:00+03:00,227.15,227.15,227.14,227.14,3
MOEX:SBER,2020-09-01T21:28:00+03:00,227.10,227.14,227.07,227.13,172
MOEX:SBER,2020-09-01T21:29:00+03:00,227.09,227.13,227.09,227.10,99
MOEX:SBER,2020-09-01T21:30:00+03:00,227.10,227.15,227.07,227.15,660
MOEX:SBER,2020-09-01T21:31:00+03:00,227.15,227.15,227.07,227.15,124
MOEX:SBER,2020-09-01T21:32:00+03:00,227.17,227.17,227.07,227.15,378
MOEX:SBER,2020-09-01T21:33:00+03:00,227.15,227.15,227.15,227.15,81
MOEX:SBER,2020-09-01T21:34:00+03:00,227.15,227.15,227.10,227.15,22
MOEX:SBER,2020-09-01T21:35:00+03:00,227.15,227.15,227.08,227.15,470
MOEX:SBER,2020-09-01T21:36:00+03:00,227.08,227.15,227.08,227.08,318
MOEX:SBER,2020-09-01T21:37:00+03:00,227.08,227.15,227.08,227.15,6
MOEX:SBER,2020-09-01T21:38:00+03:00,227.15,227.15,227.15,227.15,10
MOEX:SBER,2020-09-01T21:39:00+03:00,227.15,227.15,227.15,227.15,72
MOEX:SBER,2020-09-01T21:40:00+03:00,227.15,227.15,227.09,227.15,36
MOEX:SBER,2020-09-01T21:41:00+03:00,227.15,227.17,227.12,227.16,213
MOEX:SBER,2020-09-01T21:42:00+03:00,227.17,227.20,227.16,227.20,539
MOEX:SBER,2020-09-01T21:43:00+03:00,227.20,227.20,227.15,227.19,96
MOEX:SBER,2020-09-01T21:44:00+03:00,227.19,227.19,227.15,227.19,31
MOEX:SBER,2020-09-01T21:45:00+03:00,227.19,227.20,227.15,227.15,859
MOEX:SBER,2020-09-01T21:46:00+03:00,227.15,227.20,227.15,227.15,27
MOEX:SBER,2020-09-01T21:47:00+03:00,227.20,227.20,227.15,227.15,2
MOEX:SBER,2020-09-01T21:48:00+03:00,227.19,227.20,227.15,227.20,1248
MOEX:SBER,2020-09-01T21:49:00+03:00,227.20,227.20,227.07,227.17,1962
MOEX:SBER,2020-09-01T21:50:00+03:00,227.16,227.17,227.15,227.17,309
MOEX:SBER,2020-09-01T21:51:00+03:00,227.16,227.16,227.05,227.15,57
MOEX:SBER,2020-09-01T21:52:00+03:00,227.15,227.15,226.70,226.95,15296
MOEX:SBER,2020-09-01T21:53:00+03:00,226.95,226.96,226.95,226.95,103
MOEX:SBER,2020-09-01T21:54:00+03:00,226.97,226.99,226.94,226.94,14
MOEX:SBER,2020-09-01T21:55:00+03:00,226.94,226.94,226.90,226.94,140
MOEX:SBER,2020-09-01T21:56:00+03:00,226.99,226.99,226.99,226.99,32
MOEX:SBER,2020-09-01T21:57:00+03:00,226.99,227.00,226.90,227.00,351
MOEX:SBER,2020-09-01T21:58:00+03:00,227.00,227.00,226.97,226.99,144
MOEX:SBER,2020-09-01T21:59:00+03:00,226.99,226.99,226.95,226.95,72
MOEX:SBER,2020-09-01T22:00:00+03:00,226.97,226.97,226.94,226.94,47
MOEX:SBER,2020-09-01T22:01:00+03:00,226.94,226.99,226.90,226.99,116
MOEX:SBER,2020-09-01T22:02:00+03:00,226.99,227.02,226.99,227.02,1252
MOEX:SBER,2020-09-01T22:03:00+03:00,227.02,227.02,227.02,227.02,122
MOEX:SBER,2020-09-01T22:04:00+03:00,227.01,227.02,226.91,226.91,63
MOEX:SBER,2020-09-01T22:05:00+03:00,226.99,226.99,226.90,226.99,1604
MOEX:SBER,2020-09-01T22:06:00+03:00,227.00,227.00,227.00,227.00,2
MOEX:SBER,2020-09-01T22:07:00+03:00,227.00,227.03,226.95,226.95,384
MOEX:SBER,2020-09-01T22:08:00+03:00,227.00,227.03,227.00,227.03,161
MOEX:SBER,2020-09-01T22:09:00+03:00,227.03,227.10,227.03,227.10,8
MOEX:SBER,2020-09-01T22:10:00+03:00,227.10,227.12,227.10,227.10,400
MOEX:SBER,2020-09-01T22:11:00+03:00,227.11,227.14,227.10,227.10,1043
MOEX:SBER,2020-09-01T22:12:00+03:00,227.10,227.14,227.10,227.10,363
MOEX:SBER,2020-09-01T22:13:00+03:00,227.15,227.15,227.10,227.10,512
MOEX:SBER,2020-09-01T22:14:00+03:00,227.05,227.11,227.05,227.11,117
MOEX:SBER,2020-09-01T22:15:00+03:00,227.11,227.20,227.11,227.20,2944
MOEX:SBER,2020-09-01T22:16:00+03:00,227.18,227.19,227.17,227.19,293
MOEX:SBER,2020-09-01T22:17:00+03:00,227.13,227.20,227.13,227.13,621
MOEX:SBER,2020-09-01T22:18:00+03:00,227.15,227.15,227.13,227.13,318
MOEX:SBER,2020-09-01T22:19:00+03:00,227.13,227.20,227.13,227.20,149
MOEX:SBER,2020-09-01T22:20:00+03:00,227.20,227.20,227.14,227.20,393
MOEX:SBER,2020-09-01T22:21:00+03:00,227.19,227.19,227.14,227.14,34
MOEX:SBER,2020-09-01T22:22:00+03:00,227.14,227.22,227.14,227.22,4519
MOEX:SBER,2020-09-01T22:23:00+03:00,227.22,227.22,227.20,227.20,12
MOEX:SBER,2020-09-01T22:24:00+03:00,227.22,227.25,227.22,227.25,857
MOEX:SBER,2020-09-01T22:25:00+03:00,227.25,227.25,227.21,227.21,101
MOEX:SBER,2020-09-01T22:26:00+03:00,227.25,227.29,227.20,227.25,389
MOEX:SBER,2020-09-01T22:27:00+03:00,227.28,227.29,227.28,227.28,486
MOEX:SBER,2020-09-01T22:28:00+03:00,227.28,227.28,227.26,227.27,129
MOEX:SBER,2020-09-01T22:29:00+03:00,227.27,227.28,227.27,227.28,52
MOEX:SBER,2020-09-01T22:30:00+03:00,227.27,227.27,227.12,227.12,143
MOEX:SBER,2020-09-01T22:31:00+03:00,227.18,227.18,227.18,227.18,117
MOEX:SBER,2020-09-01T22:32:00+03:00,227.12,227.22,227.12,227.22,8
MOEX:SBER,2020-09-01T22:33:00+03:00,227.18,227.18,227.18,227.18,161
MOEX:SBER,2020-09-01T22:34:00+03:00,227.22,227.22,227.20,227.20,335
MOEX:SBER,2020-09-01T22:35:00+03:00,227.20,227.20,227.20,227.20,3
MOEX:SBER,2020-09-01T22:36:00+03:00,227.22,227.27,227.22,227.22,184
MOEX:SBER,2020-09-01T22:37:00+03:00,227.26,227.28,227.25,227.27,137
MOEX:SBER,2020-09-01T22:38:00+03:00,227.22,227.27,227.22,227.27,24
MOEX:SBER,2020-09-01T22:39:00+03:00,227.27,227.27,227.27,227.27,1
MOEX:SBER,2020-09-01T22:40:00+03:00,227.27,227.33,227.22,227.22,6979
MOEX:SBER,2020-09-01T22:41:00+03:00,227.23,227.34,227.23,227.31,129
MOEX:SBER,2020-09-01T22:42:00+03:00,227.35,227.38,227.30,227.30,260
MOEX:SBER,2020-09-01T22:43:00+03:00,227.36,227.39,227.27,227.39,1295
MOEX:SBER,2020-09-01T22:44:00+03:00,227.39,227.39,227.27,227.38,1130
MOEX:SBER,2020-09-01T22:45:00+03:00,227.38,227.39,227.38,227.38,505
MOEX:SBER,2020-09-01T22:46:00+03:00,227.38,227.38,227.29,227.29,30
MOEX:SBER,2020-09-01T22:47:00+03:00,227.29,227.35,227.29,227.29,64
MOEX:SBER,2020-09-01T22:48:00+03:00,227.36,227.37,227.35,227.35,175
MOEX:SBER,2020-09-01T22:49:00+03:00,227.35,227.38,227.32,227.38,138
MOEX:SBER,2020-09-01T22:50:00+03:00,227.37,227.37,227.37,227.37,5
MOEX:SBER,2020-09-01T22:51:00+03:00,227.35,227.36,227.28,227.28,41
MOEX:SBER,2020-09-01T22:52:00+03:00,227.28,227.30,227.27,227.30,70
MOEX:SBER,2020-09-01T22:53:00+03:00,227.35,227.35,227.35,227.35,2
MOEX:SBER,2020-09-01T22:54:00+03:00,227.35,227.35,227.30,227.30,56
MOEX:SBER,2020-09-01T22:55:00+03:00,227.30,227.30,227.23,227.23,178
MOEX:SBER,2020-09-01T22:56:00+03:00,227.25,227.29,227.25,227.29,2
MOEX:SBER,2020-09-01T22:57:00+03:00,227.29,227.29,227.29,227.29,2
MOEX:SBER,2020-09-01T22:58:00+03:00,227.29,227.38,227.29,227.38,2210
MOEX:SBER,2020-09-01T22:59:00+03:00,227.36,227.38,227.28,227.38,67
MOEX:SBER,2020-09-01T23:00:00+03:00,227.38,227.38,227.30,227.38,3
MOEX:SBER,2020-09-01T23:01:00+03:00,227.38,227.38,227.38,227.38,12
MOEX:SBER,2020-09-01T23:02:00+03:00,227.38,227.38,227.31,227.38,7
MOEX:SBER,2020-09-01T23:03:00+03:00,227.31,227.38,227.31,227.38,49
MOEX:SBER,2020-09-01T23:04:00+03:00,227.33,227.38,227.33,227.38,123
MOEX:SBER,2020-09-01T23:05:00+03:00,227.33,227.40,227.33,227.40,922
MOEX:SBER,2020-09-01T23:06:00+03:00,227.40,227.40,227.33,227.40,177
MOEX:SBER,2020-09-01T23:07:00+03:00,227.39,227.40,227.33,227.39,117
MOEX:SBER,2020-09-01T23:08:00+03:00,227.39,227.40,227.34,227.34,3208
MOEX:SBER,2020-09-01T23:09:00+03:00,227.40,227.40,227.39,227.40,150
MOEX:SBER,2020-09-01T23:10:00+03:00,227.40,227.40,227.35,227.40,795
MOEX:SBER,2020-09-01T23:11:00+03:00,227.40,227.40,227.39,227.39,69
MOEX:SBER,2020-09-01T23:12:00+03:00,227.40,227.40,227.40,227.40,928
MOEX:SBER,2020-09-01T23:13:00+03:00,227.40,227.40,227.35,227.40,1374
MOEX:SBER,2020-09-01T23:14:00+03:00,227.40,227.44,227.37,227.44,3040
MOEX:SBER,2020-09-01T23:15:00+03:00,227.44,227.46,227.44,227.46,264
MOEX:SBER,2020-09-01T23:16:00+03:00,227.47,227.50,227.46,227.50,1132
MOEX:SBER,2020-09-01T23:17:00+03:00,227.50,227.53,227.50,227.53,748
MOEX:SBER,2020-09-01T23:18:00+03:00,227.46,227.50,227.46,227.50,62
MOEX:SBER,2020-09-01T23:19:00+03:00,227.50,227.54,227.50,227.54,140
MOEX:SBER,2020-09-01T23:20:00+03:00,227.53,227.56,227.50,227.56,1674
MOEX:SBER,2020-09-01T23:21:00+03:00,227.56,227.58,227.54,227.54,92
MOEX:SBER,2020-09-01T23:22:00+03:00,227.55,227.60,227.49,227.54,1065
MOEX:SBER,2020-09-01T23:23:00+03:00,227.60,227.69,227.55,227.57,876
MOEX:SBER,2020-09-01T23:24:00+03:00,227.66,227.67,227.57,227.59,13
MOEX:SBER,2020-09-01T23:25:00+03:00,227.67,227.67,227.60,227.65,58
MOEX:SBER,2020-09-01T23:26:00+03:00,227.64,227.68,227.60,227.67,183
MOEX:SBER,2020-09-01T23:27:00+03:00,227.66,227.66,227.66,227.66,23
MOEX:SBER,2020-09-01T23:28:00+03:00,227.66,227.66,227.60,227.66,36
MOEX:SBER,2020-09-01T23:29:00+03:00,227.66,227.67,227.54,227.66,356
MOEX:SBER,2020-09-01T23:30:00+03:00,227.66,227.66,227.54,227.55,358
MOEX:SBER,2020-09-01T23:31:00+03:00,227.55,227.64,227.55,227.64,8
MOEX:SBER,2020-09-01T23:32:00+03:00,227.55,227.63,227.55,227.55,213
MOEX:SBER,2020-09-01T23:33:00+03:00,227.55,227.63,227.50,227.63,516
MOEX:SBER,2020-09-01T23:34:00+03:00,227.51,227.66,227.51,227.66,263
MOEX:SBER,2020-09-01T23:35:00+03:00,227.65,227.66,227.60,227.64,1569
MOEX:SBER,2020-09-01T23:36:00+03:00,227.64,227.73,227.64,227.73,2251
MOEX:SBER,2020-09-01T23:37:00+03:00,227.65,227.65,227.56,227.56,481
MOEX:SBER,2020-09-01T23:38:00+03:00,227.64,227.64,227.64,227.64,22
MOEX:SBER,2020-09-01T23:39:00+03:00,227.63,227.63,227.63,227.63,1
MOEX:SBER,2020-09-01T23:40:00+03:00,227.58,227.66,227.58,227.66,390
MOEX:SBER,2020-09-01T23:41:00+03:00,227.67,227.67,227.58,227.67,130
MOEX:SBER,2020-09-01T23:42:00+03:00,227.60,227.70,227.57,227.69,479
MOEX:SBER,2020-09-01T23:43:00+03:00,227.62,227.73,227.62,227.73,115
MOEX:SBER,2020-09-01T23:44:00+03:00,227.73,227.77,227.73,227.73,204
MOEX:SBER,2020-09-01T23:45:00+03:00,227.71,227.78,227.70,227.76,312
MOEX:SBER,2020-09-01T23:46:00+03:00,227.71,227.78,227.60,227.69,1886
MOEX:SBER,2020-09-01T23:47:00+03:00,227.69,227.70,227.64,227.70,463
MOEX:SBER,2020-09-01T23:48:00+03:00,227.70,227.80,227.64,227.70,1505
MOEX:SBER,2020-09-01T23:49:00+03:00,227.68,227.68,227.64,227.64,521
