MOEX:RVI,2023-10-24T09:05:00+03:00,25.38,25.42,25.38,25.42,7
MOEX:RVI,2023-10-24T09:06:00+03:00,25.40,25.40,25.39,25.39,8
MOEX:RVI,2023-10-24T09:07:00+03:00,25.39,25.39,25.39,25.39,7
MOEX:RVI,2023-10-24T09:08:00+03:00,25.39,25.39,25.38,25.38,8
MOEX:RVI,2023-10-24T09:09:00+03:00,25.37,25.38,25.37,25.37,6
MOEX:RVI,2023-10-24T09:10:00+03:00,25.39,25.40,25.39,25.40,8
MOEX:RVI,2023-10-24T09:11:00+03:00,25.40,25.41,25.40,25.41,7
MOEX:RVI,2023-10-24T09:12:00+03:00,25.41,25.41,25.39,25.39,6
MOEX:RVI,2023-10-24T09:13:00+03:00,25.39,25.39,25.39,25.39,7
MOEX:RVI,2023-10-24T09:14:00+03:00,25.39,25.40,25.39,25.40,8
MOEX:RVI,2023-10-24T09:15:00+03:00,25.40,25.44,25.39,25.44,8
MOEX:RVI,2023-10-24T09:16:00+03:00,25.44,25.48,25.44,25.48,7
MOEX:RVI,2023-10-24T09:17:00+03:00,25.49,25.52,25.49,25.52,7
MOEX:RVI,2023-10-24T09:18:00+03:00,25.52,25.53,25.52,25.53,7
MOEX:RVI,2023-10-24T09:19:00+03:00,25.52,25.52,25.51,25.51,6
MOEX:RVI,2023-10-24T09:20:00+03:00,25.51,25.51,25.50,25.50,7
MOEX:RVI,2023-10-24T09:21:00+03:00,25.48,25.52,25.47,25.51,7
MOEX:RVI,2023-10-24T09:22:00+03:00,25.51,25.57,25.51,25.57,7
MOEX:RVI,2023-10-24T09:23:00+03:00,25.56,25.63,25.56,25.63,8
MOEX:RVI,2023-10-24T09:24:00+03:00,25.63,25.63,25.60,25.61,8
MOEX:RVI,2023-10-24T09:25:00+03:00,25.59,25.61,25.59,25.60,5
MOEX:RVI,2023-10-24T09:26:00+03:00,25.59,25.61,25.59,25.61,8
MOEX:RVI,2023-10-24T09:27:00+03:00,25.62,25.62,25.60,25.61,5
MOEX:RVI,2023-10-24T09:28:00+03:00,25.61,25.61,25.60,25.60,8
MOEX:RVI,2023-10-24T09:29:00+03:00,25.60,25.60,25.60,25.60,6
MOEX:RVI,2023-10-24T09:30:00+03:00,25.60,25.62,25.60,25.62,7
MOEX:RVI,2023-10-24T09:31:00+03:00,25.64,25.65,25.64,25.65,6
MOEX:RVI,2023-10-24T09:32:00+03:00,25.66,25.66,25.64,25.64,5
MOEX:RVI,2023-10-24T09:33:00+03:00,25.64,25.64,25.63,25.63,4
MOEX:RVI,2023-10-24T09:34:00+03:00,25.63,25.63,25.58,25.59,7
MOEX:RVI,2023-10-24T09:35:00+03:00,25.59,25.59,25.55,25.55,8
MOEX:RVI,2023-10-24T09:36:00+03:00,25.54,25.54,25.51,25.51,7
MOEX:RVI,2023-10-24T09:37:00+03:00,25.53,25.54,25.53,25.54,6
MOEX:RVI,2023-10-24T09:38:00+03:00,25.54,25.55,25.53,25.53,8
MOEX:RVI,2023-10-24T09:39:00+03:00,25.55,25.58,25.55,25.58,7
MOEX:RVI,2023-10-24T09:40:00+03:00,25.58,25.59,25.58,25.59,8
MOEX:RVI,2023-10-24T09:41:00+03:00,25.59,25.59,25.59,25.59,7
MOEX:RVI,2023-10-24T09:42:00+03:00,25.59,25.60,25.59,25.60,8
MOEX:RVI,2023-10-24T09:43:00+03:00,25.60,25.62,25.60,25.62,6
MOEX:RVI,2023-10-24T09:44:00+03:00,25.62,25.64,25.62,25.64,8
MOEX:RVI,2023-10-24T09:45:00+03:00,25.64,25.64,25.63,25.63,8
MOEX:RVI,2023-10-24T09:46:00+03:00,25.63,25.63,25.63,25.63,6
MOEX:RVI,2023-10-24T09:47:00+03:00,25.63,25.63,25.62,25.62,7
MOEX:RVI,2023-10-24T09:48:00+03:00,25.62,25.62,25.60,25.61,8
MOEX:RVI,2023-10-24T09:49:00+03:00,25.61,25.62,25.61,25.62,8
MOEX:RVI,2023-10-24T09:50:00+03:00,25.62,25.62,25.62,25.62,8
MOEX:RVI,2023-10-24T09:51:00+03:00,25.62,25.62,25.62,25.62,8
MOEX:RVI,2023-10-24T09:52:00+03:00,25.60,25.61,25.60,25.61,7
MOEX:RVI,2023-10-24T09:53:00+03:00,25.61,25.61,25.61,25.61,8
MOEX:RVI,2023-10-24T09:54:00+03:00,25.60,25.60,25.59,25.59,8
MOEX:RVI,2023-10-24T09:55:00+03:00,25.59,25.60,25.59,25.60,8
MOEX:RVI,2023-10-24T09:56:00+03:00,25.62,25.63,25.62,25.63,7
MOEX:RVI,2023-10-24T09:57:00+03:00,25.63,25.63,25.60,25.60,7
MOEX:RVI,2023-10-24T09:58:00+03:00,25.60,25.60,25.60,25.60,6
MOEX:RVI,2023-10-24T09:59:00+03:00,25.60,25.61,25.60,25.61,8
MOEX:RVI,2023-10-24T10:00:00+03:00,25.63,25.64,25.47,25.47,8
MOEX:RVI,2023-10-24T10:01:00+03:00,25.48,25.48,25.41,25.41,7
MOEX:RVI,2023-10-24T10:02:00+03:00,25.24,25.31,25.24,25.31,7
MOEX:RVI,2023-10-24T10:03:00+03:00,25.14,25.14,25.09,25.11,6
MOEX:RVI,2023-10-24T10:04:00+03:00,25.15,25.18,25.15,25.18,8
MOEX:RVI,2023-10-24T10:05:00+03:00,25.14,25.19,25.14,25.19,7
MOEX:RVI,2023-10-24T10:06:00+03:00,25.24,25.24,25.22,25.22,8
MOEX:RVI,2023-10-24T10:07:00+03:00,25.21,25.21,25.15,25.15,7
MOEX:RVI,2023-10-24T10:08:00+03:00,25.15,25.29,25.06,25.06,7
MOEX:RVI,2023-10-24T10:09:00+03:00,24.90,24.90,24.81,24.83,8
MOEX:RVI,2023-10-24T10:10:00+03:00,24.84,24.92,24.84,24.92,7
MOEX:RVI,2023-10-24T10:11:00+03:00,24.92,24.92,24.90,24.90,8
MOEX:RVI,2023-10-24T10:12:00+03:00,24.89,24.93,24.89,24.93,7
MOEX:RVI,2023-10-24T10:13:00+03:00,24.94,24.95,24.94,24.95,7
MOEX:RVI,2023-10-24T10:14:00+03:00,24.95,24.97,24.95,24.97,6
MOEX:RVI,2023-10-24T10:15:00+03:00,24.99,24.99,24.93,24.93,7
MOEX:RVI,2023-10-24T10:16:00+03:00,24.93,25.00,24.92,25.00,6
MOEX:RVI,2023-10-24T10:17:00+03:00,25.04,25.06,25.04,25.04,8
MOEX:RVI,2023-10-24T10:18:00+03:00,25.03,25.03,25.02,25.02,6
MOEX:RVI,2023-10-24T10:19:00+03:00,25.01,25.04,25.01,25.04,7
MOEX:RVI,2023-10-24T10:20:00+03:00,25.05,25.23,25.05,25.23,8
MOEX:RVI,2023-10-24T10:21:00+03:00,25.24,25.30,25.24,25.30,8
MOEX:RVI,2023-10-24T10:22:00+03:00,25.30,25.30,25.30,25.30,7
MOEX:RVI,2023-10-24T10:23:00+03:00,25.29,25.29,25.28,25.29,6
MOEX:RVI,2023-10-24T10:24:00+03:00,25.29,25.29,25.28,25.29,6
MOEX:RVI,2023-10-24T10:25:00+03:00,25.30,25.31,25.30,25.31,8
MOEX:RVI,2023-10-24T10:26:00+03:00,25.32,25.37,25.32,25.37,6
MOEX:RVI,2023-10-24T10:27:00+03:00,25.34,25.34,25.32,25.32,7
MOEX:RVI,2023-10-24T10:28:00+03:00,25.32,25.39,25.32,25.39,8
MOEX:RVI,2023-10-24T10:29:00+03:00,25.39,25.39,25.35,25.35,8
MOEX:RVI,2023-10-24T10:30:00+03:00,25.34,25.34,25.19,25.19,8
MOEX:RVI,2023-10-24T10:31:00+03:00,25.20,25.20,25.19,25.20,7
MOEX:RVI,2023-10-24T10:32:00+03:00,25.21,25.26,25.21,25.26,7
MOEX:RVI,2023-10-24T10:33:00+03:00,25.23,25.27,25.23,25.27,7
MOEX:RVI,2023-10-24T10:34:00+03:00,25.27,25.28,25.27,25.28,8
MOEX:RVI,2023-10-24T10:35:00+03:00,25.28,25.29,25.28,25.29,7
MOEX:RVI,2023-10-24T10:36:00+03:00,25.29,25.30,25.28,25.30,8
MOEX:RVI,2023-10-24T10:37:00+03:00,25.30,25.30,25.29,25.29,8
MOEX:RVI,2023-10-24T10:38:00+03:00,25.30,25.31,25.30,25.31,8
MOEX:RVI,2023-10-24T10:39:00+03:00,25.31,25.31,25.22,25.22,8
MOEX:RVI,2023-10-24T10:40:00+03:00,25.22,25.22,25.22,25.22,7
MOEX:RVI,2023-10-24T10:41:00+03:00,25.21,25.21,25.21,25.21,5
MOEX:RVI,2023-10-24T10:42:00+03:00,25.21,25.22,25.20,25.22,6
MOEX:RVI,2023-10-24T10:43:00+03:00,25.22,25.23,25.22,25.23,6
MOEX:RVI,2023-10-24T10:44:00+03:00,25.23,25.23,25.23,25.23,8
MOEX:RVI,2023-10-24T10:45:00+03:00,25.23,25.26,25.23,25.24,8
MOEX:RVI,2023-10-24T10:46:00+03:00,25.24,25.24,25.24,25.24,7
MOEX:RVI,2023-10-24T10:47:00+03:00,25.24,25.25,25.24,25.25,7
MOEX:RVI,2023-10-24T10:48:00+03:00,25.26,25.29,25.26,25.29,5
MOEX:RVI,2023-10-24T10:49:00+03:00,25.29,25.30,25.29,25.30,6
MOEX:RVI,2023-10-24T10:50:00+03:00,25.30,25.30,25.29,25.29,6
MOEX:RVI,2023-10-24T10:51:00+03:00,25.30,25.32,25.30,25.32,6
MOEX:RVI,2023-10-24T10:52:00+03:00,25.33,25.40,25.33,25.40,7
MOEX:RVI,2023-10-24T10:53:00+03:00,25.41,25.41,25.40,25.40,7
MOEX:RVI,2023-10-24T10:54:00+03:00,25.40,25.42,25.20,25.20,7
MOEX:RVI,2023-10-24T10:55:00+03:00,25.07,25.10,25.07,25.10,7
MOEX:RVI,2023-10-24T10:56:00+03:00,25.17,25.25,25.17,25.25,6
MOEX:RVI,2023-10-24T10:57:00+03:00,25.25,25.26,25.22,25.22,8
MOEX:RVI,2023-10-24T10:58:00+03:00,25.22,25.22,25.18,25.18,7
MOEX:RVI,2023-10-24T10:59:00+03:00,25.18,25.20,25.18,25.19,6
MOEX:RVI,2023-10-24T11:00:00+03:00,25.18,25.18,24.96,24.96,8
MOEX:RVI,2023-10-24T11:01:00+03:00,24.96,24.97,24.95,24.95,7
MOEX:RVI,2023-10-24T11:02:00+03:00,24.94,24.94,24.94,24.94,5
MOEX:RVI,2023-10-24T11:03:00+03:00,24.94,25.02,24.94,25.02,6
MOEX:RVI,2023-10-24T11:04:00+03:00,25.02,25.02,25.02,25.02,8
MOEX:RVI,2023-10-24T11:05:00+03:00,25.03,25.04,25.03,25.04,7
MOEX:RVI,2023-10-24T11:06:00+03:00,25.04,25.05,25.03,25.03,7
MOEX:RVI,2023-10-24T11:07:00+03:00,25.03,25.04,25.03,25.04,7
MOEX:RVI,2023-10-24T11:08:00+03:00,25.13,25.13,25.06,25.06,7
MOEX:RVI,2023-10-24T11:09:00+03:00,25.06,25.07,25.06,25.07,7
MOEX:RVI,2023-10-24T11:10:00+03:00,25.11,25.21,25.11,25.21,7
MOEX:RVI,2023-10-24T11:11:00+03:00,25.21,25.21,25.21,25.21,6
MOEX:RVI,2023-10-24T11:12:00+03:00,25.21,25.21,25.21,25.21,6
MOEX:RVI,2023-10-24T11:13:00+03:00,25.21,25.21,25.20,25.20,5
MOEX:RVI,2023-10-24T11:14:00+03:00,25.20,25.20,25.18,25.18,8
MOEX:RVI,2023-10-24T11:15:00+03:00,25.18,25.18,25.13,25.13,6
MOEX:RVI,2023-10-24T11:16:00+03:00,25.12,25.12,25.12,25.12,6
MOEX:RVI,2023-10-24T11:17:00+03:00,25.11,25.12,25.11,25.11,7
MOEX:RVI,2023-10-24T11:18:00+03:00,25.11,25.11,24.95,24.95,8
MOEX:RVI,2023-10-24T11:19:00+03:00,24.94,24.96,24.94,24.96,8
MOEX:RVI,2023-10-24T11:20:00+03:00,24.97,24.98,24.97,24.98,6
MOEX:RVI,2023-10-24T11:21:00+03:00,24.98,25.12,24.98,25.12,5
MOEX:RVI,2023-10-24T11:22:00+03:00,25.13,25.23,25.13,25.23,7
MOEX:RVI,2023-10-24T11:23:00+03:00,25.23,25.24,25.23,25.24,8
MOEX:RVI,2023-10-24T11:24:00+03:00,25.23,25.26,25.23,25.26,7
MOEX:RVI,2023-10-24T11:25:00+03:00,25.26,25.29,25.26,25.29,7
MOEX:RVI,2023-10-24T11:26:00+03:00,25.29,25.30,25.29,25.30,6
MOEX:RVI,2023-10-24T11:27:00+03:00,25.30,25.35,25.28,25.35,7
MOEX:RVI,2023-10-24T11:28:00+03:00,25.36,25.38,25.36,25.38,6
MOEX:RVI,2023-10-24T11:29:00+03:00,25.38,25.38,25.35,25.35,8
MOEX:RVI,2023-10-24T11:30:00+03:00,25.36,25.37,25.35,25.35,7
MOEX:RVI,2023-10-24T11:31:00+03:00,25.35,25.36,25.35,25.36,8
MOEX:RVI,2023-10-24T11:32:00+03:00,25.36,25.36,25.35,25.35,8
MOEX:RVI,2023-10-24T11:33:00+03:00,25.35,25.35,25.32,25.32,6
MOEX:RVI,2023-10-24T11:34:00+03:00,25.32,25.33,25.32,25.33,7
MOEX:RVI,2023-10-24T11:35:00+03:00,25.33,25.33,25.33,25.33,7
MOEX:RVI,2023-10-24T11:36:00+03:00,25.33,25.33,25.31,25.32,8
MOEX:RVI,2023-10-24T11:37:00+03:00,25.32,25.32,25.32,25.32,5
MOEX:RVI,2023-10-24T11:38:00+03:00,25.32,25.34,25.32,25.34,7
MOEX:RVI,2023-10-24T11:39:00+03:00,25.26,25.26,25.20,25.23,8
MOEX:RVI,2023-10-24T11:40:00+03:00,25.23,25.25,25.23,25.25,8
MOEX:RVI,2023-10-24T11:41:00+03:00,25.27,25.29,25.27,25.29,6
MOEX:RVI,2023-10-24T11:42:00+03:00,25.30,25.33,25.30,25.33,6
MOEX:RVI,2023-10-24T11:43:00+03:00,25.35,25.48,25.35,25.48,7
MOEX:RVI,2023-10-24T11:44:00+03:00,25.48,25.48,25.46,25.46,6
MOEX:RVI,2023-10-24T11:45:00+03:00,25.46,25.46,25.43,25.43,6
MOEX:RVI,2023-10-24T11:46:00+03:00,25.43,25.44,25.43,25.44,6
MOEX:RVI,2023-10-24T11:47:00+03:00,25.45,25.45,25.45,25.45,6
MOEX:RVI,2023-10-24T11:48:00+03:00,25.45,25.47,25.45,25.47,6
MOEX:RVI,2023-10-24T11:49:00+03:00,25.47,25.51,25.47,25.51,6
MOEX:RVI,2023-10-24T11:50:00+03:00,25.55,25.55,25.53,25.55,7
MOEX:RVI,2023-10-24T11:51:00+03:00,25.55,25.55,25.54,25.55,7
MOEX:RVI,2023-10-24T11:52:00+03:00,25.55,25.55,25.54,25.54,7
MOEX:RVI,2023-10-24T11:53:00+03:00,25.54,25.54,25.53,25.53,6
MOEX:RVI,2023-10-24T11:54:00+03:00,25.53,25.53,25.52,25.52,8
MOEX:RVI,2023-10-24T11:55:00+03:00,25.52,25.53,25.52,25.53,6
MOEX:RVI,2023-10-24T11:56:00+03:00,25.59,25.59,25.46,25.46,8
MOEX:RVI,2023-10-24T11:57:00+03:00,25.59,25.60,25.59,25.60,7
MOEX:RVI,2023-10-24T11:58:00+03:00,25.61,25.61,25.61,25.61,8
MOEX:RVI,2023-10-24T11:59:00+03:00,25.61,25.61,25.61,25.61,7
MOEX:RVI,2023-10-24T12:00:00+03:00,25.61,25.61,25.58,25.58,7
MOEX:RVI,2023-10-24T12:01:00+03:00,25.58,25.58,25.58,25.58,6
MOEX:RVI,2023-10-24T12:02:00+03:00,25.57,25.69,25.56,25.69,7
MOEX:RVI,2023-10-24T12:03:00+03:00,25.69,25.69,25.67,25.67,7
MOEX:RVI,2023-10-24T12:04:00+03:00,25.67,25.68,25.67,25.68,7
MOEX:RVI,2023-10-24T12:05:00+03:00,25.68,25.68,25.68,25.68,7
MOEX:RVI,2023-10-24T12:06:00+03:00,25.67,25.68,25.67,25.68,6
MOEX:RVI,2023-10-24T12:07:00+03:00,25.68,25.69,25.68,25.68,7
MOEX:RVI,2023-10-24T12:08:00+03:00,25.69,25.70,25.69,25.69,7
MOEX:RVI,2023-10-24T12:09:00+03:00,25.73,25.94,25.73,25.94,7
MOEX:RVI,2023-10-24T12:10:00+03:00,25.94,25.95,25.94,25.94,7
MOEX:RVI,2023-10-24T12:11:00+03:00,25.92,25.92,25.80,25.80,5
MOEX:RVI,2023-10-24T12:12:00+03:00,25.80,25.80,25.49,25.49,8
MOEX:RVI,2023-10-24T12:13:00+03:00,25.49,25.49,25.49,25.49,5
MOEX:RVI,2023-10-24T12:14:00+03:00,25.48,25.48,25.48,25.48,8
MOEX:RVI,2023-10-24T12:15:00+03:00,25.46,25.47,25.46,25.47,7
MOEX:RVI,2023-10-24T12:16:00+03:00,25.47,25.47,25.46,25.46,6
MOEX:RVI,2023-10-24T12:17:00+03:00,25.47,25.66,25.47,25.62,8
MOEX:RVI,2023-10-24T12:18:00+03:00,25.62,25.64,25.61,25.64,6
MOEX:RVI,2023-10-24T12:19:00+03:00,25.62,25.62,25.51,25.51,7
MOEX:RVI,2023-10-24T12:20:00+03:00,25.62,25.62,25.54,25.55,8
MOEX:RVI,2023-10-24T12:21:00+03:00,25.70,25.70,25.69,25.69,4
MOEX:RVI,2023-10-24T12:22:00+03:00,25.69,25.70,25.69,25.70,6
MOEX:RVI,2023-10-24T12:23:00+03:00,25.70,25.70,25.65,25.65,6
MOEX:RVI,2023-10-24T12:24:00+03:00,25.65,25.71,25.64,25.71,8
MOEX:RVI,2023-10-24T12:25:00+03:00,25.52,25.52,25.52,25.52,8
MOEX:RVI,2023-10-24T12:26:00+03:00,25.52,25.52,25.52,25.52,7
MOEX:RVI,2023-10-24T12:27:00+03:00,25.52,25.53,25.52,25.53,7
MOEX:RVI,2023-10-24T12:28:00+03:00,25.53,25.53,25.51,25.51,7
MOEX:RVI,2023-10-24T12:29:00+03:00,25.51,25.53,25.50,25.50,7
MOEX:RVI,2023-10-24T12:30:00+03:00,25.69,25.69,25.47,25.48,7
MOEX:RVI,2023-10-24T12:31:00+03:00,25.49,25.49,25.48,25.48,6
MOEX:RVI,2023-10-24T12:32:00+03:00,25.48,25.48,25.48,25.48,6
MOEX:RVI,2023-10-24T12:33:00+03:00,25.48,25.52,25.48,25.52,6
MOEX:RVI,2023-10-24T12:34:00+03:00,25.52,25.52,25.52,25.52,7
MOEX:RVI,2023-10-24T12:35:00+03:00,25.52,25.52,25.50,25.50,8
MOEX:RVI,2023-10-24T12:36:00+03:00,25.50,25.50,25.49,25.49,7
MOEX:RVI,2023-10-24T12:37:00+03:00,25.48,25.48,25.47,25.47,6
MOEX:RVI,2023-10-24T12:38:00+03:00,25.44,25.44,25.43,25.43,5
MOEX:RVI,2023-10-24T12:39:00+03:00,25.43,25.44,25.42,25.42,6
MOEX:RVI,2023-10-24T12:40:00+03:00,25.43,25.46,25.43,25.46,8
MOEX:RVI,2023-10-24T12:41:00+03:00,25.47,25.47,25.46,25.46,8
MOEX:RVI,2023-10-24T12:42:00+03:00,25.46,25.46,25.45,25.45,8
MOEX:RVI,2023-10-24T12:43:00+03:00,25.45,25.45,25.44,25.44,8
MOEX:RVI,2023-10-24T12:44:00+03:00,25.44,25.44,25.43,25.43,7
MOEX:RVI,2023-10-24T12:45:00+03:00,25.43,25.43,25.43,25.43,7
MOEX:RVI,2023-10-24T12:46:00+03:00,25.43,25.49,25.43,25.46,7
MOEX:RVI,2023-10-24T12:47:00+03:00,25.46,25.49,25.46,25.49,6
MOEX:RVI,2023-10-24T12:48:00+03:00,25.49,25.49,25.49,25.49,7
MOEX:RVI,2023-10-24T12:49:00+03:00,25.49,25.49,25.48,25.48,8
MOEX:RVI,2023-10-24T12:50:00+03:00,25.49,25.49,25.48,25.48,7
MOEX:RVI,2023-10-24T12:51:00+03:00,25.48,25.48,25.44,25.44,5
MOEX:RVI,2023-10-24T12:52:00+03:00,25.44,25.46,25.44,25.46,6
MOEX:RVI,2023-10-24T12:53:00+03:00,25.47,25.47,25.47,25.47,8
MOEX:RVI,2023-10-24T12:54:00+03:00,25.48,25.51,25.48,25.51,8
MOEX:RVI,2023-10-24T12:55:00+03:00,25.53,25.54,25.53,25.54,7
MOEX:RVI,2023-10-24T12:56:00+03:00,25.54,25.56,25.54,25.56,7
MOEX:RVI,2023-10-24T12:57:00+03:00,25.56,25.56,25.56,25.56,6
MOEX:RVI,2023-10-24T12:58:00+03:00,25.56,25.56,25.55,25.55,8
MOEX:RVI,2023-10-24T12:59:00+03:00,25.55,25.55,25.50,25.53,7
MOEX:RVI,2023-10-24T13:00:00+03:00,25.53,25.53,25.53,25.53,7
MOEX:RVI,2023-10-24T13:01:00+03:00,25.54,25.54,25.53,25.53,7
MOEX:RVI,2023-10-24T13:02:00+03:00,25.53,25.53,25.53,25.53,8
MOEX:RVI,2023-10-24T13:03:00+03:00,25.53,25.56,25.53,25.56,7
MOEX:RVI,2023-10-24T13:04:00+03:00,25.56,25.56,25.50,25.50,7
MOEX:RVI,2023-10-24T13:05:00+03:00,25.50,25.51,25.50,25.51,8
MOEX:RVI,2023-10-24T13:06:00+03:00,25.51,25.51,25.50,25.50,7
MOEX:RVI,2023-10-24T13:07:00+03:00,25.50,25.50,25.50,25.50,8
MOEX:RVI,2023-10-24T13:08:00+03:00,25.50,25.50,25.49,25.49,6
MOEX:RVI,2023-10-24T13:09:00+03:00,25.49,25.49,25.47,25.47,7
MOEX:RVI,2023-10-24T13:10:00+03:00,25.49,25.49,25.47,25.47,7
MOEX:RVI,2023-10-24T13:11:00+03:00,25.55,25.57,25.55,25.57,7
MOEX:RVI,2023-10-24T13:12:00+03:00,25.57,25.57,25.57,25.57,8
MOEX:RVI,2023-10-24T13:13:00+03:00,25.57,25.57,25.57,25.57,6
MOEX:RVI,2023-10-24T13:14:00+03:00,25.55,25.55,25.54,25.54,6
MOEX:RVI,2023-10-24T13:15:00+03:00,25.51,25.51,25.50,25.50,8
MOEX:RVI,2023-10-24T13:16:00+03:00,25.50,25.50,25.44,25.44,6
MOEX:RVI,2023-10-24T13:17:00+03:00,25.44,25.44,25.43,25.43,8
MOEX:RVI,2023-10-24T13:18:00+03:00,25.43,25.49,25.43,25.49,6
MOEX:RVI,2023-10-24T13:19:00+03:00,25.50,25.51,25.50,25.51,7
MOEX:RVI,2023-10-24T13:20:00+03:00,25.51,25.51,25.51,25.51,6
MOEX:RVI,2023-10-24T13:21:00+03:00,25.51,25.51,25.51,25.51,5
MOEX:RVI,2023-10-24T13:22:00+03:00,25.54,25.55,25.53,25.54,6
MOEX:RVI,2023-10-24T13:23:00+03:00,25.54,25.54,25.53,25.54,7
MOEX:RVI,2023-10-24T13:24:00+03:00,25.42,25.43,25.42,25.43,6
MOEX:RVI,2023-10-24T13:25:00+03:00,25.43,25.43,25.43,25.43,6
MOEX:RVI,2023-10-24T13:26:00+03:00,25.43,25.43,25.43,25.43,7
MOEX:RVI,2023-10-24T13:27:00+03:00,25.43,25.43,25.42,25.42,5
MOEX:RVI,2023-10-24T13:28:00+03:00,25.42,25.42,25.41,25.41,7
MOEX:RVI,2023-10-24T13:29:00+03:00,25.44,25.44,25.44,25.44,5
MOEX:RVI,2023-10-24T13:30:00+03:00,25.44,25.59,25.44,25.59,6
MOEX:RVI,2023-10-24T13:31:00+03:00,25.61,25.61,25.61,25.61,6
MOEX:RVI,2023-10-24T13:32:00+03:00,25.61,25.61,25.60,25.60,6
MOEX:RVI,2023-10-24T13:33:00+03:00,25.59,25.60,25.59,25.60,6
MOEX:RVI,2023-10-24T13:34:00+03:00,25.60,25.60,25.60,25.60,7
MOEX:RVI,2023-10-24T13:35:00+03:00,25.60,25.60,25.60,25.60,7
MOEX:RVI,2023-10-24T13:36:00+03:00,25.60,25.60,25.60,25.60,8
MOEX:RVI,2023-10-24T13:37:00+03:00,25.61,25.61,25.61,25.61,8
MOEX:RVI,2023-10-24T13:38:00+03:00,25.61,25.62,25.61,25.62,8
MOEX:RVI,2023-10-24T13:39:00+03:00,25.61,25.61,25.61,25.61,6
MOEX:RVI,2023-10-24T13:40:00+03:00,25.62,25.63,25.62,25.63,8
MOEX:RVI,2023-10-24T13:41:00+03:00,25.65,25.65,25.65,25.65,7
MOEX:RVI,2023-10-24T13:42:00+03:00,25.65,25.65,25.65,25.65,8
MOEX:RVI,2023-10-24T13:43:00+03:00,25.64,25.64,25.62,25.62,6
MOEX:RVI,2023-10-24T13:44:00+03:00,25.62,25.62,25.62,25.62,6
MOEX:RVI,2023-10-24T13:45:00+03:00,25.62,25.63,25.61,25.62,6
MOEX:RVI,2023-10-24T13:46:00+03:00,25.62,25.65,25.62,25.65,8
MOEX:RVI,2023-10-24T13:47:00+03:00,25.65,25.65,25.65,25.65,8
MOEX:RVI,2023-10-24T13:48:00+03:00,25.67,25.67,25.67,25.67,7
MOEX:RVI,2023-10-24T13:49:00+03:00,25.67,25.67,25.67,25.67,8
MOEX:RVI,2023-10-24T13:50:00+03:00,25.67,25.67,25.67,25.67,7
MOEX:RVI,2023-10-24T13:51:00+03:00,25.67,25.68,25.67,25.68,8
MOEX:RVI,2023-10-24T13:52:00+03:00,25.68,25.68,25.68,25.68,8
MOEX:RVI,2023-10-24T13:53:00+03:00,25.68,25.68,25.68,25.68,6
MOEX:RVI,2023-10-24T13:54:00+03:00,25.68,25.68,25.67,25.67,7
MOEX:RVI,2023-10-24T13:55:00+03:00,25.67,25.67,25.67,25.67,5
MOEX:RVI,2023-10-24T13:56:00+03:00,25.68,25.68,25.68,25.68,8
MOEX:RVI,2023-10-24T13:57:00+03:00,25.68,25.68,25.68,25.68,7
MOEX:RVI,2023-10-24T13:58:00+03:00,25.67,25.67,25.67,25.67,7
MOEX:RVI,2023-10-24T13:59:00+03:00,25.67,25.68,25.67,25.68,7
MOEX:RVI,2023-10-24T14:00:00+03:00,25.68,25.68,25.68,25.68,7
MOEX:RVI,2023-10-24T14:01:00+03:00,25.68,25.68,25.68,25.68,8
MOEX:RVI,2023-10-24T14:02:00+03:00,25.68,25.69,25.68,25.69,6
MOEX:RVI,2023-10-24T14:03:00+03:00,25.69,25.69,25.69,25.69,7
MOEX:RVI,2023-10-24T14:04:00+03:00,25.69,25.69,25.69,25.69,8
MOEX:RVI,2023-10-24T14:05:00+03:00,25.69,25.69,25.69,25.69,8
MOEX:RVI,2023-10-24T14:06:00+03:00,25.69,25.70,25.66,25.66,8
MOEX:RVI,2023-10-24T14:07:00+03:00,25.67,25.67,25.67,25.67,6
MOEX:RVI,2023-10-24T14:08:00+03:00,25.68,25.71,25.68,25.71,8
MOEX:RVI,2023-10-24T14:09:00+03:00,25.71,25.83,25.70,25.83,8
MOEX:RVI,2023-10-24T14:10:00+03:00,25.84,25.84,25.80,25.82,7
MOEX:RVI,2023-10-24T14:11:00+03:00,25.82,25.82,25.82,25.82,7
MOEX:RVI,2023-10-24T14:12:00+03:00,25.82,25.85,25.82,25.85,6
MOEX:RVI,2023-10-24T14:13:00+03:00,25.85,25.85,25.84,25.85,8
MOEX:RVI,2023-10-24T14:14:00+03:00,25.85,25.85,25.84,25.84,7
MOEX:RVI,2023-10-24T14:15:00+03:00,25.85,25.86,25.81,25.81,8
MOEX:RVI,2023-10-24T14:16:00+03:00,25.81,25.82,25.81,25.81,8
MOEX:RVI,2023-10-24T14:17:00+03:00,25.81,25.81,25.81,25.81,5
MOEX:RVI,2023-10-24T14:18:00+03:00,25.82,25.82,25.81,25.81,8
MOEX:RVI,2023-10-24T14:19:00+03:00,25.85,25.85,25.85,25.85,7
MOEX:RVI,2023-10-24T14:20:00+03:00,25.85,25.88,25.85,25.88,7
MOEX:RVI,2023-10-24T14:21:00+03:00,25.88,25.88,25.88,25.88,7
MOEX:RVI,2023-10-24T14:22:00+03:00,25.90,25.90,25.90,25.90,5
MOEX:RVI,2023-10-24T14:23:00+03:00,25.89,25.89,25.89,25.89,8
MOEX:RVI,2023-10-24T14:24:00+03:00,25.89,25.89,25.87,25.87,6
MOEX:RVI,2023-10-24T14:25:00+03:00,25.87,25.88,25.87,25.88,8
MOEX:RVI,2023-10-24T14:26:00+03:00,25.88,25.89,25.88,25.89,8
MOEX:RVI,2023-10-24T14:27:00+03:00,25.88,25.89,25.88,25.89,6
MOEX:RVI,2023-10-24T14:28:00+03:00,25.89,25.90,25.89,25.89,8
MOEX:RVI,2023-10-24T14:29:00+03:00,25.85,25.90,25.85,25.89,7
MOEX:RVI,2023-10-24T14:30:00+03:00,25.89,25.89,25.89,25.89,7
MOEX:RVI,2023-10-24T14:31:00+03:00,25.89,25.89,25.89,25.89,8
MOEX:RVI,2023-10-24T14:32:00+03:00,25.89,25.90,25.89,25.90,7
MOEX:RVI,2023-10-24T14:33:00+03:00,25.90,25.94,25.90,25.94,7
MOEX:RVI,2023-10-24T14:34:00+03:00,25.94,25.96,25.94,25.96,7
MOEX:RVI,2023-10-24T14:35:00+03:00,25.96,25.96,25.89,25.89,6
MOEX:RVI,2023-10-24T14:36:00+03:00,25.89,25.89,25.85,25.85,5
MOEX:RVI,2023-10-24T14:37:00+03:00,25.86,25.86,25.84,25.84,7
MOEX:RVI,2023-10-24T14:38:00+03:00,25.84,25.84,25.80,25.80,7
MOEX:RVI,2023-10-24T14:39:00+03:00,25.79,25.83,25.79,25.83,7
MOEX:RVI,2023-10-24T14:40:00+03:00,25.84,25.86,25.84,25.86,8
MOEX:RVI,2023-10-24T14:41:00+03:00,25.86,25.86,25.84,25.84,6
MOEX:RVI,2023-10-24T14:42:00+03:00,25.84,25.84,25.82,25.84,7
MOEX:RVI,2023-10-24T14:43:00+03:00,25.84,25.84,25.84,25.84,8
MOEX:RVI,2023-10-24T14:44:00+03:00,25.84,25.84,25.84,25.84,7
MOEX:RVI,2023-10-24T14:45:00+03:00,25.84,25.84,25.79,25.79,6
MOEX:RVI,2023-10-24T14:46:00+03:00,25.79,25.79,25.75,25.79,6
MOEX:RVI,2023-10-24T14:47:00+03:00,25.79,25.79,25.74,25.74,8
MOEX:RVI,2023-10-24T14:48:00+03:00,25.74,25.74,25.72,25.72,6
MOEX:RVI,2023-10-24T14:49:00+03:00,25.72,25.72,25.60,25.60,7
MOEX:RVI,2023-10-24T14:50:00+03:00,25.60,25.60,25.57,25.57,7
MOEX:RVI,2023-10-24T14:51:00+03:00,25.57,25.61,25.57,25.61,6
MOEX:RVI,2023-10-24T14:52:00+03:00,25.63,25.66,25.63,25.66,7
MOEX:RVI,2023-10-24T14:53:00+03:00,25.66,25.66,25.66,25.66,7
MOEX:RVI,2023-10-24T14:54:00+03:00,25.66,25.69,25.66,25.69,8
MOEX:RVI,2023-10-24T14:55:00+03:00,25.69,25.69,25.67,25.69,6
MOEX:RVI,2023-10-24T14:56:00+03:00,25.69,25.72,25.69,25.72,7
MOEX:RVI,2023-10-24T14:57:00+03:00,25.73,25.73,25.72,25.72,7
MOEX:RVI,2023-10-24T14:58:00+03:00,25.72,25.72,25.69,25.69,6
MOEX:RVI,2023-10-24T14:59:00+03:00,25.69,25.69,25.69,25.69,8
MOEX:RVI,2023-10-24T15:00:00+03:00,25.69,25.72,25.69,25.72,7
MOEX:RVI,2023-10-24T15:01:00+03:00,25.72,25.72,25.72,25.72,6
MOEX:RVI,2023-10-24T15:02:00+03:00,25.72,25.72,25.71,25.71,6
MOEX:RVI,2023-10-24T15:03:00+03:00,25.69,25.69,25.64,25.64,8
MOEX:RVI,2023-10-24T15:04:00+03:00,25.64,25.64,25.55,25.55,7
MOEX:RVI,2023-10-24T15:05:00+03:00,25.52,25.52,25.46,25.46,8
MOEX:RVI,2023-10-24T15:06:00+03:00,25.46,25.46,25.45,25.45,6
MOEX:RVI,2023-10-24T15:07:00+03:00,25.46,25.46,25.46,25.46,7
MOEX:RVI,2023-10-24T15:08:00+03:00,25.46,25.46,25.46,25.46,8
MOEX:RVI,2023-10-24T15:09:00+03:00,25.46,25.46,25.44,25.46,7
MOEX:RVI,2023-10-24T15:10:00+03:00,25.46,25.54,25.46,25.54,6
MOEX:RVI,2023-10-24T15:11:00+03:00,25.54,25.54,25.54,25.54,7
MOEX:RVI,2023-10-24T15:12:00+03:00,25.54,25.68,25.53,25.65,7
MOEX:RVI,2023-10-24T15:13:00+03:00,25.65,25.65,25.64,25.65,7
MOEX:RVI,2023-10-24T15:14:00+03:00,25.65,25.66,25.65,25.66,7
MOEX:RVI,2023-10-24T15:15:00+03:00,25.66,25.66,25.65,25.65,5
MOEX:RVI,2023-10-24T15:16:00+03:00,25.58,25.60,25.58,25.60,8
MOEX:RVI,2023-10-24T15:17:00+03:00,25.60,25.60,25.59,25.59,5
MOEX:RVI,2023-10-24T15:18:00+03:00,25.57,25.57,25.57,25.57,8
MOEX:RVI,2023-10-24T15:19:00+03:00,25.57,25.76,25.54,25.75,7
MOEX:RVI,2023-10-24T15:20:00+03:00,25.75,25.75,25.64,25.64,8
MOEX:RVI,2023-10-24T15:21:00+03:00,25.64,25.65,25.64,25.65,6
MOEX:RVI,2023-10-24T15:22:00+03:00,25.58,25.59,25.58,25.59,8
MOEX:RVI,2023-10-24T15:23:00+03:00,25.59,25.59,25.59,25.59,6
MOEX:RVI,2023-10-24T15:24:00+03:00,25.59,25.59,25.58,25.58,8
MOEX:RVI,2023-10-24T15:25:00+03:00,25.59,25.59,25.59,25.59,6
MOEX:RVI,2023-10-24T15:26:00+03:00,25.58,25.59,25.58,25.59,7
MOEX:RVI,2023-10-24T15:27:00+03:00,25.59,25.60,25.59,25.59,8
MOEX:RVI,2023-10-24T15:28:00+03:00,25.59,25.59,25.58,25.58,7
MOEX:RVI,2023-10-24T15:29:00+03:00,25.58,25.58,25.58,25.58,5
MOEX:RVI,2023-10-24T15:30:00+03:00,25.58,25.58,25.55,25.55,8
MOEX:RVI,2023-10-24T15:31:00+03:00,25.54,25.54,25.41,25.41,7
MOEX:RVI,2023-10-24T15:32:00+03:00,25.41,25.41,25.40,25.40,8
MOEX:RVI,2023-10-24T15:33:00+03:00,25.41,25.42,25.41,25.42,6
MOEX:RVI,2023-10-24T15:34:00+03:00,25.42,25.42,25.42,25.42,7
MOEX:RVI,2023-10-24T15:35:00+03:00,25.41,25.42,25.41,25.41,8
MOEX:RVI,2023-10-24T15:36:00+03:00,25.41,25.41,25.40,25.40,7
MOEX:RVI,2023-10-24T15:37:00+03:00,25.41,25.41,25.40,25.40,6
MOEX:RVI,2023-10-24T15:38:00+03:00,25.40,25.51,25.40,25.51,8
MOEX:RVI,2023-10-24T15:39:00+03:00,25.49,25.49,25.49,25.49,7
MOEX:RVI,2023-10-24T15:40:00+03:00,25.48,25.50,25.48,25.50,7
MOEX:RVI,2023-10-24T15:41:00+03:00,25.50,25.51,25.50,25.51,6
MOEX:RVI,2023-10-24T15:42:00+03:00,25.51,25.51,25.48,25.48,6
MOEX:RVI,2023-10-24T15:43:00+03:00,25.48,25.48,25.40,25.40,7
MOEX:RVI,2023-10-24T15:44:00+03:00,25.40,25.43,25.40,25.43,8
MOEX:RVI,2023-10-24T15:45:00+03:00,25.43,25.47,25.43,25.47,6
MOEX:RVI,2023-10-24T15:46:00+03:00,25.47,25.47,25.47,25.47,7
MOEX:RVI,2023-10-24T15:47:00+03:00,25.47,25.47,25.47,25.47,7
MOEX:RVI,2023-10-24T15:48:00+03:00,25.47,25.48,25.47,25.47,8
MOEX:RVI,2023-10-24T15:49:00+03:00,25.47,25.47,25.47,25.47,6
MOEX:RVI,2023-10-24T15:50:00+03:00,25.47,25.47,25.47,25.47,6
MOEX:RVI,2023-10-24T15:51:00+03:00,25.47,25.48,25.46,25.48,8
MOEX:RVI,2023-10-24T15:52:00+03:00,25.48,25.48,25.48,25.48,6
MOEX:RVI,2023-10-24T15:53:00+03:00,25.48,25.48,25.48,25.48,8
MOEX:RVI,2023-10-24T15:54:00+03:00,25.48,25.48,25.48,25.48,7
MOEX:RVI,2023-10-24T15:55:00+03:00,25.48,25.48,25.47,25.47,8
MOEX:RVI,2023-10-24T15:56:00+03:00,25.48,25.49,25.48,25.49,6
MOEX:RVI,2023-10-24T15:57:00+03:00,25.49,25.50,25.49,25.50,7
MOEX:RVI,2023-10-24T15:58:00+03:00,25.50,25.50,25.49,25.49,6
MOEX:RVI,2023-10-24T15:59:00+03:00,25.50,25.50,25.50,25.50,8
MOEX:RVI,2023-10-24T16:00:00+03:00,25.50,25.51,25.50,25.51,5
MOEX:RVI,2023-10-24T16:01:00+03:00,25.51,25.54,25.51,25.54,7
MOEX:RVI,2023-10-24T16:02:00+03:00,25.48,25.51,25.48,25.51,7
MOEX:RVI,2023-10-24T16:03:00+03:00,25.52,25.52,25.51,25.51,8
MOEX:RVI,2023-10-24T16:04:00+03:00,25.51,25.51,25.49,25.49,7
MOEX:RVI,2023-10-24T16:05:00+03:00,25.48,25.53,25.48,25.53,7
MOEX:RVI,2023-10-24T16:06:00+03:00,25.53,25.53,25.51,25.51,8
MOEX:RVI,2023-10-24T16:07:00+03:00,25.51,25.51,25.51,25.51,6
MOEX:RVI,2023-10-24T16:08:00+03:00,25.52,25.52,25.52,25.52,7
MOEX:RVI,2023-10-24T16:09:00+03:00,25.52,25.53,25.52,25.53,8
MOEX:RVI,2023-10-24T16:10:00+03:00,25.54,25.55,25.54,25.55,7
MOEX:RVI,2023-10-24T16:11:00+03:00,25.55,25.55,25.55,25.55,6
MOEX:RVI,2023-10-24T16:12:00+03:00,25.55,25.55,25.52,25.54,7
MOEX:RVI,2023-10-24T16:13:00+03:00,25.55,25.55,25.55,25.55,8
MOEX:RVI,2023-10-24T16:14:00+03:00,25.55,25.55,25.54,25.54,6
MOEX:RVI,2023-10-24T16:15:00+03:00,25.54,25.60,25.50,25.60,7
MOEX:RVI,2023-10-24T16:16:00+03:00,25.60,25.60,25.60,25.60,7
MOEX:RVI,2023-10-24T16:17:00+03:00,25.60,25.60,25.60,25.60,8
MOEX:RVI,2023-10-24T16:18:00+03:00,25.60,25.60,25.60,25.60,7
MOEX:RVI,2023-10-24T16:19:00+03:00,25.60,25.61,25.60,25.61,8
MOEX:RVI,2023-10-24T16:20:00+03:00,25.61,25.64,25.61,25.64,5
MOEX:RVI,2023-10-24T16:21:00+03:00,25.64,25.64,25.63,25.63,8
MOEX:RVI,2023-10-24T16:22:00+03:00,25.63,25.63,25.61,25.61,6
MOEX:RVI,2023-10-24T16:23:00+03:00,25.61,25.61,25.61,25.61,6
MOEX:RVI,2023-10-24T16:24:00+03:00,25.62,25.64,25.62,25.64,7
MOEX:RVI,2023-10-24T16:25:00+03:00,25.63,25.63,25.63,25.63,8
MOEX:RVI,2023-10-24T16:26:00+03:00,25.63,25.63,25.61,25.61,7
MOEX:RVI,2023-10-24T16:27:00+03:00,25.61,25.61,25.61,25.61,6
MOEX:RVI,2023-10-24T16:28:00+03:00,25.62,25.62,25.62,25.62,7
MOEX:RVI,2023-10-24T16:29:00+03:00,25.62,25.62,25.61,25.61,8
MOEX:RVI,2023-10-24T16:30:00+03:00,25.61,25.61,25.61,25.61,8
MOEX:RVI,2023-10-24T16:31:00+03:00,25.61,25.62,25.61,25.62,7
MOEX:RVI,2023-10-24T16:32:00+03:00,25.62,25.62,25.62,25.62,7
MOEX:RVI,2023-10-24T16:33:00+03:00,25.62,25.62,25.62,25.62,8
MOEX:RVI,2023-10-24T16:34:00+03:00,25.62,25.62,25.62,25.62,6
MOEX:RVI,2023-10-24T16:35:00+03:00,25.61,25.61,25.60,25.60,6
MOEX:RVI,2023-10-24T16:36:00+03:00,25.51,25.51,25.48,25.48,8
MOEX:RVI,2023-10-24T16:37:00+03:00,25.48,25.49,25.48,25.49,7
MOEX:RVI,2023-10-24T16:38:00+03:00,25.49,25.49,25.47,25.47,8
MOEX:RVI,2023-10-24T16:39:00+03:00,25.48,25.49,25.48,25.49,8
MOEX:RVI,2023-10-24T16:40:00+03:00,25.49,25.49,25.49,25.49,7
MOEX:RVI,2023-10-24T16:41:00+03:00,25.49,25.49,25.47,25.47,8
MOEX:RVI,2023-10-24T16:42:00+03:00,25.47,25.47,25.46,25.46,8
MOEX:RVI,2023-10-24T16:43:00+03:00,25.45,25.45,25.45,25.45,7
MOEX:RVI,2023-10-24T16:44:00+03:00,25.45,25.46,25.45,25.46,7
MOEX:RVI,2023-10-24T16:45:00+03:00,25.45,25.48,25.45,25.48,8
MOEX:RVI,2023-10-24T16:46:00+03:00,25.47,25.47,25.44,25.44,7
MOEX:RVI,2023-10-24T16:47:00+03:00,25.44,25.56,25.44,25.56,8
MOEX:RVI,2023-10-24T16:48:00+03:00,25.57,25.59,25.57,25.59,8
MOEX:RVI,2023-10-24T16:49:00+03:00,25.63,25.64,25.63,25.64,8
MOEX:RVI,2023-10-24T16:50:00+03:00,25.65,25.65,25.64,25.64,8
MOEX:RVI,2023-10-24T16:51:00+03:00,25.64,25.64,25.62,25.62,8
MOEX:RVI,2023-10-24T16:52:00+03:00,25.64,25.65,25.64,25.64,7
MOEX:RVI,2023-10-24T16:53:00+03:00,25.65,25.66,25.65,25.66,8
MOEX:RVI,2023-10-24T16:54:00+03:00,25.66,25.66,25.63,25.63,7
MOEX:RVI,2023-10-24T16:55:00+03:00,25.63,25.66,25.63,25.66,6
MOEX:RVI,2023-10-24T16:56:00+03:00,25.66,25.68,25.64,25.65,6
MOEX:RVI,2023-10-24T16:57:00+03:00,25.66,25.66,25.66,25.66,7
MOEX:RVI,2023-10-24T16:58:00+03:00,25.66,25.66,25.61,25.64,7
MOEX:RVI,2023-10-24T16:59:00+03:00,25.64,25.64,25.63,25.64,7
MOEX:RVI,2023-10-24T17:00:00+03:00,25.64,25.64,25.63,25.64,8
MOEX:RVI,2023-10-24T17:01:00+03:00,25.64,25.64,25.63,25.63,7
MOEX:RVI,2023-10-24T17:02:00+03:00,25.63,25.63,25.62,25.62,8
MOEX:RVI,2023-10-24T17:03:00+03:00,25.61,25.63,25.61,25.63,7
MOEX:RVI,2023-10-24T17:04:00+03:00,25.64,25.65,25.62,25.63,8
MOEX:RVI,2023-10-24T17:05:00+03:00,25.61,25.61,25.59,25.59,7
MOEX:RVI,2023-10-24T17:06:00+03:00,25.59,25.59,25.57,25.57,8
MOEX:RVI,2023-10-24T17:07:00+03:00,25.57,25.61,25.57,25.61,6
MOEX:RVI,2023-10-24T17:08:00+03:00,25.61,25.61,25.61,25.61,8
MOEX:RVI,2023-10-24T17:09:00+03:00,25.61,25.64,25.61,25.64,7
MOEX:RVI,2023-10-24T17:10:00+03:00,25.63,25.63,25.63,25.63,7
MOEX:RVI,2023-10-24T17:11:00+03:00,25.63,25.63,25.63,25.63,6
MOEX:RVI,2023-10-24T17:12:00+03:00,25.64,25.71,25.64,25.71,7
MOEX:RVI,2023-10-24T17:13:00+03:00,25.71,25.73,25.71,25.73,6
MOEX:RVI,2023-10-24T17:14:00+03:00,25.72,25.72,25.71,25.71,8
MOEX:RVI,2023-10-24T17:15:00+03:00,25.71,25.72,25.71,25.72,8
MOEX:RVI,2023-10-24T17:16:00+03:00,25.72,25.72,25.72,25.72,8
MOEX:RVI,2023-10-24T17:17:00+03:00,25.72,25.73,25.72,25.73,7
MOEX:RVI,2023-10-24T17:18:00+03:00,25.73,25.95,25.73,25.95,7
MOEX:RVI,2023-10-24T17:19:00+03:00,25.96,26.03,25.96,26.03,8
MOEX:RVI,2023-10-24T17:20:00+03:00,26.03,26.03,26.03,26.03,6
MOEX:RVI,2023-10-24T17:21:00+03:00,26.03,26.06,26.03,26.06,7
MOEX:RVI,2023-10-24T17:22:00+03:00,26.05,26.05,26.04,26.04,8
MOEX:RVI,2023-10-24T17:23:00+03:00,26.04,26.04,26.04,26.04,7
MOEX:RVI,2023-10-24T17:24:00+03:00,26.05,26.09,26.05,26.09,7
MOEX:RVI,2023-10-24T17:25:00+03:00,26.09,26.10,26.09,26.10,7
MOEX:RVI,2023-10-24T17:26:00+03:00,26.10,26.10,26.10,26.10,8
MOEX:RVI,2023-10-24T17:27:00+03:00,26.10,26.12,26.10,26.12,7
MOEX:RVI,2023-10-24T17:28:00+03:00,26.13,26.14,26.13,26.14,7
MOEX:RVI,2023-10-24T17:29:00+03:00,26.15,26.15,26.13,26.13,6
MOEX:RVI,2023-10-24T17:30:00+03:00,26.12,26.12,26.11,26.11,7
MOEX:RVI,2023-10-24T17:31:00+03:00,26.12,26.12,26.12,26.12,7
MOEX:RVI,2023-10-24T17:32:00+03:00,26.19,26.22,26.19,26.22,7
MOEX:RVI,2023-10-24T17:33:00+03:00,26.29,26.32,26.29,26.31,8
MOEX:RVI,2023-10-24T17:34:00+03:00,26.31,26.32,26.31,26.32,8
MOEX:RVI,2023-10-24T17:35:00+03:00,26.32,26.32,26.31,26.32,7
MOEX:RVI,2023-10-24T17:36:00+03:00,26.26,26.27,26.26,26.27,8
MOEX:RVI,2023-10-24T17:37:00+03:00,26.27,26.31,26.27,26.31,8
MOEX:RVI,2023-10-24T17:38:00+03:00,26.31,26.31,26.31,26.31,6
MOEX:RVI,2023-10-24T17:39:00+03:00,26.31,26.33,26.31,26.33,7
MOEX:RVI,2023-10-24T17:40:00+03:00,26.33,26.33,26.32,26.32,6
MOEX:RVI,2023-10-24T17:41:00+03:00,26.31,26.31,26.30,26.30,7
MOEX:RVI,2023-10-24T17:42:00+03:00,26.30,26.30,26.28,26.28,7
MOEX:RVI,2023-10-24T17:43:00+03:00,26.28,26.28,26.27,26.27,7
MOEX:RVI,2023-10-24T17:44:00+03:00,26.21,26.21,26.21,26.21,6
MOEX:RVI,2023-10-24T17:45:00+03:00,26.21,26.22,26.21,26.22,7
MOEX:RVI,2023-10-24T17:46:00+03:00,26.22,26.23,26.21,26.23,7
MOEX:RVI,2023-10-24T17:47:00+03:00,26.23,26.23,26.23,26.23,8
MOEX:RVI,2023-10-24T17:48:00+03:00,26.22,26.22,26.21,26.21,6
MOEX:RVI,2023-10-24T17:49:00+03:00,26.21,26.21,26.14,26.14,6
MOEX:RVI,2023-10-24T17:50:00+03:00,26.14,26.15,26.14,26.15,8
MOEX:RVI,2023-10-24T17:51:00+03:00,26.16,26.16,26.14,26.14,8
MOEX:RVI,2023-10-24T17:52:00+03:00,26.14,26.14,26.14,26.14,8
MOEX:RVI,2023-10-24T17:53:00+03:00,26.15,26.15,26.14,26.14,8
MOEX:RVI,2023-10-24T17:54:00+03:00,26.14,26.14,26.13,26.14,7
MOEX:RVI,2023-10-24T17:55:00+03:00,26.14,26.16,26.14,26.16,8
MOEX:RVI,2023-10-24T17:56:00+03:00,26.16,26.16,26.16,26.16,8
MOEX:RVI,2023-10-24T17:57:00+03:00,26.16,26.16,26.16,26.16,6
MOEX:RVI,2023-10-24T17:58:00+03:00,26.16,26.18,26.16,26.18,6
MOEX:RVI,2023-10-24T17:59:00+03:00,26.18,26.18,26.18,26.18,7
MOEX:RVI,2023-10-24T18:00:00+03:00,26.17,26.18,26.17,26.17,7
MOEX:RVI,2023-10-24T18:01:00+03:00,26.17,26.17,26.17,26.17,6
MOEX:RVI,2023-10-24T18:02:00+03:00,26.18,26.18,26.18,26.18,7
MOEX:RVI,2023-10-24T18:03:00+03:00,26.18,26.18,26.17,26.17,6
MOEX:RVI,2023-10-24T18:04:00+03:00,26.17,26.17,26.16,26.16,5
MOEX:RVI,2023-10-24T18:05:00+03:00,26.16,26.17,26.16,26.17,5
MOEX:RVI,2023-10-24T18:06:00+03:00,26.17,26.19,26.17,26.19,6
MOEX:RVI,2023-10-24T18:07:00+03:00,26.18,26.18,26.17,26.18,7
MOEX:RVI,2023-10-24T18:08:00+03:00,26.18,26.18,26.18,26.18,7
MOEX:RVI,2023-10-24T18:09:00+03:00,26.18,26.20,26.17,26.20,7
MOEX:RVI,2023-10-24T18:10:00+03:00,26.20,26.21,26.20,26.21,6
MOEX:RVI,2023-10-24T18:11:00+03:00,26.15,26.15,26.15,26.15,8
MOEX:RVI,2023-10-24T18:12:00+03:00,26.15,26.15,26.15,26.15,7
MOEX:RVI,2023-10-24T18:13:00+03:00,26.15,26.15,26.14,26.15,8
MOEX:RVI,2023-10-24T18:14:00+03:00,26.15,26.15,26.15,26.15,8
MOEX:RVI,2023-10-24T18:15:00+03:00,26.15,26.15,26.15,26.15,8
MOEX:RVI,2023-10-24T18:16:00+03:00,26.16,26.16,26.16,26.16,7
MOEX:RVI,2023-10-24T18:17:00+03:00,26.16,26.16,26.16,26.16,7
MOEX:RVI,2023-10-24T18:18:00+03:00,26.16,26.16,26.16,26.16,6
MOEX:RVI,2023-10-24T18:19:00+03:00,26.16,26.16,26.15,26.16,7
MOEX:RVI,2023-10-24T18:20:00+03:00,26.16,26.16,26.15,26.15,6
MOEX:RVI,2023-10-24T18:21:00+03:00,26.15,26.15,26.13,26.13,8
MOEX:RVI,2023-10-24T18:22:00+03:00,26.19,26.19,26.19,26.19,7
MOEX:RVI,2023-10-24T18:23:00+03:00,26.18,26.18,26.18,26.18,7
MOEX:RVI,2023-10-24T18:24:00+03:00,26.13,26.14,26.13,26.14,8
MOEX:RVI,2023-10-24T18:25:00+03:00,26.17,26.18,26.17,26.18,8
MOEX:RVI,2023-10-24T18:26:00+03:00,26.18,26.18,26.14,26.14,7
MOEX:RVI,2023-10-24T18:27:00+03:00,26.14,26.17,26.14,26.14,7
MOEX:RVI,2023-10-24T18:28:00+03:00,26.14,26.14,26.14,26.14,7
MOEX:RVI,2023-10-24T18:29:00+03:00,26.14,26.14,26.14,26.14,8
MOEX:RVI,2023-10-24T18:30:00+03:00,26.16,26.16,26.16,26.16,7
MOEX:RVI,2023-10-24T18:31:00+03:00,26.16,26.16,26.15,26.15,8
MOEX:RVI,2023-10-24T18:32:00+03:00,26.15,26.15,26.14,26.14,7
MOEX:RVI,2023-10-24T18:33:00+03:00,26.14,26.14,26.14,26.14,7
MOEX:RVI,2023-10-24T18:34:00+03:00,26.14,26.17,26.14,26.17,7
MOEX:RVI,2023-10-24T18:35:00+03:00,26.16,26.16,26.16,26.16,7
MOEX:RVI,2023-10-24T18:36:00+03:00,26.16,26.17,26.16,26.17,7
MOEX:RVI,2023-10-24T18:37:00+03:00,26.17,26.23,26.17,26.23,7
MOEX:RVI,2023-10-24T18:38:00+03:00,26.23,26.23,26.22,26.22,8
MOEX:RVI,2023-10-24T18:39:00+03:00,26.22,26.36,26.22,26.36,7
MOEX:RVI,2023-10-24T18:40:00+03:00,26.36,26.37,26.36,26.37,6
MOEX:RVI,2023-10-24T18:41:00+03:00,26.37,26.37,26.37,26.37,8
MOEX:RVI,2023-10-24T18:42:00+03:00,26.37,26.37,26.37,26.37,6
MOEX:RVI,2023-10-24T18:43:00+03:00,26.37,26.37,26.37,26.37,7
MOEX:RVI,2023-10-24T18:44:00+03:00,26.31,26.31,26.31,26.31,7
MOEX:RVI,2023-10-24T18:45:00+03:00,26.31,26.31,26.31,26.31,8
MOEX:RVI,2023-10-24T18:46:00+03:00,26.31,26.31,26.31,26.31,8
MOEX:RVI,2023-10-24T18:47:00+03:00,26.29,26.35,26.29,26.35,7
MOEX:RVI,2023-10-24T18:48:00+03:00,26.12,26.23,26.12,26.23,8
MOEX:RVI,2023-10-24T18:49:00+03:00,26.23,26.23,26.23,26.23,8
MOEX:RVI,2023-10-24T18:50:00+03:00,26.24,26.24,26.24,26.24,2
MOEX:RVI,2023-10-24T19:10:00+03:00,26.41,26.41,26.39,26.39,7
MOEX:RVI,2023-10-24T19:11:00+03:00,26.40,26.40,26.37,26.37,7
MOEX:RVI,2023-10-24T19:12:00+03:00,26.38,26.38,26.36,26.36,6
MOEX:RVI,2023-10-24T19:13:00+03:00,26.36,26.36,26.36,26.36,8
MOEX:RVI,2023-10-24T19:14:00+03:00,26.36,26.36,25.84,25.84,8
MOEX:RVI,2023-10-24T19:15:00+03:00,25.66,25.66,25.66,25.66,7
MOEX:RVI,2023-10-24T19:16:00+03:00,25.67,25.67,25.67,25.67,8
MOEX:RVI,2023-10-24T19:17:00+03:00,25.67,25.67,25.67,25.67,7
MOEX:RVI,2023-10-24T19:18:00+03:00,25.67,25.76,25.67,25.76,7
MOEX:RVI,2023-10-24T19:19:00+03:00,25.63,25.63,25.62,25.62,8
MOEX:RVI,2023-10-24T19:20:00+03:00,25.62,25.62,25.62,25.62,6
MOEX:RVI,2023-10-24T19:21:00+03:00,25.62,25.62,25.59,25.59,7
MOEX:RVI,2023-10-24T19:22:00+03:00,25.73,25.73,25.73,25.73,8
MOEX:RVI,2023-10-24T19:23:00+03:00,25.73,25.73,25.71,25.71,7
MOEX:RVI,2023-10-24T19:24:00+03:00,25.71,25.78,25.71,25.78,4
MOEX:RVI,2023-10-24T19:25:00+03:00,26.03,26.03,26.03,26.03,6
MOEX:RVI,2023-10-24T19:26:00+03:00,26.03,26.03,25.99,25.99,8
MOEX:RVI,2023-10-24T19:27:00+03:00,26.04,26.05,26.04,26.05,6
MOEX:RVI,2023-10-24T19:28:00+03:00,26.07,26.08,26.07,26.08,6
MOEX:RVI,2023-10-24T19:29:00+03:00,26.09,26.12,26.09,26.12,7
MOEX:RVI,2023-10-24T19:30:00+03:00,26.12,26.18,26.12,26.18,8
MOEX:RVI,2023-10-24T19:31:00+03:00,26.06,26.06,26.06,26.06,6
MOEX:RVI,2023-10-24T19:32:00+03:00,26.06,26.06,26.06,26.06,7
MOEX:RVI,2023-10-24T19:33:00+03:00,26.06,26.06,26.04,26.04,8
MOEX:RVI,2023-10-24T19:34:00+03:00,26.03,26.03,26.01,26.01,8
MOEX:RVI,2023-10-24T19:35:00+03:00,26.01,26.01,26.01,26.01,7
MOEX:RVI,2023-10-24T19:36:00+03:00,26.01,26.01,25.98,25.98,8
MOEX:RVI,2023-10-24T19:37:00+03:00,25.98,25.99,25.98,25.99,7
MOEX:RVI,2023-10-24T19:38:00+03:00,25.99,25.99,25.99,25.99,4
MOEX:RVI,2023-10-24T19:39:00+03:00,26.00,26.01,26.00,26.01,7
MOEX:RVI,2023-10-24T19:40:00+03:00,26.05,26.05,26.05,26.05,7
MOEX:RVI,2023-10-24T19:41:00+03:00,26.05,26.07,26.05,26.07,8
MOEX:RVI,2023-10-24T19:42:00+03:00,26.07,26.11,26.07,26.11,8
MOEX:RVI,2023-10-24T19:43:00+03:00,26.01,26.01,25.97,25.97,7
MOEX:RVI,2023-10-24T19:44:00+03:00,25.97,25.98,25.97,25.98,6
MOEX:RVI,2023-10-24T19:45:00+03:00,25.98,25.99,25.97,25.99,7
MOEX:RVI,2023-10-24T19:46:00+03:00,25.92,25.92,25.92,25.92,7
MOEX:RVI,2023-10-24T19:47:00+03:00,25.92,25.92,25.92,25.92,6
MOEX:RVI,2023-10-24T19:48:00+03:00,25.92,25.92,25.91,25.91,5
MOEX:RVI,2023-10-24T19:49:00+03:00,25.91,25.91,25.91,25.91,8
MOEX:RVI,2023-10-24T19:50:00+03:00,25.91,25.91,25.89,25.89,7
MOEX:RVI,2023-10-24T19:51:00+03:00,25.89,25.89,25.89,25.89,8
MOEX:RVI,2023-10-24T19:52:00+03:00,25.89,25.91,25.89,25.91,7
MOEX:RVI,2023-10-24T19:53:00+03:00,25.91,25.91,25.90,25.90,7
MOEX:RVI,2023-10-24T19:54:00+03:00,25.90,25.90,25.90,25.90,7
MOEX:RVI,2023-10-24T19:55:00+03:00,25.92,25.92,25.91,25.92,6
MOEX:RVI,2023-10-24T19:56:00+03:00,25.92,25.92,25.92,25.92,8
MOEX:RVI,2023-10-24T19:57:00+03:00,25.92,25.92,25.90,25.90,8
MOEX:RVI,2023-10-24T19:58:00+03:00,25.91,25.95,25.91,25.95,5
MOEX:RVI,2023-10-24T19:59:00+03:00,25.95,25.98,25.93,25.98,7
MOEX:RVI,2023-10-24T20:00:00+03:00,25.98,25.98,25.97,25.98,7
MOEX:RVI,2023-10-24T20:01:00+03:00,25.94,25.96,25.94,25.96,6
MOEX:RVI,2023-10-24T20:02:00+03:00,25.96,25.96,25.96,25.96,8
MOEX:RVI,2023-10-24T20:03:00+03:00,25.96,25.96,25.95,25.95,7
MOEX:RVI,2023-10-24T20:04:00+03:00,25.94,25.94,25.94,25.94,8
MOEX:RVI,2023-10-24T20:05:00+03:00,25.95,25.95,25.95,25.95,8
MOEX:RVI,2023-10-24T20:06:00+03:00,25.95,25.95,25.93,25.93,7
MOEX:RVI,2023-10-24T20:07:00+03:00,25.94,25.94,25.94,25.94,7
MOEX:RVI,2023-10-24T20:08:00+03:00,25.94,25.94,25.94,25.94,6
MOEX:RVI,2023-10-24T20:09:00+03:00,25.94,25.98,25.94,25.98,7
MOEX:RVI,2023-10-24T20:10:00+03:00,26.03,26.04,26.03,26.04,7
MOEX:RVI,2023-10-24T20:11:00+03:00,25.99,25.99,25.99,25.99,7
MOEX:RVI,2023-10-24T20:12:00+03:00,25.99,25.99,25.97,25.97,6
MOEX:RVI,2023-10-24T20:13:00+03:00,25.97,25.97,25.97,25.97,7
MOEX:RVI,2023-10-24T20:14:00+03:00,25.97,25.97,25.97,25.97,8
MOEX:RVI,2023-10-24T20:15:00+03:00,25.97,25.97,25.89,25.89,6
MOEX:RVI,2023-10-24T20:16:00+03:00,25.90,25.90,25.90,25.90,6
MOEX:RVI,2023-10-24T20:17:00+03:00,25.90,25.90,25.90,25.90,7
MOEX:RVI,2023-10-24T20:18:00+03:00,25.90,25.91,25.89,25.89,7
MOEX:RVI,2023-10-24T20:19:00+03:00,25.92,25.93,25.92,25.93,8
MOEX:RVI,2023-10-24T20:20:00+03:00,25.93,25.93,25.93,25.93,8
MOEX:RVI,2023-10-24T20:21:00+03:00,25.93,25.94,25.93,25.94,8
MOEX:RVI,2023-10-24T20:22:00+03:00,25.93,25.93,25.93,25.93,7
MOEX:RVI,2023-10-24T20:23:00+03:00,25.93,25.93,25.93,25.93,7
MOEX:RVI,2023-10-24T20:24:00+03:00,25.93,25.93,25.93,25.93,7
MOEX:RVI,2023-10-24T20:25:00+03:00,25.94,25.95,25.94,25.95,7
MOEX:RVI,2023-10-24T20:26:00+03:00,25.95,25.95,25.94,25.94,8
MOEX:RVI,2023-10-24T20:27:00+03:00,25.94,25.94,25.93,25.93,7
MOEX:RVI,2023-10-24T20:28:00+03:00,25.91,25.91,25.90,25.90,7
MOEX:RVI,2023-10-24T20:29:00+03:00,25.90,25.90,25.90,25.90,7
MOEX:RVI,2023-10-24T20:30:00+03:00,25.90,25.90,25.90,25.90,7
MOEX:RVI,2023-10-24T20:31:00+03:00,25.91,25.92,25.91,25.92,7
MOEX:RVI,2023-10-24T20:32:00+03:00,25.92,25.92,25.90,25.90,8
MOEX:RVI,2023-10-24T20:33:00+03:00,25.90,25.93,25.90,25.93,5
MOEX:RVI,2023-10-24T20:34:00+03:00,25.95,25.95,25.94,25.94,7
MOEX:RVI,2023-10-24T20:35:00+03:00,25.95,25.95,25.94,25.94,8
MOEX:RVI,2023-10-24T20:36:00+03:00,25.94,25.94,25.94,25.94,6
MOEX:RVI,2023-10-24T20:37:00+03:00,25.94,25.95,25.94,25.95,7
MOEX:RVI,2023-10-24T20:38:00+03:00,25.95,25.97,25.95,25.97,7
MOEX:RVI,2023-10-24T20:39:00+03:00,25.97,25.97,25.97,25.97,5
MOEX:RVI,2023-10-24T20:40:00+03:00,25.97,25.97,25.95,25.95,6
MOEX:RVI,2023-10-24T20:41:00+03:00,25.95,25.95,25.95,25.95,7
MOEX:RVI,2023-10-24T20:42:00+03:00,25.95,25.95,25.95,25.95,8
MOEX:RVI,2023-10-24T20:43:00+03:00,25.93,25.93,25.93,25.93,6
MOEX:RVI,2023-10-24T20:44:00+03:00,25.93,25.93,25.93,25.93,7
MOEX:RVI,2023-10-24T20:45:00+03:00,25.95,25.95,25.95,25.95,7
MOEX:RVI,2023-10-24T20:46:00+03:00,25.95,25.96,25.95,25.96,4
MOEX:RVI,2023-10-24T20:47:00+03:00,25.96,25.96,25.96,25.96,6
MOEX:RVI,2023-10-24T20:48:00+03:00,25.96,26.09,25.96,26.09,6
MOEX:RVI,2023-10-24T20:49:00+03:00,26.09,26.09,26.09,26.09,6
MOEX:RVI,2023-10-24T20:50:00+03:00,26.09,26.09,26.09,26.09,7
MOEX:RVI,2023-10-24T20:51:00+03:00,26.09,26.09,26.09,26.09,7
MOEX:RVI,2023-10-24T20:52:00+03:00,26.09,26.09,26.09,26.09,7
MOEX:RVI,2023-10-24T20:53:00+03:00,26.09,26.09,26.09,26.09,5
MOEX:RVI,2023-10-24T20:54:00+03:00,26.09,26.09,26.09,26.09,7
MOEX:RVI,2023-10-24T20:55:00+03:00,26.09,26.09,26.09,26.09,7
MOEX:RVI,2023-10-24T20:56:00+03:00,26.09,26.09,26.09,26.09,8
MOEX:RVI,2023-10-24T20:57:00+03:00,26.09,26.09,26.09,26.09,8
MOEX:RVI,2023-10-24T20:58:00+03:00,26.10,26.10,26.10,26.10,6
MOEX:RVI,2023-10-24T20:59:00+03:00,26.10,26.10,26.09,26.09,7
MOEX:RVI,2023-10-24T21:00:00+03:00,26.09,26.09,26.09,26.09,7
MOEX:RVI,2023-10-24T21:01:00+03:00,26.09,26.09,26.09,26.09,7
MOEX:RVI,2023-10-24T21:02:00+03:00,26.09,26.14,26.09,26.14,7
MOEX:RVI,2023-10-24T21:03:00+03:00,26.14,26.14,26.13,26.13,6
MOEX:RVI,2023-10-24T21:04:00+03:00,26.14,26.14,26.14,26.14,8
MOEX:RVI,2023-10-24T21:05:00+03:00,26.14,26.14,26.14,26.14,5
MOEX:RVI,2023-10-24T21:06:00+03:00,26.14,26.14,26.14,26.14,7
MOEX:RVI,2023-10-24T21:07:00+03:00,26.14,26.14,26.12,26.12,6
MOEX:RVI,2023-10-24T21:08:00+03:00,26.12,26.12,26.12,26.12,7
MOEX:RVI,2023-10-24T21:09:00+03:00,26.12,26.13,26.12,26.13,7
MOEX:RVI,2023-10-24T21:10:00+03:00,26.15,26.15,26.15,26.15,7
MOEX:RVI,2023-10-24T21:11:00+03:00,26.15,26.15,26.15,26.15,7
MOEX:RVI,2023-10-24T21:12:00+03:00,26.15,26.15,26.15,26.15,6
MOEX:RVI,2023-10-24T21:13:00+03:00,26.22,26.22,26.19,26.19,8
MOEX:RVI,2023-10-24T21:14:00+03:00,26.19,26.19,26.19,26.19,6
MOEX:RVI,2023-10-24T21:15:00+03:00,26.19,26.20,26.18,26.18,8
MOEX:RVI,2023-10-24T21:16:00+03:00,26.18,26.18,26.18,26.18,6
MOEX:RVI,2023-10-24T21:17:00+03:00,26.18,26.18,26.18,26.18,6
MOEX:RVI,2023-10-24T21:18:00+03:00,26.18,26.18,26.16,26.16,7
MOEX:RVI,2023-10-24T21:19:00+03:00,26.15,26.16,26.15,26.16,8
MOEX:RVI,2023-10-24T21:20:00+03:00,26.16,26.16,26.16,26.16,8
MOEX:RVI,2023-10-24T21:21:00+03:00,26.16,26.16,26.14,26.14,7
MOEX:RVI,2023-10-24T21:22:00+03:00,26.15,26.15,26.13,26.13,7
MOEX:RVI,2023-10-24T21:23:00+03:00,26.13,26.14,26.13,26.14,7
MOEX:RVI,2023-10-24T21:24:00+03:00,26.14,26.14,26.10,26.10,8
MOEX:RVI,2023-10-24T21:25:00+03:00,26.13,26.13,26.11,26.11,7
MOEX:RVI,2023-10-24T21:26:00+03:00,26.11,26.11,26.11,26.11,4
MOEX:RVI,2023-10-24T21:27:00+03:00,26.12,26.14,26.12,26.14,6
MOEX:RVI,2023-10-24T21:28:00+03:00,26.15,26.15,26.15,26.15,7
MOEX:RVI,2023-10-24T21:29:00+03:00,26.15,26.15,26.15,26.15,8
MOEX:RVI,2023-10-24T21:30:00+03:00,26.15,26.16,26.15,26.16,6
MOEX:RVI,2023-10-24T21:31:00+03:00,26.17,26.17,26.16,26.16,8
MOEX:RVI,2023-10-24T21:32:00+03:00,26.16,26.16,26.16,26.16,7
MOEX:RVI,2023-10-24T21:33:00+03:00,26.16,26.17,26.16,26.17,7
MOEX:RVI,2023-10-24T21:34:00+03:00,26.17,26.17,26.17,26.17,5
MOEX:RVI,2023-10-24T21:35:00+03:00,26.18,26.18,26.18,26.18,7
MOEX:RVI,2023-10-24T21:36:00+03:00,26.18,26.18,26.13,26.13,6
MOEX:RVI,2023-10-24T21:37:00+03:00,26.13,26.13,26.13,26.13,7
MOEX:RVI,2023-10-24T21:38:00+03:00,26.13,26.13,26.13,26.13,6
MOEX:RVI,2023-10-24T21:39:00+03:00,26.13,26.13,26.13,26.13,8
MOEX:RVI,2023-10-24T21:40:00+03:00,26.13,26.13,26.13,26.13,7
MOEX:RVI,2023-10-24T21:41:00+03:00,26.16,26.18,26.16,26.18,6
MOEX:RVI,2023-10-24T21:42:00+03:00,26.18,26.22,26.18,26.22,7
MOEX:RVI,2023-10-24T21:43:00+03:00,26.22,26.22,26.20,26.20,6
MOEX:RVI,2023-10-24T21:44:00+03:00,26.20,26.22,26.20,26.22,8
MOEX:RVI,2023-10-24T21:45:00+03:00,26.22,26.22,26.22,26.22,8
MOEX:RVI,2023-10-24T21:46:00+03:00,26.22,26.22,26.22,26.22,7
MOEX:RVI,2023-10-24T21:47:00+03:00,26.22,26.22,26.22,26.22,6
MOEX:RVI,2023-10-24T21:48:00+03:00,26.22,26.22,26.21,26.21,7
MOEX:RVI,2023-10-24T21:49:00+03:00,26.21,26.22,26.21,26.22,6
MOEX:RVI,2023-10-24T21:50:00+03:00,26.22,26.23,26.22,26.23,6
MOEX:RVI,2023-10-24T21:51:00+03:00,26.23,26.23,26.23,26.23,7
MOEX:RVI,2023-10-24T21:52:00+03:00,26.22,26.22,26.21,26.21,8
MOEX:RVI,2023-10-24T21:53:00+03:00,26.22,26.23,26.22,26.23,6
MOEX:RVI,2023-10-24T21:54:00+03:00,26.23,26.23,26.23,26.23,8
MOEX:RVI,2023-10-24T21:55:00+03:00,26.22,26.22,26.22,26.22,6
MOEX:RVI,2023-10-24T21:56:00+03:00,26.22,26.22,26.21,26.21,5
MOEX:RVI,2023-10-24T21:57:00+03:00,26.21,26.28,26.21,26.28,5
MOEX:RVI,2023-10-24T21:58:00+03:00,26.31,26.31,26.31,26.31,6
MOEX:RVI,2023-10-24T21:59:00+03:00,26.31,26.33,26.31,26.33,7
MOEX:RVI,2023-10-24T22:00:00+03:00,26.33,26.34,26.33,26.34,5
MOEX:RVI,2023-10-24T22:01:00+03:00,26.33,26.34,26.33,26.34,6
MOEX:RVI,2023-10-24T22:02:00+03:00,26.34,26.34,26.34,26.34,6
MOEX:RVI,2023-10-24T22:03:00+03:00,26.34,26.34,26.34,26.34,7
MOEX:RVI,2023-10-24T22:04:00+03:00,26.34,26.34,26.34,26.34,6
MOEX:RVI,2023-10-24T22:05:00+03:00,26.34,26.34,26.34,26.34,7
MOEX:RVI,2023-10-24T22:06:00+03:00,26.34,26.34,26.34,26.34,7
MOEX:RVI,2023-10-24T22:07:00+03:00,26.33,26.33,26.33,26.33,6
MOEX:RVI,2023-10-24T22:08:00+03:00,26.33,26.34,26.33,26.34,6
MOEX:RVI,2023-10-24T22:09:00+03:00,26.34,26.38,26.34,26.38,8
MOEX:RVI,2023-10-24T22:10:00+03:00,26.39,26.39,26.39,26.39,6
MOEX:RVI,2023-10-24T22:11:00+03:00,26.39,26.39,26.39,26.39,7
MOEX:RVI,2023-10-24T22:12:00+03:00,26.39,26.39,26.37,26.37,7
MOEX:RVI,2023-10-24T22:13:00+03:00,26.37,26.39,26.37,26.39,5
MOEX:RVI,2023-10-24T22:14:00+03:00,26.39,26.39,26.39,26.39,8
MOEX:RVI,2023-10-24T22:15:00+03:00,26.39,26.40,26.39,26.40,5
MOEX:RVI,2023-10-24T22:16:00+03:00,26.40,26.42,26.40,26.42,7
MOEX:RVI,2023-10-24T22:17:00+03:00,26.42,26.45,26.42,26.45,7
MOEX:RVI,2023-10-24T22:18:00+03:00,26.44,26.45,26.44,26.45,7
MOEX:RVI,2023-10-24T22:19:00+03:00,26.44,26.44,26.43,26.43,7
MOEX:RVI,2023-10-24T22:20:00+03:00,26.40,26.40,26.39,26.39,8
MOEX:RVI,2023-10-24T22:21:00+03:00,26.39,26.41,26.39,26.41,7
MOEX:RVI,2023-10-24T22:22:00+03:00,26.41,26.41,26.41,26.41,5
MOEX:RVI,2023-10-24T22:23:00+03:00,26.40,26.41,26.40,26.41,8
MOEX:RVI,2023-10-24T22:24:00+03:00,26.41,26.44,26.41,26.43,6
MOEX:RVI,2023-10-24T22:25:00+03:00,26.43,26.43,26.43,26.43,6
MOEX:RVI,2023-10-24T22:26:00+03:00,26.43,26.43,26.43,26.43,7
MOEX:RVI,2023-10-24T22:27:00+03:00,26.43,26.43,26.43,26.43,6
MOEX:RVI,2023-10-24T22:28:00+03:00,26.43,26.43,26.43,26.43,7
MOEX:RVI,2023-10-24T22:29:00+03:00,26.43,26.43,26.43,26.43,7
MOEX:RVI,2023-10-24T22:30:00+03:00,26.43,26.43,26.43,26.43,8
MOEX:RVI,2023-10-24T22:31:00+03:00,26.43,26.43,26.41,26.41,5
MOEX:RVI,2023-10-24T22:32:00+03:00,26.41,26.41,26.41,26.41,7
MOEX:RVI,2023-10-24T22:33:00+03:00,26.41,26.41,26.41,26.41,8
MOEX:RVI,2023-10-24T22:34:00+03:00,26.38,26.38,26.38,26.38,5
MOEX:RVI,2023-10-24T22:35:00+03:00,26.39,26.39,26.39,26.39,5
MOEX:RVI,2023-10-24T22:36:00+03:00,26.39,26.39,26.03,26.03,7
MOEX:RVI,2023-10-24T22:37:00+03:00,26.04,26.04,26.03,26.03,6
MOEX:RVI,2023-10-24T22:38:00+03:00,26.03,26.03,26.03,26.03,5
MOEX:RVI,2023-10-24T22:39:00+03:00,26.03,26.03,26.03,26.03,6
MOEX:RVI,2023-10-24T22:40:00+03:00,26.03,26.04,26.03,26.04,5
MOEX:RVI,2023-10-24T22:41:00+03:00,26.04,26.04,26.03,26.03,7
MOEX:RVI,2023-10-24T22:42:00+03:00,26.03,26.03,26.01,26.01,7
MOEX:RVI,2023-10-24T22:43:00+03:00,26.01,26.02,26.01,26.02,6
MOEX:RVI,2023-10-24T22:44:00+03:00,26.02,26.02,26.02,26.02,7
MOEX:RVI,2023-10-24T22:45:00+03:00,26.02,26.02,26.02,26.02,4
MOEX:RVI,2023-10-24T22:46:00+03:00,26.02,26.02,26.02,26.02,6
MOEX:RVI,2023-10-24T22:47:00+03:00,26.02,26.02,26.02,26.02,8
MOEX:RVI,2023-10-24T22:48:00+03:00,26.02,26.02,26.02,26.02,6
MOEX:RVI,2023-10-24T22:49:00+03:00,26.02,26.02,26.02,26.02,6
MOEX:RVI,2023-10-24T22:50:00+03:00,26.02,26.02,26.02,26.02,7
MOEX:RVI,2023-10-24T22:51:00+03:00,26.02,26.02,26.02,26.02,7
MOEX:RVI,2023-10-24T22:52:00+03:00,26.02,26.02,26.02,26.02,6
MOEX:RVI,2023-10-24T22:53:00+03:00,26.02,26.02,26.02,26.02,8
MOEX:RVI,2023-10-24T22:54:00+03:00,26.02,26.02,26.02,26.02,7
MOEX:RVI,2023-10-24T22:55:00+03:00,26.01,26.02,26.01,26.02,5
MOEX:RVI,2023-10-24T22:56:00+03:00,26.02,26.03,26.02,26.03,8
MOEX:RVI,2023-10-24T22:57:00+03:00,26.03,26.62,26.03,26.62,6
MOEX:RVI,2023-10-24T22:58:00+03:00,26.62,26.63,26.62,26.63,7
MOEX:RVI,2023-10-24T22:59:00+03:00,26.63,26.65,26.63,26.65,8
MOEX:RVI,2023-10-24T23:00:00+03:00,26.65,26.65,26.22,26.22,6
MOEX:RVI,2023-10-24T23:01:00+03:00,26.21,26.21,26.21,26.21,7
MOEX:RVI,2023-10-24T23:02:00+03:00,26.21,26.21,26.21,26.21,5
MOEX:RVI,2023-10-24T23:03:00+03:00,26.21,26.21,26.21,26.21,7
MOEX:RVI,2023-10-24T23:04:00+03:00,26.21,26.22,26.21,26.22,7
MOEX:RVI,2023-10-24T23:05:00+03:00,26.22,26.22,26.21,26.21,8
MOEX:RVI,2023-10-24T23:06:00+03:00,26.21,26.21,26.19,26.19,6
MOEX:RVI,2023-10-24T23:07:00+03:00,26.18,26.24,26.18,26.24,5
MOEX:RVI,2023-10-24T23:08:00+03:00,26.24,26.24,26.24,26.24,7
MOEX:RVI,2023-10-24T23:09:00+03:00,26.24,26.29,26.24,26.29,5
MOEX:RVI,2023-10-24T23:10:00+03:00,26.29,26.29,26.29,26.29,8
MOEX:RVI,2023-10-24T23:11:00+03:00,26.29,26.29,26.27,26.27,7
MOEX:RVI,2023-10-24T23:12:00+03:00,26.27,26.27,26.23,26.23,6
MOEX:RVI,2023-10-24T23:13:00+03:00,26.24,26.24,26.24,26.24,6
MOEX:RVI,2023-10-24T23:14:00+03:00,26.24,26.24,26.24,26.24,4
MOEX:RVI,2023-10-24T23:15:00+03:00,26.24,26.24,26.24,26.24,5
MOEX:RVI,2023-10-24T23:16:00+03:00,26.24,26.26,26.24,26.26,6
MOEX:RVI,2023-10-24T23:17:00+03:00,26.26,26.26,26.26,26.26,7
MOEX:RVI,2023-10-24T23:18:00+03:00,26.26,26.26,26.26,26.26,7
MOEX:RVI,2023-10-24T23:19:00+03:00,26.26,26.26,26.26,26.26,7
MOEX:RVI,2023-10-24T23:20:00+03:00,26.26,26.26,26.25,26.25,7
MOEX:RVI,2023-10-24T23:21:00+03:00,26.25,26.32,26.25,26.32,8
MOEX:RVI,2023-10-24T23:22:00+03:00,26.32,26.32,26.32,26.32,5
MOEX:RVI,2023-10-24T23:23:00+03:00,26.32,26.32,26.32,26.32,6
MOEX:RVI,2023-10-24T23:24:00+03:00,26.32,26.32,26.29,26.29,7
MOEX:RVI,2023-10-24T23:25:00+03:00,26.29,26.29,26.29,26.29,8
MOEX:RVI,2023-10-24T23:26:00+03:00,26.29,26.29,26.29,26.29,6
MOEX:RVI,2023-10-24T23:27:00+03:00,26.29,26.31,26.29,26.31,5
MOEX:RVI,2023-10-24T23:28:00+03:00,26.31,26.31,26.31,26.31,7
MOEX:RVI,2023-10-24T23:29:00+03:00,26.31,26.31,26.31,26.31,8
MOEX:RVI,2023-10-24T23:30:00+03:00,26.31,26.32,26.31,26.32,6
MOEX:RVI,2023-10-24T23:31:00+03:00,26.32,26.32,26.32,26.32,7
MOEX:RVI,2023-10-24T23:32:00+03:00,26.32,26.32,26.32,26.32,8
MOEX:RVI,2023-10-24T23:33:00+03:00,26.32,26.32,26.32,26.32,7
MOEX:RVI,2023-10-24T23:34:00+03:00,26.31,26.32,26.31,26.32,8
MOEX:RVI,2023-10-24T23:35:00+03:00,26.32,26.32,26.32,26.32,8
MOEX:RVI,2023-10-24T23:36:00+03:00,26.32,26.32,26.31,26.31,7
MOEX:RVI,2023-10-24T23:37:00+03:00,26.31,26.31,26.31,26.31,5
MOEX:RVI,2023-10-24T23:38:00+03:00,26.31,26.31,26.31,26.31,8
MOEX:RVI,2023-10-24T23:39:00+03:00,26.31,26.31,26.31,26.31,6
MOEX:RVI,2023-10-24T23:40:00+03:00,26.31,26.32,26.31,26.32,5
MOEX:RVI,2023-10-24T23:41:00+03:00,26.32,26.32,26.32,26.32,8
MOEX:RVI,2023-10-24T23:42:00+03:00,26.32,26.32,26.32,26.32,6
MOEX:RVI,2023-10-24T23:43:00+03:00,26.32,26.32,26.32,26.32,8
MOEX:RVI,2023-10-24T23:44:00+03:00,26.32,26.32,26.32,26.32,7
MOEX:RVI,2023-10-24T23:45:00+03:00,26.32,26.32,26.23,26.23,5
MOEX:RVI,2023-10-24T23:46:00+03:00,26.23,26.23,26.23,26.23,8
MOEX:RVI,2023-10-24T23:47:00+03:00,26.23,26.23,26.23,26.23,8
MOEX:RVI,2023-10-24T23:48:00+03:00,26.23,26.25,26.23,26.25,7
MOEX:RVI,2023-10-24T23:49:00+03:00,26.22,26.22,26.22,26.22,6
MOEX:RVI,2023-10-24T23:50:00+03:00,26.22,26.22,26.22,26.22,2
