MOEX:PHOR,2021-06-01T10:00:00+03:00,4700,4700,4659,4659,700
MOEX:PHOR,2021-06-01T10:01:00+03:00,4656,4669,4652,4663,838
MOEX:PHOR,2021-06-01T10:02:00+03:00,4670,4674,4668,4668,197
MOEX:PHOR,2021-06-01T10:03:00+03:00,4668,4669,4663,4669,93
MOEX:PHOR,2021-06-01T10:04:00+03:00,4669,4669,4663,4666,81
MOEX:PHOR,2021-06-01T10:05:00+03:00,4662,4680,4657,4678,1498
MOEX:PHOR,2021-06-01T10:06:00+03:00,4680,4680,4678,4678,360
MOEX:PHOR,2021-06-01T10:07:00+03:00,4678,4680,4676,4678,332
MOEX:PHOR,2021-06-01T10:08:00+03:00,4678,4678,4669,4675,118
MOEX:PHOR,2021-06-01T10:09:00+03:00,4674,4687,4671,4687,597
MOEX:PHOR,2021-06-01T10:10:00+03:00,4688,4688,4680,4680,93
MOEX:PHOR,2021-06-01T10:11:00+03:00,4676,4688,4676,4688,346
MOEX:PHOR,2021-06-01T10:12:00+03:00,4689,4693,4689,4693,5
MOEX:PHOR,2021-06-01T10:13:00+03:00,4690,4693,4688,4693,19
MOEX:PHOR,2021-06-01T10:14:00+03:00,4693,4693,4686,4689,72
MOEX:PHOR,2021-06-01T10:15:00+03:00,4686,4687,4680,4680,474
MOEX:PHOR,2021-06-01T10:16:00+03:00,4680,4692,4677,4692,1615
MOEX:PHOR,2021-06-01T10:17:00+03:00,4693,4697,4692,4697,36
MOEX:PHOR,2021-06-01T10:18:00+03:00,4697,4698,4697,4698,17
MOEX:PHOR,2021-06-01T10:19:00+03:00,4697,4697,4691,4696,1148
MOEX:PHOR,2021-06-01T10:20:00+03:00,4692,4699,4692,4699,133
MOEX:PHOR,2021-06-01T10:21:00+03:00,4699,4699,4699,4699,64
MOEX:PHOR,2021-06-01T10:22:00+03:00,4696,4718,4696,4709,1887
MOEX:PHOR,2021-06-01T10:23:00+03:00,4709,4710,4699,4703,462
MOEX:PHOR,2021-06-01T10:24:00+03:00,4703,4703,4697,4700,120
MOEX:PHOR,2021-06-01T10:25:00+03:00,4700,4704,4699,4700,105
MOEX:PHOR,2021-06-01T10:26:00+03:00,4700,4704,4699,4704,130
MOEX:PHOR,2021-06-01T10:27:00+03:00,4704,4706,4697,4697,452
MOEX:PHOR,2021-06-01T10:28:00+03:00,4697,4697,4697,4697,102
MOEX:PHOR,2021-06-01T10:29:00+03:00,4694,4697,4694,4697,9
MOEX:PHOR,2021-06-01T10:30:00+03:00,4697,4707,4697,4707,595
MOEX:PHOR,2021-06-01T10:31:00+03:00,4702,4706,4701,4706,10
MOEX:PHOR,2021-06-01T10:32:00+03:00,4706,4707,4703,4703,54
MOEX:PHOR,2021-06-01T10:33:00+03:00,4707,4708,4703,4708,19
MOEX:PHOR,2021-06-01T10:34:00+03:00,4708,4708,4703,4707,18
MOEX:PHOR,2021-06-01T10:35:00+03:00,4707,4718,4705,4718,1207
MOEX:PHOR,2021-06-01T10:36:00+03:00,4720,4722,4708,4708,1214
MOEX:PHOR,2021-06-01T10:37:00+03:00,4710,4713,4707,4713,34
MOEX:PHOR,2021-06-01T10:38:00+03:00,4713,4716,4711,4716,59
MOEX:PHOR,2021-06-01T10:39:00+03:00,4711,4716,4709,4716,171
MOEX:PHOR,2021-06-01T10:40:00+03:00,4715,4715,4715,4715,3
MOEX:PHOR,2021-06-01T10:41:00+03:00,4714,4714,4712,4714,134
MOEX:PHOR,2021-06-01T10:42:00+03:00,4714,4714,4712,4712,256
MOEX:PHOR,2021-06-01T10:43:00+03:00,4710,4710,4703,4703,513
MOEX:PHOR,2021-06-01T10:44:00+03:00,4703,4703,4700,4702,123
MOEX:PHOR,2021-06-01T10:45:00+03:00,4700,4702,4700,4702,90
MOEX:PHOR,2021-06-01T10:46:00+03:00,4702,4702,4699,4702,66
MOEX:PHOR,2021-06-01T10:47:00+03:00,4699,4702,4699,4702,17
MOEX:PHOR,2021-06-01T10:48:00+03:00,4700,4701,4700,4701,56
MOEX:PHOR,2021-06-01T10:49:00+03:00,4701,4701,4696,4698,51
MOEX:PHOR,2021-06-01T10:50:00+03:00,4697,4697,4692,4696,525
MOEX:PHOR,2021-06-01T10:51:00+03:00,4696,4697,4693,4697,266
MOEX:PHOR,2021-06-01T10:52:00+03:00,4697,4697,4692,4697,32
MOEX:PHOR,2021-06-01T10:53:00+03:00,4697,4697,4697,4697,50
MOEX:PHOR,2021-06-01T10:54:00+03:00,4692,4696,4692,4696,231
MOEX:PHOR,2021-06-01T10:55:00+03:00,4696,4702,4696,4702,394
MOEX:PHOR,2021-06-01T10:56:00+03:00,4705,4705,4701,4705,16
MOEX:PHOR,2021-06-01T10:57:00+03:00,4705,4705,4702,4702,15
MOEX:PHOR,2021-06-01T10:58:00+03:00,4706,4707,4703,4703,244
MOEX:PHOR,2021-06-01T10:59:00+03:00,4703,4708,4703,4706,61
MOEX:PHOR,2021-06-01T11:00:00+03:00,4707,4707,4706,4707,61
MOEX:PHOR,2021-06-01T11:01:00+03:00,4707,4709,4702,4703,160
MOEX:PHOR,2021-06-01T11:02:00+03:00,4703,4703,4703,4703,9
MOEX:PHOR,2021-06-01T11:03:00+03:00,4703,4703,4700,4700,22
MOEX:PHOR,2021-06-01T11:04:00+03:00,4700,4700,4697,4697,309
MOEX:PHOR,2021-06-01T11:05:00+03:00,4698,4699,4693,4693,58
MOEX:PHOR,2021-06-01T11:06:00+03:00,4698,4698,4698,4698,2
MOEX:PHOR,2021-06-01T11:08:00+03:00,4698,4698,4694,4698,20
MOEX:PHOR,2021-06-01T11:09:00+03:00,4698,4700,4698,4700,202
MOEX:PHOR,2021-06-01T11:10:00+03:00,4700,4700,4700,4700,1
MOEX:PHOR,2021-06-01T11:11:00+03:00,4700,4700,4698,4698,43
MOEX:PHOR,2021-06-01T11:12:00+03:00,4700,4704,4700,4704,114
MOEX:PHOR,2021-06-01T11:13:00+03:00,4704,4704,4704,4704,4
MOEX:PHOR,2021-06-01T11:14:00+03:00,4704,4704,4702,4702,70
MOEX:PHOR,2021-06-01T11:15:00+03:00,4704,4710,4704,4710,299
MOEX:PHOR,2021-06-01T11:16:00+03:00,4710,4718,4710,4718,1172
MOEX:PHOR,2021-06-01T11:17:00+03:00,4716,4718,4710,4710,395
MOEX:PHOR,2021-06-01T11:18:00+03:00,4713,4713,4710,4710,105
MOEX:PHOR,2021-06-01T11:19:00+03:00,4713,4713,4710,4710,103
MOEX:PHOR,2021-06-01T11:20:00+03:00,4711,4712,4711,4711,124
MOEX:PHOR,2021-06-01T11:21:00+03:00,4713,4715,4713,4713,70
MOEX:PHOR,2021-06-01T11:22:00+03:00,4713,4713,4710,4710,223
MOEX:PHOR,2021-06-01T11:23:00+03:00,4710,4710,4704,4704,32
MOEX:PHOR,2021-06-01T11:24:00+03:00,4704,4709,4704,4709,56
MOEX:PHOR,2021-06-01T11:25:00+03:00,4706,4709,4706,4709,57
MOEX:PHOR,2021-06-01T11:26:00+03:00,4709,4709,4709,4709,196
MOEX:PHOR,2021-06-01T11:27:00+03:00,4709,4709,4709,4709,63
MOEX:PHOR,2021-06-01T11:28:00+03:00,4709,4709,4709,4709,19
MOEX:PHOR,2021-06-01T11:29:00+03:00,4707,4710,4702,4702,336
MOEX:PHOR,2021-06-01T11:30:00+03:00,4702,4702,4697,4700,121
MOEX:PHOR,2021-06-01T11:31:00+03:00,4698,4699,4697,4697,21
MOEX:PHOR,2021-06-01T11:32:00+03:00,4699,4699,4697,4699,294
MOEX:PHOR,2021-06-01T11:33:00+03:00,4700,4702,4700,4702,31
MOEX:PHOR,2021-06-01T11:34:00+03:00,4700,4700,4696,4696,155
MOEX:PHOR,2021-06-01T11:35:00+03:00,4700,4700,4695,4697,70
MOEX:PHOR,2021-06-01T11:36:00+03:00,4698,4699,4698,4698,123
MOEX:PHOR,2021-06-01T11:37:00+03:00,4699,4701,4697,4701,278
MOEX:PHOR,2021-06-01T11:38:00+03:00,4701,4704,4701,4701,61
MOEX:PHOR,2021-06-01T11:39:00+03:00,4701,4705,4701,4703,107
MOEX:PHOR,2021-06-01T11:40:00+03:00,4705,4705,4692,4692,204
MOEX:PHOR,2021-06-01T11:41:00+03:00,4692,4692,4692,4692,10
MOEX:PHOR,2021-06-01T11:42:00+03:00,4692,4692,4692,4692,7
MOEX:PHOR,2021-06-01T11:43:00+03:00,4692,4694,4692,4694,210
MOEX:PHOR,2021-06-01T11:44:00+03:00,4696,4699,4696,4699,26
MOEX:PHOR,2021-06-01T11:45:00+03:00,4699,4700,4698,4698,59
MOEX:PHOR,2021-06-01T11:46:00+03:00,4699,4699,4697,4697,106
MOEX:PHOR,2021-06-01T11:47:00+03:00,4697,4697,4696,4696,6
MOEX:PHOR,2021-06-01T11:48:00+03:00,4697,4697,4695,4697,8
MOEX:PHOR,2021-06-01T11:49:00+03:00,4697,4697,4691,4691,108
MOEX:PHOR,2021-06-01T11:50:00+03:00,4690,4695,4690,4695,13
MOEX:PHOR,2021-06-01T11:51:00+03:00,4690,4690,4688,4688,61
MOEX:PHOR,2021-06-01T11:52:00+03:00,4688,4693,4688,4693,70
MOEX:PHOR,2021-06-01T11:53:00+03:00,4693,4693,4689,4689,12
MOEX:PHOR,2021-06-01T11:54:00+03:00,4689,4689,4687,4687,46
MOEX:PHOR,2021-06-01T11:55:00+03:00,4691,4691,4691,4691,1
MOEX:PHOR,2021-06-01T11:56:00+03:00,4691,4691,4691,4691,5
MOEX:PHOR,2021-06-01T11:57:00+03:00,4691,4691,4688,4690,13
MOEX:PHOR,2021-06-01T11:58:00+03:00,4690,4692,4688,4688,254
MOEX:PHOR,2021-06-01T11:59:00+03:00,4690,4693,4690,4693,203
MOEX:PHOR,2021-06-01T12:01:00+03:00,4693,4693,4693,4693,3
MOEX:PHOR,2021-06-01T12:02:00+03:00,4695,4696,4695,4696,130
MOEX:PHOR,2021-06-01T12:03:00+03:00,4696,4697,4696,4697,28
MOEX:PHOR,2021-06-01T12:04:00+03:00,4695,4698,4695,4698,18
MOEX:PHOR,2021-06-01T12:05:00+03:00,4697,4697,4694,4697,165
MOEX:PHOR,2021-06-01T12:06:00+03:00,4697,4697,4697,4697,6
MOEX:PHOR,2021-06-01T12:07:00+03:00,4692,4696,4692,4696,32
MOEX:PHOR,2021-06-01T12:08:00+03:00,4696,4698,4696,4698,6
MOEX:PHOR,2021-06-01T12:09:00+03:00,4698,4699,4688,4692,106
MOEX:PHOR,2021-06-01T12:10:00+03:00,4689,4692,4689,4692,198
MOEX:PHOR,2021-06-01T12:11:00+03:00,4692,4692,4689,4689,47
MOEX:PHOR,2021-06-01T12:12:00+03:00,4689,4694,4689,4694,215
MOEX:PHOR,2021-06-01T12:13:00+03:00,4694,4694,4694,4694,10
MOEX:PHOR,2021-06-01T12:14:00+03:00,4694,4694,4694,4694,8
MOEX:PHOR,2021-06-01T12:15:00+03:00,4694,4696,4694,4696,244
MOEX:PHOR,2021-06-01T12:16:00+03:00,4696,4696,4695,4696,29
MOEX:PHOR,2021-06-01T12:17:00+03:00,4695,4699,4694,4699,105
MOEX:PHOR,2021-06-01T12:18:00+03:00,4699,4700,4696,4700,4327
MOEX:PHOR,2021-06-01T12:19:00+03:00,4700,4700,4700,4700,155
MOEX:PHOR,2021-06-01T12:20:00+03:00,4700,4700,4698,4700,58
MOEX:PHOR,2021-06-01T12:21:00+03:00,4700,4700,4693,4693,391
MOEX:PHOR,2021-06-01T12:22:00+03:00,4692,4696,4692,4696,84
MOEX:PHOR,2021-06-01T12:23:00+03:00,4696,4696,4691,4696,210
MOEX:PHOR,2021-06-01T12:24:00+03:00,4696,4696,4694,4696,215
MOEX:PHOR,2021-06-01T12:25:00+03:00,4696,4696,4696,4696,128
MOEX:PHOR,2021-06-01T12:26:00+03:00,4696,4700,4696,4700,212
MOEX:PHOR,2021-06-01T12:27:00+03:00,4700,4700,4700,4700,61
MOEX:PHOR,2021-06-01T12:28:00+03:00,4700,4700,4700,4700,145
MOEX:PHOR,2021-06-01T12:29:00+03:00,4700,4700,4700,4700,3
MOEX:PHOR,2021-06-01T12:30:00+03:00,4700,4700,4697,4697,65
MOEX:PHOR,2021-06-01T12:31:00+03:00,4699,4699,4699,4699,8
MOEX:PHOR,2021-06-01T12:32:00+03:00,4699,4699,4692,4692,86
MOEX:PHOR,2021-06-01T12:33:00+03:00,4695,4696,4694,4696,141
MOEX:PHOR,2021-06-01T12:34:00+03:00,4696,4696,4693,4696,55
MOEX:PHOR,2021-06-01T12:35:00+03:00,4696,4697,4693,4696,22
MOEX:PHOR,2021-06-01T12:36:00+03:00,4696,4696,4692,4694,260
MOEX:PHOR,2021-06-01T12:37:00+03:00,4692,4692,4692,4692,2
MOEX:PHOR,2021-06-01T12:38:00+03:00,4694,4694,4692,4692,338
MOEX:PHOR,2021-06-01T12:39:00+03:00,4694,4694,4694,4694,10
MOEX:PHOR,2021-06-01T12:40:00+03:00,4692,4694,4692,4694,301
MOEX:PHOR,2021-06-01T12:41:00+03:00,4694,4695,4691,4691,147
MOEX:PHOR,2021-06-01T12:42:00+03:00,4693,4693,4692,4692,4
MOEX:PHOR,2021-06-01T12:43:00+03:00,4690,4690,4686,4687,936
MOEX:PHOR,2021-06-01T12:44:00+03:00,4691,4691,4689,4689,4
MOEX:PHOR,2021-06-01T12:45:00+03:00,4689,4692,4689,4692,58
MOEX:PHOR,2021-06-01T12:46:00+03:00,4692,4692,4690,4692,14
MOEX:PHOR,2021-06-01T12:47:00+03:00,4691,4691,4691,4691,52
MOEX:PHOR,2021-06-01T12:48:00+03:00,4691,4691,4686,4690,261
MOEX:PHOR,2021-06-01T12:49:00+03:00,4690,4690,4690,4690,8
MOEX:PHOR,2021-06-01T12:50:00+03:00,4690,4693,4688,4688,423
MOEX:PHOR,2021-06-01T12:51:00+03:00,4687,4687,4687,4687,61
MOEX:PHOR,2021-06-01T12:52:00+03:00,4690,4691,4690,4691,39
MOEX:PHOR,2021-06-01T12:53:00+03:00,4691,4691,4689,4691,29
MOEX:PHOR,2021-06-01T12:54:00+03:00,4691,4693,4688,4693,70
MOEX:PHOR,2021-06-01T12:55:00+03:00,4693,4693,4688,4693,31
MOEX:PHOR,2021-06-01T12:56:00+03:00,4693,4693,4689,4693,98
MOEX:PHOR,2021-06-01T12:57:00+03:00,4693,4693,4691,4692,163
MOEX:PHOR,2021-06-01T12:58:00+03:00,4688,4690,4686,4690,9
MOEX:PHOR,2021-06-01T12:59:00+03:00,4689,4689,4689,4689,4
MOEX:PHOR,2021-06-01T13:01:00+03:00,4689,4689,4689,4689,1
MOEX:PHOR,2021-06-01T13:02:00+03:00,4689,4689,4689,4689,11
MOEX:PHOR,2021-06-01T13:03:00+03:00,4688,4689,4687,4687,43
MOEX:PHOR,2021-06-01T13:04:00+03:00,4687,4689,4687,4689,31
MOEX:PHOR,2021-06-01T13:05:00+03:00,4689,4689,4689,4689,5
MOEX:PHOR,2021-06-01T13:06:00+03:00,4689,4689,4689,4689,1
MOEX:PHOR,2021-06-01T13:07:00+03:00,4688,4689,4682,4682,81
MOEX:PHOR,2021-06-01T13:08:00+03:00,4682,4685,4682,4685,119
MOEX:PHOR,2021-06-01T13:09:00+03:00,4683,4683,4682,4683,416
MOEX:PHOR,2021-06-01T13:10:00+03:00,4683,4684,4681,4683,229
MOEX:PHOR,2021-06-01T13:11:00+03:00,4683,4683,4680,4683,15
MOEX:PHOR,2021-06-01T13:13:00+03:00,4683,4683,4681,4681,82
MOEX:PHOR,2021-06-01T13:14:00+03:00,4681,4683,4681,4683,24
MOEX:PHOR,2021-06-01T13:15:00+03:00,4683,4683,4681,4683,9
MOEX:PHOR,2021-06-01T13:16:00+03:00,4681,4682,4681,4681,33
MOEX:PHOR,2021-06-01T13:17:00+03:00,4682,4682,4681,4681,13
MOEX:PHOR,2021-06-01T13:18:00+03:00,4682,4682,4682,4682,7
MOEX:PHOR,2021-06-01T13:19:00+03:00,4682,4682,4682,4682,4
MOEX:PHOR,2021-06-01T13:20:00+03:00,4681,4682,4681,4681,44
MOEX:PHOR,2021-06-01T13:21:00+03:00,4681,4682,4681,4682,14
MOEX:PHOR,2021-06-01T13:22:00+03:00,4682,4687,4682,4687,252
MOEX:PHOR,2021-06-01T13:23:00+03:00,4689,4690,4689,4690,6
MOEX:PHOR,2021-06-01T13:24:00+03:00,4690,4692,4690,4690,178
MOEX:PHOR,2021-06-01T13:25:00+03:00,4687,4688,4683,4688,53
MOEX:PHOR,2021-06-01T13:26:00+03:00,4684,4689,4684,4689,4
MOEX:PHOR,2021-06-01T13:27:00+03:00,4689,4692,4688,4692,344
MOEX:PHOR,2021-06-01T13:28:00+03:00,4688,4691,4687,4691,44
MOEX:PHOR,2021-06-01T13:29:00+03:00,4691,4693,4691,4693,6
MOEX:PHOR,2021-06-01T13:30:00+03:00,4691,4691,4687,4689,184
MOEX:PHOR,2021-06-01T13:31:00+03:00,4689,4689,4685,4685,3
MOEX:PHOR,2021-06-01T13:32:00+03:00,4687,4687,4687,4687,2
MOEX:PHOR,2021-06-01T13:33:00+03:00,4687,4687,4687,4687,2
MOEX:PHOR,2021-06-01T13:34:00+03:00,4687,4687,4687,4687,6
MOEX:PHOR,2021-06-01T13:35:00+03:00,4687,4687,4687,4687,1
MOEX:PHOR,2021-06-01T13:36:00+03:00,4687,4687,4687,4687,8
MOEX:PHOR,2021-06-01T13:37:00+03:00,4687,4687,4685,4686,71
MOEX:PHOR,2021-06-01T13:38:00+03:00,4684,4686,4684,4684,10
MOEX:PHOR,2021-06-01T13:39:00+03:00,4686,4686,4686,4686,3
MOEX:PHOR,2021-06-01T13:40:00+03:00,4686,4686,4686,4686,7
MOEX:PHOR,2021-06-01T13:41:00+03:00,4686,4686,4686,4686,3
MOEX:PHOR,2021-06-01T13:42:00+03:00,4686,4686,4685,4685,32
MOEX:PHOR,2021-06-01T13:43:00+03:00,4685,4685,4685,4685,1
MOEX:PHOR,2021-06-01T13:44:00+03:00,4685,4685,4685,4685,111
MOEX:PHOR,2021-06-01T13:45:00+03:00,4686,4686,4686,4686,70
MOEX:PHOR,2021-06-01T13:46:00+03:00,4686,4686,4684,4684,416
MOEX:PHOR,2021-06-01T13:47:00+03:00,4686,4686,4684,4684,5
MOEX:PHOR,2021-06-01T13:48:00+03:00,4686,4686,4686,4686,4
MOEX:PHOR,2021-06-01T13:49:00+03:00,4686,4686,4684,4684,40
MOEX:PHOR,2021-06-01T13:50:00+03:00,4686,4686,4686,4686,37
MOEX:PHOR,2021-06-01T13:51:00+03:00,4686,4686,4686,4686,7
MOEX:PHOR,2021-06-01T13:52:00+03:00,4686,4686,4685,4685,15
MOEX:PHOR,2021-06-01T13:53:00+03:00,4686,4686,4686,4686,6
MOEX:PHOR,2021-06-01T13:54:00+03:00,4685,4686,4684,4684,7
MOEX:PHOR,2021-06-01T13:55:00+03:00,4684,4684,4671,4676,1310
MOEX:PHOR,2021-06-01T13:56:00+03:00,4675,4675,4671,4673,5
MOEX:PHOR,2021-06-01T13:57:00+03:00,4673,4675,4673,4675,675
MOEX:PHOR,2021-06-01T13:58:00+03:00,4675,4677,4675,4677,11
MOEX:PHOR,2021-06-01T13:59:00+03:00,4677,4678,4677,4678,9
MOEX:PHOR,2021-06-01T14:00:00+03:00,4681,4681,4679,4681,51
MOEX:PHOR,2021-06-01T14:01:00+03:00,4681,4681,4675,4675,29
MOEX:PHOR,2021-06-01T14:02:00+03:00,4680,4680,4680,4680,44
MOEX:PHOR,2021-06-01T14:03:00+03:00,4679,4679,4677,4679,49
MOEX:PHOR,2021-06-01T14:04:00+03:00,4679,4679,4679,4679,3
MOEX:PHOR,2021-06-01T14:05:00+03:00,4679,4679,4676,4676,46
MOEX:PHOR,2021-06-01T14:06:00+03:00,4679,4684,4679,4684,195
MOEX:PHOR,2021-06-01T14:07:00+03:00,4684,4684,4682,4682,43
MOEX:PHOR,2021-06-01T14:08:00+03:00,4683,4683,4679,4683,21
MOEX:PHOR,2021-06-01T14:09:00+03:00,4683,4684,4683,4684,4
MOEX:PHOR,2021-06-01T14:10:00+03:00,4679,4684,4679,4682,57
MOEX:PHOR,2021-06-01T14:11:00+03:00,4681,4681,4680,4680,8
MOEX:PHOR,2021-06-01T14:12:00+03:00,4680,4680,4680,4680,21
MOEX:PHOR,2021-06-01T14:13:00+03:00,4680,4680,4680,4680,24
MOEX:PHOR,2021-06-01T14:14:00+03:00,4679,4679,4677,4679,130
MOEX:PHOR,2021-06-01T14:15:00+03:00,4679,4679,4677,4679,40
MOEX:PHOR,2021-06-01T14:16:00+03:00,4679,4679,4679,4679,111
MOEX:PHOR,2021-06-01T14:17:00+03:00,4679,4679,4679,4679,2
MOEX:PHOR,2021-06-01T14:18:00+03:00,4679,4679,4678,4678,104
MOEX:PHOR,2021-06-01T14:19:00+03:00,4678,4678,4677,4677,3
MOEX:PHOR,2021-06-01T14:20:00+03:00,4677,4677,4677,4677,4
MOEX:PHOR,2021-06-01T14:21:00+03:00,4677,4677,4677,4677,6
MOEX:PHOR,2021-06-01T14:22:00+03:00,4677,4677,4677,4677,187
MOEX:PHOR,2021-06-01T14:23:00+03:00,4678,4678,4677,4677,10
MOEX:PHOR,2021-06-01T14:25:00+03:00,4679,4684,4679,4684,52
MOEX:PHOR,2021-06-01T14:26:00+03:00,4684,4684,4684,4684,92
MOEX:PHOR,2021-06-01T14:27:00+03:00,4684,4685,4684,4685,4
MOEX:PHOR,2021-06-01T14:28:00+03:00,4685,4685,4685,4685,4
MOEX:PHOR,2021-06-01T14:29:00+03:00,4683,4684,4683,4683,3
MOEX:PHOR,2021-06-01T14:31:00+03:00,4685,4685,4685,4685,10
MOEX:PHOR,2021-06-01T14:32:00+03:00,4685,4685,4685,4685,16
MOEX:PHOR,2021-06-01T14:33:00+03:00,4685,4685,4685,4685,6
MOEX:PHOR,2021-06-01T14:34:00+03:00,4685,4685,4685,4685,16
MOEX:PHOR,2021-06-01T14:35:00+03:00,4685,4685,4685,4685,39
MOEX:PHOR,2021-06-01T14:36:00+03:00,4685,4685,4684,4684,6
MOEX:PHOR,2021-06-01T14:37:00+03:00,4685,4685,4683,4685,65
MOEX:PHOR,2021-06-01T14:38:00+03:00,4685,4685,4684,4684,3
MOEX:PHOR,2021-06-01T14:39:00+03:00,4685,4685,4685,4685,24
MOEX:PHOR,2021-06-01T14:40:00+03:00,4685,4685,4683,4684,12
MOEX:PHOR,2021-06-01T14:41:00+03:00,4684,4684,4684,4684,101
MOEX:PHOR,2021-06-01T14:42:00+03:00,4684,4684,4683,4684,23
MOEX:PHOR,2021-06-01T14:43:00+03:00,4684,4684,4680,4680,241
MOEX:PHOR,2021-06-01T14:44:00+03:00,4681,4681,4680,4680,9
MOEX:PHOR,2021-06-01T14:45:00+03:00,4681,4681,4678,4678,257
MOEX:PHOR,2021-06-01T14:46:00+03:00,4680,4680,4672,4672,866
MOEX:PHOR,2021-06-01T14:47:00+03:00,4674,4678,4674,4676,333
MOEX:PHOR,2021-06-01T14:48:00+03:00,4678,4680,4678,4680,11
MOEX:PHOR,2021-06-01T14:49:00+03:00,4680,4680,4680,4680,4
MOEX:PHOR,2021-06-01T14:50:00+03:00,4680,4680,4680,4680,13
MOEX:PHOR,2021-06-01T14:51:00+03:00,4680,4680,4680,4680,50
MOEX:PHOR,2021-06-01T14:52:00+03:00,4682,4682,4680,4680,18
MOEX:PHOR,2021-06-01T14:53:00+03:00,4682,4682,4682,4682,3
MOEX:PHOR,2021-06-01T14:54:00+03:00,4681,4682,4677,4677,223
MOEX:PHOR,2021-06-01T14:55:00+03:00,4680,4680,4680,4680,5
MOEX:PHOR,2021-06-01T14:56:00+03:00,4680,4680,4680,4680,10
MOEX:PHOR,2021-06-01T14:57:00+03:00,4680,4680,4680,4680,1
MOEX:PHOR,2021-06-01T14:58:00+03:00,4680,4680,4678,4678,48
MOEX:PHOR,2021-06-01T14:59:00+03:00,4678,4678,4678,4678,3
MOEX:PHOR,2021-06-01T15:00:00+03:00,4678,4678,4678,4678,21
MOEX:PHOR,2021-06-01T15:01:00+03:00,4678,4679,4678,4679,123
MOEX:PHOR,2021-06-01T15:02:00+03:00,4679,4680,4678,4678,144
MOEX:PHOR,2021-06-01T15:03:00+03:00,4678,4680,4678,4680,100
MOEX:PHOR,2021-06-01T15:04:00+03:00,4680,4680,4680,4680,4
MOEX:PHOR,2021-06-01T15:05:00+03:00,4680,4680,4680,4680,6
MOEX:PHOR,2021-06-01T15:06:00+03:00,4680,4680,4678,4678,12
MOEX:PHOR,2021-06-01T15:07:00+03:00,4680,4680,4680,4680,6
MOEX:PHOR,2021-06-01T15:08:00+03:00,4678,4680,4678,4680,4
MOEX:PHOR,2021-06-01T15:09:00+03:00,4680,4680,4680,4680,12
MOEX:PHOR,2021-06-01T15:10:00+03:00,4680,4680,4680,4680,6
MOEX:PHOR,2021-06-01T15:11:00+03:00,4680,4680,4680,4680,12
MOEX:PHOR,2021-06-01T15:12:00+03:00,4680,4680,4680,4680,36
MOEX:PHOR,2021-06-01T15:13:00+03:00,4680,4689,4680,4689,297
MOEX:PHOR,2021-06-01T15:14:00+03:00,4687,4689,4687,4687,14
MOEX:PHOR,2021-06-01T15:15:00+03:00,4689,4691,4689,4691,19
MOEX:PHOR,2021-06-01T15:16:00+03:00,4691,4691,4691,4691,3
MOEX:PHOR,2021-06-01T15:17:00+03:00,4691,4691,4691,4691,30
MOEX:PHOR,2021-06-01T15:19:00+03:00,4692,4692,4692,4692,10
MOEX:PHOR,2021-06-01T15:20:00+03:00,4692,4693,4689,4693,76
MOEX:PHOR,2021-06-01T15:21:00+03:00,4693,4693,4691,4691,20
MOEX:PHOR,2021-06-01T15:22:00+03:00,4693,4693,4693,4693,6
MOEX:PHOR,2021-06-01T15:23:00+03:00,4693,4693,4691,4691,9
MOEX:PHOR,2021-06-01T15:24:00+03:00,4691,4693,4691,4692,101
MOEX:PHOR,2021-06-01T15:25:00+03:00,4692,4692,4690,4692,70
MOEX:PHOR,2021-06-01T15:26:00+03:00,4692,4692,4692,4692,29
MOEX:PHOR,2021-06-01T15:28:00+03:00,4690,4692,4690,4692,207
MOEX:PHOR,2021-06-01T15:29:00+03:00,4692,4692,4690,4692,135
MOEX:PHOR,2021-06-01T15:30:00+03:00,4692,4692,4687,4688,205
MOEX:PHOR,2021-06-01T15:31:00+03:00,4687,4687,4687,4687,48
MOEX:PHOR,2021-06-01T15:32:00+03:00,4685,4686,4685,4686,71
MOEX:PHOR,2021-06-01T15:33:00+03:00,4682,4685,4681,4685,75
MOEX:PHOR,2021-06-01T15:34:00+03:00,4685,4685,4685,4685,198
MOEX:PHOR,2021-06-01T15:35:00+03:00,4685,4689,4685,4689,80
MOEX:PHOR,2021-06-01T15:36:00+03:00,4689,4689,4687,4689,65
MOEX:PHOR,2021-06-01T15:37:00+03:00,4689,4689,4689,4689,136
MOEX:PHOR,2021-06-01T15:38:00+03:00,4689,4689,4687,4687,6
MOEX:PHOR,2021-06-01T15:40:00+03:00,4689,4689,4689,4689,1
MOEX:PHOR,2021-06-01T15:41:00+03:00,4689,4689,4687,4689,20
MOEX:PHOR,2021-06-01T15:43:00+03:00,4689,4690,4689,4689,85
MOEX:PHOR,2021-06-01T15:44:00+03:00,4689,4690,4688,4690,65
MOEX:PHOR,2021-06-01T15:45:00+03:00,4690,4690,4687,4687,67
MOEX:PHOR,2021-06-01T15:46:00+03:00,4686,4688,4685,4685,162
MOEX:PHOR,2021-06-01T15:47:00+03:00,4686,4686,4681,4683,154
MOEX:PHOR,2021-06-01T15:48:00+03:00,4683,4685,4682,4682,233
MOEX:PHOR,2021-06-01T15:49:00+03:00,4685,4685,4685,4685,1
MOEX:PHOR,2021-06-01T15:50:00+03:00,4685,4685,4683,4685,26
MOEX:PHOR,2021-06-01T15:51:00+03:00,4685,4686,4685,4686,44
MOEX:PHOR,2021-06-01T15:52:00+03:00,4686,4686,4685,4686,17
MOEX:PHOR,2021-06-01T15:53:00+03:00,4686,4686,4686,4686,10
MOEX:PHOR,2021-06-01T15:54:00+03:00,4686,4686,4685,4686,952
MOEX:PHOR,2021-06-01T15:55:00+03:00,4684,4684,4684,4684,1
MOEX:PHOR,2021-06-01T15:56:00+03:00,4686,4686,4684,4686,4
MOEX:PHOR,2021-06-01T15:57:00+03:00,4686,4688,4686,4688,172
MOEX:PHOR,2021-06-01T15:58:00+03:00,4686,4690,4686,4689,44
MOEX:PHOR,2021-06-01T15:59:00+03:00,4692,4692,4690,4690,26
MOEX:PHOR,2021-06-01T16:00:00+03:00,4690,4690,4687,4689,223
MOEX:PHOR,2021-06-01T16:01:00+03:00,4689,4689,4689,4689,8
MOEX:PHOR,2021-06-01T16:02:00+03:00,4687,4689,4687,4687,39
MOEX:PHOR,2021-06-01T16:03:00+03:00,4689,4689,4687,4687,11
MOEX:PHOR,2021-06-01T16:04:00+03:00,4689,4689,4687,4687,6
MOEX:PHOR,2021-06-01T16:05:00+03:00,4689,4689,4689,4689,5
MOEX:PHOR,2021-06-01T16:06:00+03:00,4689,4690,4689,4690,275
MOEX:PHOR,2021-06-01T16:07:00+03:00,4689,4691,4689,4691,37
MOEX:PHOR,2021-06-01T16:08:00+03:00,4693,4693,4693,4693,3
MOEX:PHOR,2021-06-01T16:09:00+03:00,4693,4693,4693,4693,5
MOEX:PHOR,2021-06-01T16:10:00+03:00,4693,4694,4692,4694,47
MOEX:PHOR,2021-06-01T16:11:00+03:00,4694,4694,4692,4694,11
MOEX:PHOR,2021-06-01T16:12:00+03:00,4694,4695,4692,4695,183
MOEX:PHOR,2021-06-01T16:13:00+03:00,4696,4700,4692,4694,1675
MOEX:PHOR,2021-06-01T16:14:00+03:00,4691,4694,4691,4694,5
MOEX:PHOR,2021-06-01T16:15:00+03:00,4694,4694,4692,4693,45
MOEX:PHOR,2021-06-01T16:16:00+03:00,4693,4693,4693,4693,8
MOEX:PHOR,2021-06-01T16:17:00+03:00,4693,4693,4691,4691,113
MOEX:PHOR,2021-06-01T16:18:00+03:00,4692,4692,4691,4692,9
MOEX:PHOR,2021-06-01T16:19:00+03:00,4692,4692,4688,4689,104
MOEX:PHOR,2021-06-01T16:20:00+03:00,4689,4689,4689,4689,47
MOEX:PHOR,2021-06-01T16:21:00+03:00,4689,4689,4687,4687,12
MOEX:PHOR,2021-06-01T16:22:00+03:00,4685,4686,4684,4684,54
MOEX:PHOR,2021-06-01T16:23:00+03:00,4684,4684,4684,4684,2
MOEX:PHOR,2021-06-01T16:24:00+03:00,4686,4686,4681,4681,98
MOEX:PHOR,2021-06-01T16:25:00+03:00,4684,4684,4684,4684,1
MOEX:PHOR,2021-06-01T16:26:00+03:00,4684,4684,4684,4684,1
MOEX:PHOR,2021-06-01T16:27:00+03:00,4684,4684,4684,4684,38
MOEX:PHOR,2021-06-01T16:28:00+03:00,4682,4693,4682,4693,932
MOEX:PHOR,2021-06-01T16:29:00+03:00,4693,4693,4689,4689,2
MOEX:PHOR,2021-06-01T16:30:00+03:00,4693,4695,4693,4695,8
MOEX:PHOR,2021-06-01T16:31:00+03:00,4695,4695,4695,4695,57
MOEX:PHOR,2021-06-01T16:32:00+03:00,4697,4697,4695,4697,16
MOEX:PHOR,2021-06-01T16:33:00+03:00,4693,4698,4693,4697,294
MOEX:PHOR,2021-06-01T16:34:00+03:00,4697,4697,4697,4697,5
MOEX:PHOR,2021-06-01T16:35:00+03:00,4697,4697,4697,4697,10
MOEX:PHOR,2021-06-01T16:36:00+03:00,4695,4695,4690,4690,66
MOEX:PHOR,2021-06-01T16:37:00+03:00,4690,4693,4690,4693,116
MOEX:PHOR,2021-06-01T16:38:00+03:00,4692,4692,4690,4691,216
MOEX:PHOR,2021-06-01T16:39:00+03:00,4691,4691,4689,4689,49
MOEX:PHOR,2021-06-01T16:40:00+03:00,4691,4691,4689,4689,145
MOEX:PHOR,2021-06-01T16:41:00+03:00,4689,4689,4689,4689,1
MOEX:PHOR,2021-06-01T16:42:00+03:00,4690,4690,4688,4688,5
MOEX:PHOR,2021-06-01T16:43:00+03:00,4688,4691,4686,4691,489
MOEX:PHOR,2021-06-01T16:44:00+03:00,4692,4693,4692,4692,103
MOEX:PHOR,2021-06-01T16:45:00+03:00,4694,4697,4694,4697,6
MOEX:PHOR,2021-06-01T16:46:00+03:00,4697,4697,4695,4695,69
MOEX:PHOR,2021-06-01T16:48:00+03:00,4693,4693,4689,4693,94
MOEX:PHOR,2021-06-01T16:49:00+03:00,4688,4688,4688,4688,24
MOEX:PHOR,2021-06-01T16:50:00+03:00,4690,4690,4690,4690,10
MOEX:PHOR,2021-06-01T16:51:00+03:00,4686,4690,4686,4690,645
MOEX:PHOR,2021-06-01T16:52:00+03:00,4694,4696,4694,4696,55
MOEX:PHOR,2021-06-01T16:53:00+03:00,4694,4694,4694,4694,2
MOEX:PHOR,2021-06-01T16:54:00+03:00,4694,4697,4693,4693,6
MOEX:PHOR,2021-06-01T16:55:00+03:00,4696,4696,4696,4696,2
MOEX:PHOR,2021-06-01T16:56:00+03:00,4695,4695,4695,4695,43
MOEX:PHOR,2021-06-01T16:57:00+03:00,4695,4697,4693,4693,36
MOEX:PHOR,2021-06-01T16:58:00+03:00,4693,4693,4693,4693,20
MOEX:PHOR,2021-06-01T16:59:00+03:00,4690,4690,4690,4690,3
MOEX:PHOR,2021-06-01T17:00:00+03:00,4693,4694,4692,4694,95
MOEX:PHOR,2021-06-01T17:01:00+03:00,4693,4694,4693,4694,105
MOEX:PHOR,2021-06-01T17:02:00+03:00,4694,4694,4694,4694,10
MOEX:PHOR,2021-06-01T17:03:00+03:00,4694,4694,4692,4693,7
MOEX:PHOR,2021-06-01T17:04:00+03:00,4693,4693,4693,4693,32
MOEX:PHOR,2021-06-01T17:05:00+03:00,4691,4691,4685,4685,448
MOEX:PHOR,2021-06-01T17:06:00+03:00,4687,4688,4684,4688,428
MOEX:PHOR,2021-06-01T17:07:00+03:00,4685,4690,4685,4689,139
MOEX:PHOR,2021-06-01T17:08:00+03:00,4687,4691,4687,4691,72
MOEX:PHOR,2021-06-01T17:09:00+03:00,4693,4694,4691,4692,154
MOEX:PHOR,2021-06-01T17:10:00+03:00,4694,4694,4691,4692,8
MOEX:PHOR,2021-06-01T17:11:00+03:00,4689,4691,4689,4691,62
MOEX:PHOR,2021-06-01T17:12:00+03:00,4691,4691,4689,4690,74
MOEX:PHOR,2021-06-01T17:13:00+03:00,4690,4690,4689,4689,21
MOEX:PHOR,2021-06-01T17:14:00+03:00,4689,4689,4689,4689,1
MOEX:PHOR,2021-06-01T17:15:00+03:00,4689,4689,4688,4689,12
MOEX:PHOR,2021-06-01T17:16:00+03:00,4689,4689,4687,4687,79
MOEX:PHOR,2021-06-01T17:17:00+03:00,4685,4685,4674,4678,1637
MOEX:PHOR,2021-06-01T17:18:00+03:00,4676,4676,4672,4672,155
MOEX:PHOR,2021-06-01T17:19:00+03:00,4671,4674,4671,4671,15
MOEX:PHOR,2021-06-01T17:20:00+03:00,4671,4673,4671,4671,144
MOEX:PHOR,2021-06-01T17:21:00+03:00,4671,4673,4670,4673,51
MOEX:PHOR,2021-06-01T17:22:00+03:00,4673,4673,4671,4672,38
MOEX:PHOR,2021-06-01T17:23:00+03:00,4671,4672,4671,4672,66
MOEX:PHOR,2021-06-01T17:24:00+03:00,4671,4674,4671,4673,243
MOEX:PHOR,2021-06-01T17:25:00+03:00,4675,4676,4673,4673,124
MOEX:PHOR,2021-06-01T17:26:00+03:00,4675,4675,4675,4675,1
MOEX:PHOR,2021-06-01T17:27:00+03:00,4675,4680,4675,4680,233
MOEX:PHOR,2021-06-01T17:28:00+03:00,4681,4681,4677,4677,51
MOEX:PHOR,2021-06-01T17:29:00+03:00,4680,4680,4680,4680,4
MOEX:PHOR,2021-06-01T17:30:00+03:00,4680,4680,4680,4680,1
MOEX:PHOR,2021-06-01T17:31:00+03:00,4680,4680,4678,4678,10
MOEX:PHOR,2021-06-01T17:33:00+03:00,4678,4678,4676,4678,118
MOEX:PHOR,2021-06-01T17:34:00+03:00,4678,4678,4676,4676,43
MOEX:PHOR,2021-06-01T17:35:00+03:00,4677,4677,4675,4676,224
MOEX:PHOR,2021-06-01T17:36:00+03:00,4676,4676,4676,4676,2
MOEX:PHOR,2021-06-01T17:37:00+03:00,4678,4681,4678,4679,144
MOEX:PHOR,2021-06-01T17:38:00+03:00,4681,4681,4681,4681,2
MOEX:PHOR,2021-06-01T17:39:00+03:00,4680,4680,4678,4678,26
MOEX:PHOR,2021-06-01T17:40:00+03:00,4679,4679,4679,4679,3
MOEX:PHOR,2021-06-01T17:41:00+03:00,4679,4679,4677,4677,50
MOEX:PHOR,2021-06-01T17:42:00+03:00,4678,4678,4676,4676,3
MOEX:PHOR,2021-06-01T17:43:00+03:00,4676,4679,4676,4679,192
MOEX:PHOR,2021-06-01T17:45:00+03:00,4677,4677,4670,4670,217
MOEX:PHOR,2021-06-01T17:46:00+03:00,4670,4670,4665,4668,1001
MOEX:PHOR,2021-06-01T17:47:00+03:00,4668,4668,4666,4666,39
MOEX:PHOR,2021-06-01T17:48:00+03:00,4669,4669,4669,4669,16
MOEX:PHOR,2021-06-01T17:49:00+03:00,4667,4669,4666,4666,44
MOEX:PHOR,2021-06-01T17:50:00+03:00,4666,4668,4665,4668,57
MOEX:PHOR,2021-06-01T17:51:00+03:00,4668,4668,4668,4668,292
MOEX:PHOR,2021-06-01T17:52:00+03:00,4667,4668,4667,4668,75
MOEX:PHOR,2021-06-01T17:53:00+03:00,4669,4671,4669,4671,74
MOEX:PHOR,2021-06-01T17:54:00+03:00,4672,4672,4668,4672,67
MOEX:PHOR,2021-06-01T17:55:00+03:00,4672,4672,4668,4670,33
MOEX:PHOR,2021-06-01T17:57:00+03:00,4670,4670,4670,4670,34
MOEX:PHOR,2021-06-01T17:58:00+03:00,4670,4674,4670,4674,112
MOEX:PHOR,2021-06-01T17:59:00+03:00,4673,4673,4673,4673,2
MOEX:PHOR,2021-06-01T18:01:00+03:00,4674,4674,4674,4674,3
MOEX:PHOR,2021-06-01T18:02:00+03:00,4672,4674,4672,4674,8
MOEX:PHOR,2021-06-01T18:03:00+03:00,4674,4674,4674,4674,2
MOEX:PHOR,2021-06-01T18:04:00+03:00,4672,4674,4670,4674,203
MOEX:PHOR,2021-06-01T18:05:00+03:00,4672,4672,4667,4667,139
MOEX:PHOR,2021-06-01T18:06:00+03:00,4669,4670,4668,4668,443
MOEX:PHOR,2021-06-01T18:07:00+03:00,4668,4673,4668,4673,36
MOEX:PHOR,2021-06-01T18:08:00+03:00,4673,4673,4673,4673,2
MOEX:PHOR,2021-06-01T18:09:00+03:00,4673,4681,4672,4681,757
MOEX:PHOR,2021-06-01T18:10:00+03:00,4680,4689,4680,4687,1787
MOEX:PHOR,2021-06-01T18:11:00+03:00,4687,4687,4685,4685,77
MOEX:PHOR,2021-06-01T18:12:00+03:00,4687,4687,4687,4687,4
MOEX:PHOR,2021-06-01T18:13:00+03:00,4681,4686,4681,4686,9
MOEX:PHOR,2021-06-01T18:14:00+03:00,4684,4684,4684,4684,43
MOEX:PHOR,2021-06-01T18:15:00+03:00,4680,4680,4677,4677,139
MOEX:PHOR,2021-06-01T18:16:00+03:00,4677,4680,4677,4680,3
MOEX:PHOR,2021-06-01T18:17:00+03:00,4680,4680,4680,4680,4
MOEX:PHOR,2021-06-01T18:19:00+03:00,4680,4680,4680,4680,13
MOEX:PHOR,2021-06-01T18:20:00+03:00,4678,4680,4678,4680,104
MOEX:PHOR,2021-06-01T18:22:00+03:00,4680,4680,4676,4676,78
MOEX:PHOR,2021-06-01T18:23:00+03:00,4680,4680,4678,4678,28
MOEX:PHOR,2021-06-01T18:24:00+03:00,4676,4678,4672,4675,131
MOEX:PHOR,2021-06-01T18:25:00+03:00,4672,4674,4670,4674,754
MOEX:PHOR,2021-06-01T18:26:00+03:00,4676,4676,4670,4674,74
MOEX:PHOR,2021-06-01T18:27:00+03:00,4674,4677,4672,4672,619
MOEX:PHOR,2021-06-01T18:28:00+03:00,4670,4675,4670,4674,87
MOEX:PHOR,2021-06-01T18:29:00+03:00,4673,4673,4671,4673,228
MOEX:PHOR,2021-06-01T18:30:00+03:00,4672,4675,4672,4675,2
MOEX:PHOR,2021-06-01T18:31:00+03:00,4673,4675,4673,4673,70
MOEX:PHOR,2021-06-01T18:32:00+03:00,4675,4675,4673,4673,24
MOEX:PHOR,2021-06-01T18:33:00+03:00,4672,4673,4672,4673,14
MOEX:PHOR,2021-06-01T18:34:00+03:00,4672,4673,4670,4673,49
MOEX:PHOR,2021-06-01T18:35:00+03:00,4673,4687,4673,4684,1705
MOEX:PHOR,2021-06-01T18:36:00+03:00,4679,4684,4679,4684,7
MOEX:PHOR,2021-06-01T18:37:00+03:00,4681,4681,4681,4681,37
MOEX:PHOR,2021-06-01T18:38:00+03:00,4680,4681,4679,4679,12
MOEX:PHOR,2021-06-01T18:39:00+03:00,4679,4683,4677,4679,54
MOEX:PHOR,2021-06-01T18:45:00+03:00,4677,4677,4677,4677,740
MOEX:PHOR,2021-06-01T19:04:00+03:00,4684,4684,4684,4684,8
MOEX:PHOR,2021-06-01T19:05:00+03:00,4680,4681,4667,4671,24
MOEX:PHOR,2021-06-01T19:06:00+03:00,4667,4668,4661,4664,119
MOEX:PHOR,2021-06-01T19:07:00+03:00,4664,4671,4664,4664,17
MOEX:PHOR,2021-06-01T19:08:00+03:00,4666,4670,4664,4668,64
MOEX:PHOR,2021-06-01T19:09:00+03:00,4668,4669,4668,4669,2
MOEX:PHOR,2021-06-01T19:10:00+03:00,4669,4669,4668,4668,42
MOEX:PHOR,2021-06-01T19:11:00+03:00,4665,4667,4664,4664,23
MOEX:PHOR,2021-06-01T19:12:00+03:00,4666,4668,4666,4668,59
MOEX:PHOR,2021-06-01T19:13:00+03:00,4665,4666,4665,4666,21
MOEX:PHOR,2021-06-01T19:14:00+03:00,4668,4671,4668,4671,42
MOEX:PHOR,2021-06-01T19:15:00+03:00,4668,4668,4668,4668,5
MOEX:PHOR,2021-06-01T19:16:00+03:00,4671,4673,4671,4673,3
MOEX:PHOR,2021-06-01T19:17:00+03:00,4673,4673,4670,4670,2
MOEX:PHOR,2021-06-01T19:18:00+03:00,4668,4672,4668,4672,9
MOEX:PHOR,2021-06-01T19:19:00+03:00,4672,4672,4668,4668,23
MOEX:PHOR,2021-06-01T19:20:00+03:00,4671,4672,4668,4668,16
MOEX:PHOR,2021-06-01T19:21:00+03:00,4668,4668,4668,4668,14
MOEX:PHOR,2021-06-01T19:22:00+03:00,4671,4671,4671,4671,2
MOEX:PHOR,2021-06-01T19:23:00+03:00,4671,4671,4671,4671,16
MOEX:PHOR,2021-06-01T19:24:00+03:00,4671,4671,4668,4671,54
MOEX:PHOR,2021-06-01T19:26:00+03:00,4671,4671,4668,4668,9
MOEX:PHOR,2021-06-01T19:27:00+03:00,4668,4671,4668,4671,31
MOEX:PHOR,2021-06-01T19:28:00+03:00,4671,4671,4668,4668,55
MOEX:PHOR,2021-06-01T19:29:00+03:00,4671,4672,4671,4672,8
MOEX:PHOR,2021-06-01T19:32:00+03:00,4670,4671,4668,4671,9
MOEX:PHOR,2021-06-01T19:33:00+03:00,4672,4672,4668,4672,5
MOEX:PHOR,2021-06-01T19:34:00+03:00,4672,4672,4668,4668,13
MOEX:PHOR,2021-06-01T19:35:00+03:00,4668,4668,4666,4666,20
MOEX:PHOR,2021-06-01T19:36:00+03:00,4668,4669,4668,4669,8
MOEX:PHOR,2021-06-01T19:37:00+03:00,4669,4671,4669,4671,8
MOEX:PHOR,2021-06-01T19:38:00+03:00,4671,4671,4671,4671,3
MOEX:PHOR,2021-06-01T19:40:00+03:00,4671,4671,4671,4671,1
MOEX:PHOR,2021-06-01T19:41:00+03:00,4671,4671,4671,4671,2
MOEX:PHOR,2021-06-01T19:42:00+03:00,4671,4671,4671,4671,19
MOEX:PHOR,2021-06-01T19:43:00+03:00,4670,4671,4670,4670,11
MOEX:PHOR,2021-06-01T19:44:00+03:00,4670,4670,4670,4670,8
MOEX:PHOR,2021-06-01T19:45:00+03:00,4672,4673,4669,4673,35
MOEX:PHOR,2021-06-01T19:46:00+03:00,4673,4673,4673,4673,8
MOEX:PHOR,2021-06-01T19:47:00+03:00,4670,4672,4670,4672,2
MOEX:PHOR,2021-06-01T19:48:00+03:00,4672,4673,4672,4673,4
MOEX:PHOR,2021-06-01T19:49:00+03:00,4673,4673,4673,4673,146
MOEX:PHOR,2021-06-01T19:50:00+03:00,4672,4672,4670,4670,21
MOEX:PHOR,2021-06-01T19:51:00+03:00,4670,4670,4670,4670,2
MOEX:PHOR,2021-06-01T19:52:00+03:00,4669,4671,4669,4671,12
MOEX:PHOR,2021-06-01T19:53:00+03:00,4671,4672,4671,4672,5
MOEX:PHOR,2021-06-01T19:54:00+03:00,4669,4672,4669,4672,3
MOEX:PHOR,2021-06-01T19:55:00+03:00,4669,4669,4669,4669,7
MOEX:PHOR,2021-06-01T19:56:00+03:00,4672,4672,4669,4669,3
MOEX:PHOR,2021-06-01T19:57:00+03:00,4669,4672,4669,4672,4
MOEX:PHOR,2021-06-01T19:58:00+03:00,4673,4673,4670,4670,4
MOEX:PHOR,2021-06-01T19:59:00+03:00,4672,4672,4672,4672,3
MOEX:PHOR,2021-06-01T20:01:00+03:00,4675,4675,4675,4675,2
MOEX:PHOR,2021-06-01T20:02:00+03:00,4675,4675,4675,4675,1
MOEX:PHOR,2021-06-01T20:04:00+03:00,4672,4672,4668,4670,32
MOEX:PHOR,2021-06-01T20:05:00+03:00,4670,4670,4667,4668,46
MOEX:PHOR,2021-06-01T20:06:00+03:00,4670,4670,4670,4670,3
MOEX:PHOR,2021-06-01T20:08:00+03:00,4669,4669,4669,4669,18
MOEX:PHOR,2021-06-01T20:09:00+03:00,4672,4672,4669,4669,6
MOEX:PHOR,2021-06-01T20:10:00+03:00,4672,4672,4672,4672,1
MOEX:PHOR,2021-06-01T20:11:00+03:00,4671,4672,4671,4672,16
MOEX:PHOR,2021-06-01T20:12:00+03:00,4667,4670,4665,4670,107
MOEX:PHOR,2021-06-01T20:13:00+03:00,4672,4672,4672,4672,5
MOEX:PHOR,2021-06-01T20:14:00+03:00,4672,4672,4672,4672,36
MOEX:PHOR,2021-06-01T20:15:00+03:00,4672,4672,4672,4672,10
MOEX:PHOR,2021-06-01T20:16:00+03:00,4672,4672,4672,4672,2
MOEX:PHOR,2021-06-01T20:17:00+03:00,4672,4672,4672,4672,1
MOEX:PHOR,2021-06-01T20:19:00+03:00,4672,4672,4671,4672,13
MOEX:PHOR,2021-06-01T20:20:00+03:00,4672,4672,4672,4672,15
MOEX:PHOR,2021-06-01T20:23:00+03:00,4674,4676,4674,4676,53
MOEX:PHOR,2021-06-01T20:26:00+03:00,4676,4676,4676,4676,11
MOEX:PHOR,2021-06-01T20:27:00+03:00,4676,4676,4676,4676,5
MOEX:PHOR,2021-06-01T20:28:00+03:00,4676,4676,4676,4676,2
MOEX:PHOR,2021-06-01T20:30:00+03:00,4676,4676,4676,4676,2
MOEX:PHOR,2021-06-01T20:31:00+03:00,4676,4676,4676,4676,2
MOEX:PHOR,2021-06-01T20:32:00+03:00,4676,4676,4676,4676,22
MOEX:PHOR,2021-06-01T20:33:00+03:00,4676,4676,4676,4676,3
MOEX:PHOR,2021-06-01T20:34:00+03:00,4676,4676,4676,4676,24
MOEX:PHOR,2021-06-01T20:35:00+03:00,4677,4677,4677,4677,1
MOEX:PHOR,2021-06-01T20:36:00+03:00,4677,4677,4677,4677,2
MOEX:PHOR,2021-06-01T20:37:00+03:00,4677,4679,4677,4679,54
MOEX:PHOR,2021-06-01T20:38:00+03:00,4679,4679,4676,4679,15
MOEX:PHOR,2021-06-01T20:40:00+03:00,4679,4679,4679,4679,2
MOEX:PHOR,2021-06-01T20:41:00+03:00,4679,4679,4679,4679,2
MOEX:PHOR,2021-06-01T20:43:00+03:00,4679,4679,4676,4676,10
MOEX:PHOR,2021-06-01T20:44:00+03:00,4679,4679,4679,4679,20
MOEX:PHOR,2021-06-01T20:45:00+03:00,4679,4679,4679,4679,10
MOEX:PHOR,2021-06-01T20:46:00+03:00,4679,4680,4679,4680,5
MOEX:PHOR,2021-06-01T20:47:00+03:00,4678,4678,4678,4678,9
MOEX:PHOR,2021-06-01T20:48:00+03:00,4680,4680,4680,4680,2
MOEX:PHOR,2021-06-01T20:52:00+03:00,4680,4680,4680,4680,2
MOEX:PHOR,2021-06-01T20:55:00+03:00,4680,4680,4680,4680,2
MOEX:PHOR,2021-06-01T20:56:00+03:00,4680,4682,4680,4682,66
MOEX:PHOR,2021-06-01T20:57:00+03:00,4682,4683,4682,4683,39
MOEX:PHOR,2021-06-01T20:58:00+03:00,4683,4683,4681,4681,22
MOEX:PHOR,2021-06-01T20:59:00+03:00,4683,4683,4680,4680,4
MOEX:PHOR,2021-06-01T21:00:00+03:00,4681,4681,4681,4681,2
MOEX:PHOR,2021-06-01T21:01:00+03:00,4681,4683,4681,4683,10
MOEX:PHOR,2021-06-01T21:02:00+03:00,4683,4683,4683,4683,2
MOEX:PHOR,2021-06-01T21:03:00+03:00,4683,4683,4683,4683,1
MOEX:PHOR,2021-06-01T21:04:00+03:00,4680,4683,4680,4683,6
MOEX:PHOR,2021-06-01T21:06:00+03:00,4683,4683,4680,4683,46
MOEX:PHOR,2021-06-01T21:08:00+03:00,4684,4684,4684,4684,2
MOEX:PHOR,2021-06-01T21:09:00+03:00,4684,4684,4684,4684,2
MOEX:PHOR,2021-06-01T21:11:00+03:00,4684,4684,4684,4684,4
MOEX:PHOR,2021-06-01T21:12:00+03:00,4684,4684,4684,4684,1
MOEX:PHOR,2021-06-01T21:13:00+03:00,4684,4684,4684,4684,10
MOEX:PHOR,2021-06-01T21:14:00+03:00,4684,4684,4684,4684,2
MOEX:PHOR,2021-06-01T21:15:00+03:00,4684,4684,4684,4684,2
MOEX:PHOR,2021-06-01T21:16:00+03:00,4684,4684,4684,4684,2
MOEX:PHOR,2021-06-01T21:17:00+03:00,4684,4685,4684,4685,42
MOEX:PHOR,2021-06-01T21:18:00+03:00,4685,4685,4685,4685,102
MOEX:PHOR,2021-06-01T21:20:00+03:00,4685,4685,4685,4685,2
MOEX:PHOR,2021-06-01T21:21:00+03:00,4685,4685,4681,4681,4
MOEX:PHOR,2021-06-01T21:23:00+03:00,4684,4686,4684,4686,94
MOEX:PHOR,2021-06-01T21:24:00+03:00,4685,4686,4685,4686,3
MOEX:PHOR,2021-06-01T21:25:00+03:00,4686,4688,4686,4688,13
MOEX:PHOR,2021-06-01T21:28:00+03:00,4685,4686,4680,4686,49
MOEX:PHOR,2021-06-01T21:30:00+03:00,4686,4687,4681,4681,18
MOEX:PHOR,2021-06-01T21:31:00+03:00,4681,4687,4681,4687,2
MOEX:PHOR,2021-06-01T21:33:00+03:00,4682,4686,4682,4686,14
MOEX:PHOR,2021-06-01T21:34:00+03:00,4682,4682,4682,4682,2
MOEX:PHOR,2021-06-01T21:35:00+03:00,4685,4685,4683,4683,10
MOEX:PHOR,2021-06-01T21:36:00+03:00,4685,4685,4685,4685,5
MOEX:PHOR,2021-06-01T21:37:00+03:00,4685,4685,4685,4685,1
MOEX:PHOR,2021-06-01T21:38:00+03:00,4683,4683,4683,4683,1
MOEX:PHOR,2021-06-01T21:39:00+03:00,4686,4686,4686,4686,12
MOEX:PHOR,2021-06-01T21:40:00+03:00,4686,4686,4686,4686,7
MOEX:PHOR,2021-06-01T21:42:00+03:00,4686,4687,4686,4687,12
MOEX:PHOR,2021-06-01T21:43:00+03:00,4687,4687,4687,4687,20
MOEX:PHOR,2021-06-01T21:44:00+03:00,4683,4683,4683,4683,2
MOEX:PHOR,2021-06-01T21:45:00+03:00,4688,4690,4688,4690,9
MOEX:PHOR,2021-06-01T21:46:00+03:00,4690,4690,4690,4690,1
MOEX:PHOR,2021-06-01T21:47:00+03:00,4690,4690,4690,4690,6
MOEX:PHOR,2021-06-01T21:48:00+03:00,4690,4690,4690,4690,1
MOEX:PHOR,2021-06-01T21:51:00+03:00,4686,4686,4686,4686,1
MOEX:PHOR,2021-06-01T21:52:00+03:00,4686,4686,4686,4686,2
MOEX:PHOR,2021-06-01T21:53:00+03:00,4686,4686,4686,4686,6
MOEX:PHOR,2021-06-01T21:57:00+03:00,4686,4686,4686,4686,10
MOEX:PHOR,2021-06-01T21:58:00+03:00,4686,4689,4686,4689,6
MOEX:PHOR,2021-06-01T21:59:00+03:00,4689,4690,4686,4690,26
MOEX:PHOR,2021-06-01T22:00:00+03:00,4690,4690,4690,4690,2
MOEX:PHOR,2021-06-01T22:01:00+03:00,4690,4690,4686,4686,4
MOEX:PHOR,2021-06-01T22:02:00+03:00,4690,4690,4690,4690,9
MOEX:PHOR,2021-06-01T22:03:00+03:00,4690,4690,4690,4690,1
MOEX:PHOR,2021-06-01T22:04:00+03:00,4690,4690,4690,4690,1
MOEX:PHOR,2021-06-01T22:06:00+03:00,4691,4691,4686,4686,13
MOEX:PHOR,2021-06-01T22:08:00+03:00,4690,4690,4690,4690,1
MOEX:PHOR,2021-06-01T22:09:00+03:00,4690,4690,4690,4690,10
MOEX:PHOR,2021-06-01T22:10:00+03:00,4690,4690,4690,4690,1
MOEX:PHOR,2021-06-01T22:11:00+03:00,4690,4690,4690,4690,5
MOEX:PHOR,2021-06-01T22:12:00+03:00,4690,4691,4687,4687,13
MOEX:PHOR,2021-06-01T22:14:00+03:00,4691,4692,4691,4692,3
MOEX:PHOR,2021-06-01T22:16:00+03:00,4692,4692,4692,4692,1
MOEX:PHOR,2021-06-01T22:17:00+03:00,4693,4693,4689,4689,14
MOEX:PHOR,2021-06-01T22:18:00+03:00,4692,4692,4692,4692,6
MOEX:PHOR,2021-06-01T22:19:00+03:00,4692,4692,4692,4692,10
MOEX:PHOR,2021-06-01T22:21:00+03:00,4692,4692,4688,4688,23
MOEX:PHOR,2021-06-01T22:22:00+03:00,4686,4686,4686,4686,7
MOEX:PHOR,2021-06-01T22:23:00+03:00,4686,4686,4685,4685,3
MOEX:PHOR,2021-06-01T22:24:00+03:00,4685,4688,4685,4688,9
MOEX:PHOR,2021-06-01T22:25:00+03:00,4688,4688,4688,4688,1
MOEX:PHOR,2021-06-01T22:26:00+03:00,4687,4687,4687,4687,6
MOEX:PHOR,2021-06-01T22:27:00+03:00,4688,4688,4688,4688,5
MOEX:PHOR,2021-06-01T22:28:00+03:00,4688,4688,4688,4688,2
MOEX:PHOR,2021-06-01T22:34:00+03:00,4688,4688,4688,4688,20
MOEX:PHOR,2021-06-01T22:35:00+03:00,4687,4688,4687,4688,4
MOEX:PHOR,2021-06-01T22:37:00+03:00,4688,4688,4688,4688,1
MOEX:PHOR,2021-06-01T22:39:00+03:00,4688,4688,4688,4688,2
MOEX:PHOR,2021-06-01T22:41:00+03:00,4688,4688,4688,4688,23
MOEX:PHOR,2021-06-01T22:42:00+03:00,4688,4688,4688,4688,20
MOEX:PHOR,2021-06-01T22:43:00+03:00,4688,4688,4688,4688,11
MOEX:PHOR,2021-06-01T22:44:00+03:00,4688,4688,4688,4688,1
MOEX:PHOR,2021-06-01T22:45:00+03:00,4688,4688,4685,4685,5
MOEX:PHOR,2021-06-01T22:46:00+03:00,4688,4688,4688,4688,90
MOEX:PHOR,2021-06-01T22:47:00+03:00,4690,4690,4690,4690,3
MOEX:PHOR,2021-06-01T22:48:00+03:00,4691,4691,4691,4691,2
MOEX:PHOR,2021-06-01T22:49:00+03:00,4688,4691,4688,4691,21
MOEX:PHOR,2021-06-01T22:50:00+03:00,4688,4688,4685,4685,4
MOEX:PHOR,2021-06-01T22:53:00+03:00,4686,4686,4686,4686,2
MOEX:PHOR,2021-06-01T22:54:00+03:00,4689,4689,4689,4689,2
MOEX:PHOR,2021-06-01T22:55:00+03:00,4686,4688,4684,4688,22
MOEX:PHOR,2021-06-01T22:57:00+03:00,4687,4687,4687,4687,3
MOEX:PHOR,2021-06-01T23:03:00+03:00,4684,4684,4683,4683,7
MOEX:PHOR,2021-06-01T23:04:00+03:00,4684,4684,4684,4684,2
MOEX:PHOR,2021-06-01T23:06:00+03:00,4684,4687,4683,4683,15
MOEX:PHOR,2021-06-01T23:07:00+03:00,4683,4683,4683,4683,2
MOEX:PHOR,2021-06-01T23:08:00+03:00,4683,4683,4683,4683,2
MOEX:PHOR,2021-06-01T23:12:00+03:00,4687,4688,4687,4688,56
MOEX:PHOR,2021-06-01T23:13:00+03:00,4689,4690,4689,4690,44
MOEX:PHOR,2021-06-01T23:16:00+03:00,4690,4691,4690,4691,3
MOEX:PHOR,2021-06-01T23:18:00+03:00,4691,4691,4691,4691,11
MOEX:PHOR,2021-06-01T23:20:00+03:00,4687,4690,4687,4690,2
MOEX:PHOR,2021-06-01T23:22:00+03:00,4690,4690,4690,4690,5
MOEX:PHOR,2021-06-01T23:24:00+03:00,4690,4690,4690,4690,8
MOEX:PHOR,2021-06-01T23:25:00+03:00,4690,4690,4690,4690,5
MOEX:PHOR,2021-06-01T23:26:00+03:00,4690,4690,4690,4690,4
MOEX:PHOR,2021-06-01T23:27:00+03:00,4690,4690,4690,4690,1
MOEX:PHOR,2021-06-01T23:28:00+03:00,4685,4685,4683,4683,23
MOEX:PHOR,2021-06-01T23:29:00+03:00,4683,4688,4682,4688,46
MOEX:PHOR,2021-06-01T23:30:00+03:00,4688,4688,4688,4688,1
MOEX:PHOR,2021-06-01T23:31:00+03:00,4683,4688,4683,4688,50
MOEX:PHOR,2021-06-01T23:32:00+03:00,4683,4683,4683,4683,45
MOEX:PHOR,2021-06-01T23:33:00+03:00,4688,4688,4688,4688,2
MOEX:PHOR,2021-06-01T23:34:00+03:00,4689,4689,4689,4689,6
MOEX:PHOR,2021-06-01T23:35:00+03:00,4689,4689,4689,4689,18
MOEX:PHOR,2021-06-01T23:38:00+03:00,4689,4689,4689,4689,1
MOEX:PHOR,2021-06-01T23:39:00+03:00,4690,4690,4690,4690,3
MOEX:PHOR,2021-06-01T23:41:00+03:00,4690,4691,4690,4691,4
MOEX:PHOR,2021-06-01T23:42:00+03:00,4691,4691,4684,4684,60
MOEX:PHOR,2021-06-01T23:43:00+03:00,4690,4690,4690,4690,1
MOEX:PHOR,2021-06-01T23:44:00+03:00,4690,4691,4690,4691,111
MOEX:PHOR,2021-06-01T23:45:00+03:00,4692,4692,4692,4692,17
MOEX:PHOR,2021-06-01T23:47:00+03:00,4692,4692,4686,4686,109
MOEX:PHOR,2021-06-01T23:49:00+03:00,4693,4693,4693,4693,55
